A0 0.3656 -12 64 330 287
A0 0.2335 -75 35 341 324
A0 0.1592 41 90 327 324
A0 0.0917 -40 49 340 229
B1 0.0859 -66 14 378 331
A0 0.0500 34 7 340 108
A0 0.0387 2 60 223 308
A0 0.0282 -1 4 324 206
A0 0.0204 75 135 309 313
B1 0.0147 -5 47 375 277
K0 0.0141 -1 7 24 233
B1 0.0141 -1 -28 25 237
F2 0.0125 0 29 383 307
B1 0.0124 317 64 328 290
B2 0.0108 63 99 292 315
E3 0.0095 -2 0 46 239
B1 0.0087 309 46 329 304
C2 0.0084 0 284 32 321
C3 0.0081 -1 35 16 84
K0 0.0080 -2 -37 33 245
A0 0.0063 -2 -2 43 194
A0 0.0054 -2 -1 56 249
E2 0.0050 47 -1 325 105
C2 0.0038 238 306 275 331
A0 0.0036 12 253 307 337
C2 0.0030 292 259 327 327
K0 0.0030 30 0 72 96
B1 0.0023 -2 -9 19 209
A0 0.0023 -2 1 72 304
C2 0.0022 176 312 221 330
H3 0.0022 -5 32 375 279
C2 0.0022 0 238 18 270
K0 0.0021 -5 -44 63 267
R0 0.0021 66 3 327 128
E2 0.0019 68 0 282 65
K0 0.0018 -1 89 21 346
E3 0.0017 -2 2 44 138
A0 0.0016 2 0 74 153
A0 0.0015 -41 116 299 333
K0 0.0015 -1 118 18 279
C3 0.0015 0 194 18 240
C0 0.0015 -24 135 288 332
G3 0.0014 0 102 16 216
A0 0.0013 24 301 280 331
C2 0.0013 176 320 216 330
A0 0.0012 -131 59 394 382
B2 0.0012 65 183 305 308
B1 0.0012 299 37 328 312
K0 0.0011 314 55 327 146
R0 0.0011 65 0 329 65
K0 0.0011 -1 0 71 97
E3 0.0011 70 0 325 55
N0 0.0011 319 85 328 241
A0 0.0011 0 45 18 254
A0 0.0011 66 0 327 60
C2 0.0010 0 286 47 325
E3 0.0010 -2 4 61 105
K0 0.0010 -1 34 16 86
C0 0.0010 30 302 270 332
G3 0.0010 0 76 16 174
A0 0.0010 -1 15 17 150
E2 0.0010 -8 210 322 355
A0 0.0010 -8 -96 79 313
A0 0.0010 -1 35 17 89
