R0 0.2370 91 200 308 638
R0 0.2208 351 77 689 597
R0 0.1091 243 114 534 643
R0 0.1013 353 115 527 548
A0 0.0970 886 -1 1023 240
R0 0.0701 89 -5 795 640
R0 0.0568 161 184 304 626
R0 0.0563 437 30 713 586
R0 0.0519 470 14 795 562
O0 0.0496 890 -3 1024 238
C0 0.0480 467 75 625 373
I0 0.0428 73 -2 790 640
R0 0.0374 246 119 419 634
G0 0.0365 66 0 788 636
K0 0.0347 468 68 625 380
D0 0.0339 468 24 795 550
B1 0.0290 90 183 306 643
B0 0.0255 160 -2 652 191
B1 0.0254 246 109 530 636
B1 0.0235 350 122 527 553
C3 0.0229 455 26 792 548
C0 0.0221 346 117 530 587
H3 0.0207 351 116 527 568
R0 0.0201 468 73 628 376
J0 0.0191 93 209 307 634
J0 0.0175 248 129 415 628
A0 0.0169 349 109 687 593
C0 0.0164 890 -4 1023 236
C0 0.0160 167 -2 665 193
C3 0.0147 93 207 306 636
H3 0.0130 462 16 798 534
B1 0.0123 138 -5 630 210
R0 0.0107 353 28 629 489
R0 0.0102 173 187 274 437
R0 0.0100 214 40 629 641
C0 0.0099 352 68 629 379
R0 0.0090 372 68 629 387
B0 0.0087 97 -9 786 638
B3 0.0086 884 -1 1022 237
R0 0.0081 5 3 1009 729
R0 0.0081 171 167 287 532
R0 0.0073 218 56 456 667
C3 0.0064 890 -4 1023 242
I0 0.0061 89 205 311 636
K0 0.0057 326 97 725 606
H3 0.0055 468 35 633 407
D1 0.0051 139 -12 606 200
H3 0.0041 89 201 313 628
C0 0.0039 235 100 593 636
K0 0.0039 894 -3 1021 245
L0 0.0034 129 -11 632 185
G0 0.0032 91 180 319 631
I0 0.0032 104 111 460 645
R0 0.0028 -15 464 1053 773
B3 0.0028 99 214 279 606
B3 0.0027 141 -5 628 207
Q0 0.0025 454 29 796 553
C2 0.0022 143 127 258 226
H3 0.0022 354 44 634 382
C0 0.0021 942 6 1016 237
G0 0.0021 373 26 797 563
C3 0.0021 145 125 256 228
R0 0.0020 -10 581 990 816
K0 0.0018 512 36 797 533
B1 0.0017 511 26 799 554
C2 0.0016 895 14 1024 220
N0 0.0015 133 4 646 231
R0 0.0015 116 612 937 758
E3 0.0014 905 8 1026 262
Q0 0.0014 137 0 648 234
B0 0.0014 472 50 798 540
H3 0.0012 151 -2 538 679
R0 0.0012 147 74 436 592
R0 0.0011 93 25 293 579
E2 0.0011 666 -11 1023 390
C2 0.0010 355 121 479 339
C2 0.0010 174 203 271 440
