A0 0.1305 3 185 496 705
E3 0.0456 4 129 512 700
Q0 0.0234 -1 351 518 1024
J0 0.0201 17 299 498 698
R0 0.0151 2 359 518 1022
C3 0.0144 6 282 475 687
E3 0.0138 2 301 521 1015
Q0 0.0131 -1 1 341 373
A2 0.0093 -26 600 505 1035
Q0 0.0091 -3 608 509 1022
I3 0.0084 -11 132 507 736
R0 0.0066 316 -4 552 308
R0 0.0060 0 -1 347 373
H3 0.0059 1 116 495 723
Q0 0.0057 -5 126 515 722
E3 0.0053 13 638 495 1022
C3 0.0048 41 649 494 1028
C3 0.0047 432 360 513 486
R0 0.0043 98 0 346 339
F2 0.0034 -16 553 492 1041
B1 0.0028 460 1 535 26
I3 0.0026 60 235 524 650
E3 0.0021 41 13 362 367
C2 0.0018 465 0 533 28
C3 0.0018 -1 361 66 573
E3 0.0016 76 736 472 1006
G0 0.0014 -8 -4 413 323
C3 0.0014 -32 487 518 1049
B3 0.0012 120 2 354 373
C3 0.0012 123 1000 183 1023
B2 0.0011 0 924 70 1021
C3 0.0011 491 986 534 1024
B2 0.0010 155 1002 252 1023
