E3 0.2781 9 201 743 869
A0 0.1332 7 197 744 862
A2 0.0560 -16 261 742 839
A3 0.0545 3 324 734 825
B2 0.0434 45 204 733 397
A3 0.0408 -35 134 759 869
C3 0.0288 19 329 715 820
Q0 0.0241 80 826 526 998
Q0 0.0117 5 722 738 1001
E3 0.0103 48 797 668 996
E3 0.0071 66 826 520 1001
E3 0.0064 0 6 481 310
E3 0.0062 4 674 738 1003
F2 0.0043 -31 264 733 823
A0 0.0043 14 308 599 826
E3 0.0039 18 745 537 1000
B2 0.0036 21 151 753 800
E3 0.0026 281 678 743 994
E3 0.0026 -32 4 636 343
K0 0.0025 148 208 723 388
E3 0.0024 74 857 783 1004
E3 0.0020 151 725 790 1003
R0 0.0015 73 3 491 305
R0 0.0015 -38 4 546 261
C3 0.0014 14 449 754 918
B2 0.0014 99 836 508 999
A0 0.0012 236 213 761 839
E3 0.0012 183 127 235 205
B2 0.0011 14 187 732 597
D1 0.0011 326 0 517 60
F2 0.0010 108 728 637 876
