A0 0.1706 2 -7 325 230
Q0 0.0301 7 0 322 221
A0 0.0218 4 1 185 207
C2 0.0212 0 20 30 56
K0 0.0144 -1 4 114 216
K0 0.0139 -2 14 185 210
K0 0.0091 1 4 65 224
K0 0.0085 284 -8 325 221
C2 0.0064 142 50 190 73
K0 0.0061 0 30 41 214
K0 0.0061 -16 5 243 236
C3 0.0055 0 21 30 56
A3 0.0047 19 2 347 208
B2 0.0041 25 5 359 231
K0 0.0041 -10 -13 150 241
K0 0.0037 241 -24 324 243
B2 0.0030 282 -9 326 230
A0 0.0027 285 8 326 193
F2 0.0026 15 4 338 230
D2 0.0025 284 5 325 199
F2 0.0024 68 -6 328 130
K0 0.0024 311 9 325 215
C3 0.0023 -76 1 385 231
F2 0.0022 9 49 286 201
H3 0.0021 0 12 328 236
H0 0.0020 2 -10 350 231
N0 0.0019 285 8 326 190
F2 0.0019 -26 24 236 231
K0 0.0019 40 -6 188 194
K0 0.0018 -33 17 325 197
K0 0.0018 286 8 325 143
F2 0.0017 -19 -21 303 204
Q0 0.0017 -1 136 327 242
K0 0.0017 314 14 326 174
F2 0.0016 64 -3 183 191
C3 0.0016 58 -3 326 126
K0 0.0015 -82 -1 317 256
B0 0.0014 281 3 326 227
F2 0.0013 -47 -13 389 249
K0 0.0013 0 47 27 206
C3 0.0013 16 3 310 218
C3 0.0011 -19 -62 322 251
K0 0.0011 271 -29 326 256
Q0 0.0011 -3 175 327 242
K0 0.0011 0 104 27 232
C0 0.0011 206 7 290 38
C0 0.0011 100 6 264 116
C0 0.0010 202 5 326 45
