R0 0.4573 142 -8 558 312
R0 0.3260 532 -3 797 398
Q0 0.3197 525 -3 789 394
C2 0.0422 470 239 549 337
C3 0.0176 654 366 728 400
H3 0.0156 129 -6 552 319
O0 0.0121 632 273 784 398
C2 0.0111 491 240 548 308
J0 0.0096 522 -22 774 407
A0 0.0088 134 0 562 308
Q0 0.0074 135 -2 562 306
B0 0.0066 636 274 777 397
B1 0.0063 640 275 776 395
R0 0.0059 629 6 801 394
C0 0.0053 635 273 778 395
C3 0.0051 671 237 734 279
G0 0.0049 132 2 567 307
P0 0.0048 634 273 782 399
C3 0.0046 708 132 802 178
R0 0.0043 469 -6 644 349
R0 0.0037 475 -12 722 364
I0 0.0037 620 271 798 393
C0 0.0035 670 214 756 281
C3 0.0034 721 365 800 399
E3 0.0033 610 260 794 393
B3 0.0032 630 272 789 402
C0 0.0031 669 210 800 293
G0 0.0029 626 5 804 386
B3 0.0029 666 205 800 298
B3 0.0029 668 213 781 284
O0 0.0026 666 214 760 282
H3 0.0025 630 271 790 401
C3 0.0025 669 272 768 378
I0 0.0022 615 125 799 388
C2 0.0021 722 365 802 399
R0 0.0020 370 -4 796 392
Q0 0.0020 667 10 798 368
R0 0.0020 42 -3 757 385
O0 0.0018 612 244 799 412
R0 0.0017 116 297 518 392
C3 0.0017 671 216 738 279
C3 0.0016 750 209 799 291
J0 0.0015 470 -8 642 347
C0 0.0014 739 209 801 290
R0 0.0014 412 290 815 611
C3 0.0013 782 216 800 263
Q0 0.0013 119 285 497 395
R0 0.0012 684 102 799 240
C2 0.0011 672 275 766 339
G0 0.0011 375 0 802 394
C3 0.0011 471 287 506 334
B1 0.0010 781 215 800 266
R0 0.0010 675 90 801 309
E3 0.0010 561 218 793 485
C0 0.0010 653 366 726 401
B2 0.0010 722 366 800 399
