K0 0.2970 199 -1 297 199
D2 0.1046 285 148 520 802
C2 0.0997 552 901 703 1022
K0 0.0697 552 892 700 1022
A3 0.0694 286 148 515 734
B2 0.0503 289 148 521 799
C2 0.0484 197 4 300 193
C3 0.0422 552 902 701 1023
K0 0.0420 285 147 514 721
E3 0.0316 -17 2 768 1016
E3 0.0256 145 26 610 961
K0 0.0217 383 65 525 163
K0 0.0171 200 -1 347 200
N0 0.0164 201 -1 299 189
A0 0.0158 -8 -17 773 1019
G3 0.0151 198 3 299 197
C3 0.0145 199 0 299 203
C3 0.0103 289 168 525 795
C3 0.0072 388 64 526 162
A0 0.0058 294 78 768 809
K0 0.0056 270 1 758 169
G3 0.0043 202 1 750 205
K0 0.0041 503 0 750 144
K0 0.0038 384 26 652 166
E3 0.0031 359 25 789 934
C3 0.0029 506 134 605 244
K0 0.0029 254 148 466 793
G3 0.0028 384 64 525 163
C3 0.0027 483 0 751 146
C0 0.0026 2 0 309 423
Q0 0.0026 196 0 747 203
A0 0.0025 439 109 774 777
K0 0.0024 356 29 541 178
A0 0.0024 36 -27 543 559
K0 0.0024 316 7 568 172
C2 0.0023 558 952 686 1021
C2 0.0022 556 979 697 1024
L0 0.0019 0 -4 307 403
D2 0.0019 455 99 766 794
C3 0.0018 558 952 699 1025
E3 0.0018 208 877 733 1023
K0 0.0018 381 56 525 215
K0 0.0018 290 134 590 811
E3 0.0017 205 1 751 198
E3 0.0017 3 845 669 1022
A0 0.0017 33 94 564 873
F2 0.0015 161 -1 719 170
C0 0.0015 547 900 758 1025
K0 0.0014 197 -2 639 204
C3 0.0014 559 990 704 1023
F2 0.0013 8 0 316 439
K0 0.0013 264 87 746 821
C3 0.0013 202 59 295 198
E3 0.0012 473 0 756 163
C2 0.0012 558 914 671 1015
E3 0.0011 258 812 804 1025
E3 0.0011 211 20 821 1026
K0 0.0010 551 819 758 1020
K0 0.0010 203 0 450 200
