R0 0.3126 98 776 488 1027
A0 0.1912 108 122 441 772
A0 0.1113 43 713 268 921
C0 0.0503 41 712 264 919
K0 0.0232 41 710 262 925
J0 0.0136 93 770 492 1025
A0 0.0100 29 44 408 839
A0 0.0094 43 131 312 780
R0 0.0082 134 63 452 810
R0 0.0081 106 772 356 1026
C3 0.0076 214 -1 300 111
C2 0.0068 268 0 397 98
A0 0.0052 30 87 180 792
J0 0.0050 44 710 258 922
C3 0.0038 268 0 395 100
R0 0.0037 48 697 283 972
C3 0.0037 310 69 413 129
C0 0.0031 43 710 187 919
J0 0.0029 108 770 303 1025
K0 0.0029 41 711 172 922
C3 0.0028 180 752 240 869
A0 0.0028 -4 0 309 132
H3 0.0025 30 73 172 793
A0 0.0025 248 93 451 770
E3 0.0025 62 680 528 1019
K0 0.0025 -53 -1 426 133
C3 0.0023 39 718 179 898
E3 0.0022 -4 2 362 418
C3 0.0020 56 790 167 917
K0 0.0019 0 0 307 128
R0 0.0019 215 781 484 1014
C0 0.0017 184 751 240 868
H3 0.0017 29 16 331 869
C2 0.0017 389 49 483 175
H3 0.0017 21 52 461 763
A0 0.0016 286 29 465 279
C2 0.0016 446 168 484 277
R0 0.0015 65 682 484 1013
Q0 0.0014 28 84 456 753
E3 0.0014 -80 695 662 1019
R0 0.0014 269 0 490 180
R0 0.0013 41 93 450 920
C3 0.0013 211 990 279 1024
R0 0.0013 -2 776 71 1025
R0 0.0013 178 767 445 969
C3 0.0012 -1 412 47 564
C3 0.0010 0 624 62 796
C2 0.0010 0 778 70 1015
E3 0.0010 -7 0 384 280
