A0 0.1424 1 -7 356 338
A0 0.0889 98 122 281 309
D1 0.0784 9 78 284 169
K0 0.0599 300 131 354 317
D1 0.0581 55 -34 139 340
B1 0.0580 240 118 352 328
D1 0.0526 31 -55 177 316
B1 0.0456 288 127 354 320
D1 0.0421 -19 62 313 187
B1 0.0399 58 -15 130 355
B1 0.0353 65 47 128 323
A0 0.0333 47 62 314 321
K0 0.0318 329 139 355 306
D1 0.0291 1 111 52 305
A0 0.0249 98 57 257 334
K0 0.0247 233 106 347 331
B1 0.0234 0 110 50 308
D1 0.0228 50 90 267 157
B1 0.0217 47 91 87 308
D1 0.0202 0 133 17 282
D1 0.0197 46 92 87 312
K0 0.0139 84 68 194 319
K0 0.0121 92 82 155 313
D1 0.0109 -15 -80 186 337
D1 0.0099 55 -17 152 249
B2 0.0095 0 139 16 279
D1 0.0092 236 -5 328 265
K0 0.0090 334 160 354 298
K0 0.0088 61 40 242 349
B1 0.0086 25 104 67 314
D1 0.0084 31 103 69 310
F2 0.0083 77 102 262 156
K0 0.0083 32 104 74 306
B1 0.0082 307 117 354 307
B1 0.0080 0 131 16 289
K0 0.0070 97 66 301 327
L0 0.0067 -28 -15 323 240
L0 0.0067 43 -2 278 241
K0 0.0064 66 37 129 329
D1 0.0059 40 -94 143 408
A0 0.0055 84 -10 365 256
D1 0.0051 66 50 265 192
K0 0.0045 36 90 90 307
R0 0.0044 0 271 357 340
C0 0.0043 233 -12 352 274
B2 0.0042 0 103 55 309
A0 0.0036 50 -2 151 314
A0 0.0034 18 -12 254 317
K0 0.0033 66 6 337 329
E3 0.0032 0 -2 118 136
F2 0.0032 14 81 285 168
K0 0.0031 33 -44 163 376
B1 0.0030 331 132 354 297
D1 0.0029 -6 -15 295 239
K0 0.0029 82 27 148 328
H3 0.0027 89 -3 263 249
K0 0.0025 126 107 245 262
Q0 0.0024 0 0 275 131
A0 0.0023 79 110 357 326
N0 0.0023 0 124 19 295
A0 0.0022 108 38 358 207
K0 0.0020 92 34 368 246
A0 0.0020 106 103 254 284
C0 0.0019 91 40 261 200
B0 0.0018 61 -2 152 309
R0 0.0018 0 -2 120 133
Q0 0.0017 0 1 119 133
K0 0.0017 273 116 351 330
H3 0.0017 0 0 149 311
E2 0.0016 241 -7 358 166
H0 0.0016 223 -22 356 304
K0 0.0016 134 132 275 247
A0 0.0015 0 -4 147 314
C3 0.0015 0 142 15 170
R0 0.0015 93 -19 256 118
K0 0.0015 0 138 16 278
Q0 0.0014 262 -1 351 153
E3 0.0014 0 0 255 135
D1 0.0014 222 -47 322 332
K0 0.0014 110 131 311 318
N0 0.0014 -1 107 58 309
K0 0.0013 97 124 143 305
E2 0.0013 6 288 246 343
L0 0.0012 241 -1 355 169
A0 0.0012 124 139 265 270
K0 0.0012 223 39 353 353
E2 0.0012 62 282 294 346
K0 0.0011 220 117 292 317
R0 0.0011 1 -1 282 135
B0 0.0011 1 0 146 306
C2 0.0010 272 -17 383 97
E2 0.0010 265 8 353 153
C3 0.0010 136 135 245 257
C3 0.0010 19 146 314 330
Q0 0.0010 59 1 285 112
