C0 0.1299 145 171 783 772
C0 0.1274 46 221 717 872
D0 0.0873 50 240 712 879
H3 0.0686 174 145 793 742
H3 0.0517 8 122 775 883
B0 0.0442 41 171 744 871
B0 0.0263 222 142 777 700
A0 0.0210 75 149 766 861
D0 0.0130 176 207 778 764
R0 0.0058 218 855 729 1017
K0 0.0047 157 138 811 645
N0 0.0045 66 153 767 865
L0 0.0045 68 127 677 911
Q0 0.0041 58 2 687 141
Q0 0.0038 62 17 716 201
Q0 0.0032 79 -2 662 77
R0 0.0029 350 799 761 1015
I0 0.0027 -4 845 781 1014
R0 0.0027 23 805 800 1021
G3 0.0026 -124 821 798 1015
R0 0.0024 58 151 781 890
C0 0.0021 262 141 782 650
I0 0.0020 149 888 768 1017
C3 0.0018 633 589 766 691
G3 0.0012 208 896 767 1016
M0 0.0011 141 20 168 63
I0 0.0011 14 2 303 115
I0 0.0010 -42 885 666 1020
I0 0.0010 387 912 483 958
Q0 0.0010 -12 0 382 70
