A0 0.7041 213 92 761 448
K0 0.0877 184 98 727 431
K0 0.0804 877 235 1024 425
Q0 0.0438 405 -2 744 83
Q0 0.0414 194 77 754 564
A0 0.0369 223 181 710 554
Q0 0.0307 1 0 406 569
R0 0.0234 0 30 310 535
C0 0.0219 828 552 1021 576
I3 0.0199 413 1 744 86
N0 0.0189 876 238 1025 406
K0 0.0181 217 205 738 481
Q0 0.0157 276 61 724 253
Q0 0.0141 2 22 798 574
J0 0.0134 413 2 741 84
Q0 0.0125 -8 0 415 233
R0 0.0123 -3 -2 425 237
C3 0.0101 878 239 1025 408
K0 0.0083 305 98 714 345
O0 0.0067 814 550 1025 581
C3 0.0064 412 1 748 84
O0 0.0054 820 556 1010 577
C3 0.0045 819 551 1032 577
Q0 0.0044 -3 -3 745 263
A0 0.0044 362 99 750 485
C3 0.0040 192 352 310 411
C3 0.0038 408 100 507 167
Q0 0.0036 178 107 1034 566
C3 0.0035 659 -2 744 84
K0 0.0034 613 174 742 525
C3 0.0033 429 39 501 76
I3 0.0033 294 70 733 274
Q0 0.0033 320 10 748 178
C3 0.0032 399 1 716 60
A0 0.0031 294 71 727 287
J0 0.0027 12 -6 433 236
A3 0.0025 411 1 750 82
K0 0.0025 269 256 746 455
R0 0.0023 290 65 740 263
O0 0.0021 828 479 1031 589
K0 0.0019 560 182 751 533
J0 0.0017 242 389 712 580
R0 0.0016 242 386 694 565
R0 0.0016 711 2 1020 343
Q0 0.0016 251 235 1027 574
C3 0.0015 246 384 708 577
Q0 0.0015 106 8 764 137
Q0 0.0013 382 -132 763 100
E3 0.0013 302 217 1033 568
H3 0.0012 233 388 700 555
Q0 0.0011 388 -3 1022 90
C3 0.0011 653 156 717 291
O0 0.0011 839 452 1011 577
Q0 0.0010 195 32 658 160
