A0 0.3822 -7 -4 471 223
A0 0.2326 -35 43 489 301
A0 0.1262 49 23 401 337
K0 0.1012 -109 21 585 308
A0 0.0920 21 -2 454 152
A0 0.0918 25 91 434 316
K0 0.0822 -52 79 529 175
K0 0.0688 -61 68 533 221
K0 0.0568 22 86 428 169
A0 0.0338 72 132 474 310
K0 0.0281 -104 29 576 186
A0 0.0144 -78 -5 569 157
H3 0.0126 6 -3 520 334
C3 0.0112 -37 85 501 314
K0 0.0084 0 76 78 300
C3 0.0079 414 306 482 351
A3 0.0073 25 114 470 317
C0 0.0068 496 80 520 184
K0 0.0063 32 39 418 180
C3 0.0060 496 105 521 166
C2 0.0056 416 306 482 351
A0 0.0048 84 -4 510 330
K0 0.0044 93 58 483 224
C3 0.0042 498 108 521 147
K0 0.0031 471 94 520 352
E0 0.0031 -54 71 537 350
C0 0.0031 504 93 521 115
A3 0.0027 -5 -13 584 166
C3 0.0026 29 122 426 326
A0 0.0024 485 74 520 331
G3 0.0023 0 76 79 299
H3 0.0022 495 90 521 194
C3 0.0021 497 148 521 188
N0 0.0019 -1 77 78 299
B1 0.0017 486 81 519 323
R0 0.0016 0 273 494 347
C2 0.0015 344 -83 402 -56
H3 0.0015 490 67 521 314
A0 0.0014 72 8 496 192
H3 0.0014 1 122 516 341
K0 0.0014 3 78 50 294
K0 0.0013 -1 3 44 78
K0 0.0013 27 70 83 303
Q0 0.0013 -4 278 504 347
B2 0.0013 15 -13 493 138
C3 0.0013 496 107 521 206
K0 0.0012 42 58 99 312
E3 0.0012 474 96 521 351
O0 0.0012 473 97 521 349
K0 0.0012 414 117 521 341
D2 0.0012 345 -83 407 -55
G3 0.0011 105 103 309 151
H3 0.0011 -16 283 520 350
B0 0.0011 2 4 510 79
C3 0.0010 497 40 520 80
B2 0.0010 347 -85 409 -56
