A0 0.6129 107 69 481 379
E3 0.0734 2 -2 622 369
E3 0.0405 71 55 530 366
C3 0.0400 575 340 635 372
R0 0.0378 357 -4 639 240
F2 0.0265 0 73 53 223
A0 0.0263 3 0 143 125
K0 0.0245 1 0 143 126
P0 0.0189 6 -1 143 127
A0 0.0163 103 0 481 122
J0 0.0162 360 -2 638 241
C2 0.0159 84 0 157 58
H3 0.0157 540 1 634 246
B2 0.0154 0 72 53 219
H0 0.0153 5 -1 143 125
C3 0.0142 346 -2 641 242
C0 0.0128 542 0 634 247
K0 0.0110 0 70 53 219
I3 0.0107 575 341 633 373
B2 0.0105 94 1 488 111
A3 0.0103 4 -1 144 126
H3 0.0091 539 78 634 360
C0 0.0064 0 68 56 226
C2 0.0061 0 73 52 149
Q0 0.0060 540 2 633 248
H3 0.0056 575 339 633 372
E3 0.0051 6 -2 626 228
H3 0.0050 482 80 633 364
C3 0.0045 1 154 152 369
C0 0.0039 540 89 633 378
C0 0.0039 574 341 633 372
C2 0.0038 0 66 53 208
C3 0.0037 -1 63 54 224
J0 0.0036 544 0 633 245
E3 0.0031 0 160 154 369
A3 0.0031 0 70 53 219
R0 0.0030 0 157 149 370
B1 0.0029 3 -1 143 127
A3 0.0028 0 156 145 367
N0 0.0028 0 35 54 260
A3 0.0027 72 -2 507 102
Q0 0.0026 540 68 634 368
C0 0.0025 544 96 633 246
A0 0.0024 -3 56 540 370
H3 0.0024 543 116 633 247
Q0 0.0021 -1 164 151 367
C3 0.0020 6 -10 145 124
B2 0.0019 81 0 183 58
A0 0.0017 228 65 488 369
I3 0.0017 572 323 633 463
C0 0.0016 575 2 631 205
C3 0.0015 577 108 627 172
C3 0.0015 471 276 512 334
J0 0.0015 2 157 156 369
C0 0.0015 -1 27 64 216
Q0 0.0015 514 -5 636 356
H3 0.0014 560 0 634 174
O0 0.0014 -1 61 48 223
C0 0.0013 602 0 633 84
N0 0.0013 19 -2 141 124
E3 0.0013 0 1 483 145
C3 0.0012 542 162 635 240
C3 0.0010 543 98 633 246
C2 0.0010 542 163 635 240
E3 0.0010 7 153 99 350
C0 0.0010 584 0 632 112
