A0 0.5184 14 60 637 384
A0 0.1065 -15 13 681 460
A0 0.1044 231 45 433 88
A0 0.0258 70 53 592 306
K0 0.0246 225 45 436 89
A0 0.0198 -123 -21 816 497
A0 0.0109 84 51 785 419
E2 0.0100 -135 1 829 497
E2 0.0069 -12 212 598 455
F2 0.0059 84 178 613 411
A3 0.0055 46 219 649 454
C3 0.0053 652 428 692 460
C3 0.0039 2 235 617 448
F2 0.0030 -20 139 714 435
F2 0.0030 -15 209 597 461
C3 0.0030 343 317 383 353
C2 0.0029 343 318 382 353
A0 0.0028 30 209 643 446
E2 0.0027 9 61 683 485
F2 0.0024 3 367 318 460
C2 0.0021 223 52 282 87
B2 0.0018 343 317 383 353
C3 0.0017 224 51 282 88
A0 0.0015 -9 63 391 462
C2 0.0015 253 47 441 89
B2 0.0014 224 51 280 87
A0 0.0011 -99 104 752 440
F2 0.0011 12 394 537 458
A0 0.0011 268 42 447 83
