A0 0.1163 4 25 393 391
A0 0.0669 38 34 368 190
K0 0.0435 52 32 353 189
H3 0.0306 3 28 391 393
A0 0.0217 66 27 277 188
K0 0.0084 72 22 267 187
A3 0.0054 -56 -28 419 455
A3 0.0045 -28 58 383 375
G3 0.0039 188 33 400 399
Q0 0.0038 6 17 394 393
E3 0.0034 271 31 395 396
K0 0.0034 59 21 206 193
C3 0.0031 68 41 395 192
H0 0.0027 -39 43 420 397
K0 0.0024 225 53 318 89
C3 0.0023 227 54 319 88
A3 0.0022 226 54 319 87
R0 0.0020 220 176 397 397
A3 0.0018 93 40 381 191
A0 0.0016 6 75 205 351
Q0 0.0015 235 114 398 397
B2 0.0013 375 55 397 375
F0 0.0013 75 36 402 395
E2 0.0013 64 11 440 428
E3 0.0013 223 111 398 398
L0 0.0012 44 265 398 397
B2 0.0012 360 57 397 405
A3 0.0011 12 16 463 409
K0 0.0011 65 42 174 197
C2 0.0011 229 56 310 89
E3 0.0011 182 38 397 395
H0 0.0011 73 7 444 432
