A0 0.4879 9 -3 320 180
A0 0.3778 -37 127 382 453
A0 0.1355 -104 93 437 495
A0 0.0730 0 -3 375 467
A0 0.0657 -89 -42 439 446
R0 0.0497 -96 76 439 448
H3 0.0447 -24 135 430 426
C0 0.0315 -23 119 432 487
G3 0.0211 243 266 286 369
E2 0.0167 -91 61 438 454
H3 0.0107 4 73 481 473
A0 0.0094 308 66 481 463
R0 0.0088 312 43 481 467
R0 0.0087 22 131 420 440
C0 0.0081 11 181 407 457
C3 0.0066 71 269 141 369
C0 0.0064 240 259 290 386
D0 0.0061 241 264 290 382
H3 0.0060 302 27 476 484
C0 0.0058 76 205 365 439
C3 0.0053 71 0 107 44
C2 0.0049 243 267 283 365
A0 0.0046 219 51 499 518
A0 0.0043 0 -2 333 269
C3 0.0043 0 124 15 176
N0 0.0042 71 269 139 364
A0 0.0033 283 0 482 545
G3 0.0027 70 0 106 44
N0 0.0026 242 266 288 371
E3 0.0025 280 383 475 474
B1 0.0025 0 60 11 144
C2 0.0025 444 380 479 465
E2 0.0025 -6 -3 291 19
B1 0.0024 0 57 14 183
E2 0.0024 20 220 359 460
C0 0.0024 136 149 375 432
C0 0.0022 220 202 311 400
E2 0.0021 -53 136 358 447
K0 0.0021 69 260 142 378
Q0 0.0019 2 -4 477 85
R0 0.0019 307 29 477 81
B2 0.0019 -5 -2 251 21
C3 0.0019 91 284 141 374
C3 0.0019 0 24 19 72
A0 0.0019 -1 -2 285 20
A0 0.0018 0 -2 471 63
R0 0.0016 246 -2 482 30
E2 0.0016 75 -3 263 17
B1 0.0015 0 12 21 138
A0 0.0015 19 73 481 470
F2 0.0015 -9 -2 256 19
R0 0.0013 -3 -3 478 92
G3 0.0013 93 288 140 375
E2 0.0012 197 -3 486 28
A0 0.0012 1 -4 471 117
G3 0.0012 224 401 478 475
K0 0.0012 20 167 179 411
E2 0.0012 208 -2 481 18
R0 0.0012 296 -2 474 40
C3 0.0011 103 325 140 375
C3 0.0011 240 264 292 384
K0 0.0011 0 -2 106 15
R0 0.0010 290 8 476 77
C3 0.0010 0 27 19 52
E3 0.0010 319 72 478 470
E3 0.0010 192 392 483 477
A0 0.0010 0 -4 404 34
