A0 0.4858 21 9 355 289
A0 0.1814 309 53 470 321
A0 0.1331 9 5 437 346
A3 0.1205 306 56 470 314
K0 0.0846 310 49 470 314
A0 0.0764 94 23 411 294
K0 0.0670 10 69 129 309
K0 0.0400 22 -4 330 334
K0 0.0277 122 16 403 334
C2 0.0230 55 28 129 65
C3 0.0222 302 51 467 316
C0 0.0204 141 10 403 338
C3 0.0197 91 -2 415 345
C3 0.0146 192 7 234 27
A0 0.0140 51 3 394 230
A3 0.0106 232 47 478 325
C2 0.0103 114 11 170 69
C3 0.0101 54 28 129 65
K0 0.0084 25 27 229 366
K0 0.0084 190 39 471 326
C0 0.0045 190 25 453 330
H3 0.0035 132 20 411 309
C2 0.0030 218 129 273 174
L0 0.0029 182 21 395 332
E3 0.0028 302 61 474 305
N0 0.0025 126 195 172 328
K0 0.0023 21 74 197 336
C3 0.0022 218 129 273 174
K0 0.0019 254 31 400 316
C3 0.0017 26 45 60 68
C2 0.0016 127 189 171 329
H3 0.0016 53 18 511 298
K0 0.0015 89 41 207 364
B0 0.0011 38 19 462 107
B0 0.0011 28 14 469 176
B0 0.0010 50 24 300 68
