A0 0.4550 -2 150 278 355
A0 0.4121 5 4 288 191
A0 0.2463 263 63 426 339
K0 0.1845 273 194 433 352
A0 0.1383 15 3 280 374
A0 0.0639 61 34 360 354
A0 0.0506 0 10 439 372
C2 0.0452 398 347 433 420
K0 0.0401 335 50 426 158
K0 0.0395 265 59 434 285
A0 0.0379 38 367 192 424
A0 0.0363 -30 78 291 352
C3 0.0190 39 367 191 424
K0 0.0129 -1 12 262 189
K0 0.0116 276 51 425 160
K0 0.0091 37 366 193 423
H3 0.0090 5 8 432 417
A0 0.0080 -5 -77 341 433
C2 0.0065 278 20 323 65
K0 0.0043 335 52 419 119
L0 0.0039 265 113 430 365
J0 0.0034 396 347 432 426
K0 0.0033 352 23 431 338
G3 0.0032 420 138 433 275
K0 0.0030 259 71 325 348
K0 0.0027 418 129 432 319
Q0 0.0026 198 328 422 425
K0 0.0025 260 37 411 356
H3 0.0022 0 144 268 372
K0 0.0021 377 78 432 325
K0 0.0021 402 79 433 331
A0 0.0020 224 31 440 372
K0 0.0020 265 120 432 363
C2 0.0019 47 369 166 421
K0 0.0018 416 68 433 313
A0 0.0018 4 -2 349 276
C3 0.0018 261 265 320 320
C3 0.0017 400 318 432 352
K0 0.0016 345 46 433 239
A0 0.0015 234 46 332 375
A0 0.0015 286 148 432 357
K0 0.0014 347 84 432 179
K0 0.0014 306 221 432 355
R0 0.0013 397 347 433 425
K0 0.0013 0 137 50 423
K0 0.0013 279 48 431 226
K0 0.0012 394 222 433 421
C2 0.0011 287 34 309 62
K0 0.0011 400 158 433 336
G3 0.0011 421 95 433 323
G3 0.0010 419 99 433 251
A0 0.0010 155 178 417 446
K0 0.0010 392 21 433 223
E0 0.0010 131 161 410 457
D2 0.0010 191 328 406 425
Q0 0.0010 33 366 194 423
