A0 0.0886 4 46 430 227
C3 0.0397 294 207 354 267
C3 0.0284 19 67 416 242
C2 0.0241 403 217 433 310
H3 0.0233 -9 -7 438 488
A0 0.0225 -9 0 438 485
Q0 0.0222 -4 -2 434 479
C0 0.0154 293 207 354 266
C2 0.0147 250 213 305 303
C3 0.0139 -8 36 443 322
Q0 0.0104 -3 14 436 220
R0 0.0093 -2 35 371 230
J0 0.0086 -1 44 477 229
H0 0.0076 -30 27 471 377
D0 0.0071 15 209 100 357
C0 0.0066 -34 19 478 411
C3 0.0064 82 206 144 245
Q0 0.0053 -13 27 440 322
C3 0.0048 -58 18 416 396
C0 0.0046 178 76 425 333
B2 0.0045 81 207 144 244
E0 0.0045 11 39 449 358
C0 0.0040 239 100 432 351
F2 0.0039 -18 29 402 201
C0 0.0035 15 208 100 356
C0 0.0035 130 131 443 492
C3 0.0032 403 215 433 314
C0 0.0030 301 125 432 358
J0 0.0029 -11 28 502 354
D1 0.0029 40 44 403 186
C2 0.0028 82 206 144 245
F2 0.0026 69 189 444 514
D1 0.0026 15 205 100 358
R0 0.0025 -5 406 443 490
C0 0.0025 -2 69 293 360
C0 0.0024 347 117 433 221
J0 0.0024 14 214 100 358
D1 0.0022 12 40 349 155
R0 0.0022 16 433 435 490
C0 0.0022 16 83 443 384
C3 0.0022 70 -4 387 88
E3 0.0022 73 0 433 92
C0 0.0021 33 38 443 228
Q0 0.0020 -4 0 278 95
A0 0.0020 68 -2 376 81
K0 0.0019 348 117 433 225
N0 0.0018 26 219 98 349
E2 0.0017 36 181 461 543
C0 0.0016 52 46 430 179
E3 0.0016 102 451 432 491
R0 0.0015 -8 1 444 504
Q0 0.0015 -7 -1 433 112
H3 0.0015 17 17 434 353
C0 0.0015 8 122 146 374
G3 0.0015 29 223 98 350
H0 0.0015 -103 1 489 457
D2 0.0015 40 206 457 522
H0 0.0014 117 158 465 523
E3 0.0014 107 419 433 489
F2 0.0013 73 -1 326 58
C3 0.0013 252 212 304 304
E3 0.0012 19 -1 435 125
R0 0.0012 -7 350 446 493
N0 0.0012 253 209 305 300
R0 0.0011 192 436 232 462
D0 0.0011 -15 422 437 490
F2 0.0011 -41 147 516 523
C0 0.0010 224 169 400 325
J0 0.0010 123 0 401 85
C3 0.0010 298 208 352 244
J0 0.0010 101 54 461 338
