A0 0.4491 192 44 789 517
Q0 0.0643 163 18 844 599
R0 0.0302 146 8 851 617
Q0 0.0109 93 -6 1004 674
R0 0.0091 75 -15 1031 746
H3 0.0081 230 10 870 476
K0 0.0060 146 405 297 625
R0 0.0036 312 148 1033 772
L0 0.0033 330 334 808 777
L0 0.0030 145 410 297 633
R0 0.0030 327 396 1027 773
F2 0.0027 360 349 798 778
E3 0.0023 331 397 1035 772
G3 0.0014 8 -89 82 53
R0 0.0013 112 344 982 767
L0 0.0012 354 377 669 758
C2 0.0011 654 -127 725 -71
Q0 0.0011 294 41 841 487
Q0 0.0010 769 46 1019 757
C0 0.0010 460 0 479 19
K0 0.0010 148 265 300 625
