A0 0.2020 38 -5 582 419
H0 0.0497 4 -52 583 470
Q0 0.0406 42 -1 584 414
E3 0.0331 50 -3 582 417
B2 0.0235 69 -6 530 453
R0 0.0217 16 -13 604 428
A3 0.0194 -26 -87 625 473
B2 0.0125 5 -108 629 458
A3 0.0115 60 37 543 433
H0 0.0108 65 -34 520 394
F2 0.0092 60 31 535 436
H3 0.0069 5 -17 609 432
A2 0.0059 95 114 525 424
A3 0.0056 -23 -42 649 318
E2 0.0049 -73 -137 698 529
R0 0.0037 49 -30 536 335
F2 0.0031 -8 -66 640 330
Q0 0.0014 0 4 81 348
A0 0.0012 115 112 529 430
I3 0.0011 573 362 623 522
