E0 0.3431 -4 0 200 108
A0 0.3197 -31 23 405 565
A0 0.2725 1 59 365 470
R0 0.2574 219 -1 443 157
A0 0.1834 -4 0 200 110
C3 0.0748 -5 0 197 107
L0 0.0723 -11 50 401 533
A0 0.0640 223 -1 441 158
K0 0.0531 72 69 377 520
K0 0.0489 200 86 377 486
K0 0.0253 -20 20 410 572
K0 0.0198 37 69 293 525
A0 0.0182 29 34 287 566
K0 0.0159 130 137 365 548
Q0 0.0158 223 1 432 165
J0 0.0118 226 -4 442 157
H3 0.0103 -12 33 439 489
K0 0.0101 273 89 372 447
Q0 0.0099 -4 1 194 105
B3 0.0092 2 -1 193 110
B1 0.0064 53 62 234 536
C0 0.0056 -1 483 138 529
K0 0.0046 17 8 227 584
K0 0.0038 59 106 231 524
K0 0.0035 14 102 75 293
O0 0.0030 -2 0 195 105
Q0 0.0027 3 472 446 531
A0 0.0026 38 66 371 333
H3 0.0026 1 -1 198 104
J0 0.0024 331 -2 458 161
B2 0.0022 276 82 329 114
A0 0.0019 11 49 237 503
Q0 0.0018 59 438 422 526
K0 0.0018 0 0 194 102
R0 0.0015 331 -4 496 171
C2 0.0014 0 498 46 528
K0 0.0012 2 0 192 59
Q0 0.0011 0 487 360 529
H3 0.0011 126 22 387 498
J0 0.0010 353 -2 480 181
