K0 0.3095 293 129 395 185
C3 0.1495 293 128 387 187
A3 0.0737 5 14 246 278
K0 0.0575 207 47 401 270
C2 0.0398 292 129 380 183
Q0 0.0338 17 16 231 275
K0 0.0326 275 111 391 204
B2 0.0320 8 23 235 286
B1 0.0300 367 111 412 209
E3 0.0276 17 15 231 276
K0 0.0237 203 48 333 279
K0 0.0236 72 15 355 282
K0 0.0204 237 91 397 225
K0 0.0190 45 8 245 277
A0 0.0187 8 13 412 276
K0 0.0142 112 13 235 279
A3 0.0125 17 30 168 280
Q0 0.0097 212 50 412 275
B1 0.0093 292 123 430 191
K0 0.0082 293 89 415 190
C3 0.0078 13 17 226 286
P0 0.0074 297 122 429 192
Q0 0.0072 9 15 406 275
P0 0.0055 366 114 412 210
C3 0.0046 18 24 162 280
K0 0.0044 93 16 278 289
O0 0.0040 12 15 234 278
A0 0.0040 15 13 232 277
P0 0.0038 330 116 417 211
K0 0.0036 287 60 400 205
B1 0.0036 396 121 412 200
C0 0.0035 352 102 413 202
B1 0.0035 350 97 411 205
K0 0.0034 27 -29 407 299
H0 0.0030 276 -63 414 62
K0 0.0030 140 40 342 277
H3 0.0027 6 22 414 277
C3 0.0019 400 122 412 182
C2 0.0019 294 131 350 181
K0 0.0018 352 101 402 196
M0 0.0017 2 13 410 280
A0 0.0017 217 65 403 279
R0 0.0016 207 45 415 277
F2 0.0016 11 4 237 272
C2 0.0015 276 -64 409 60
C0 0.0015 352 104 412 140
B3 0.0014 373 113 409 211
K0 0.0013 80 17 189 67
B0 0.0012 292 125 419 194
N0 0.0012 379 116 408 193
G3 0.0010 290 124 412 196
C2 0.0010 275 -47 383 54
