A0 0.1840 71 18 350 235
A0 0.1480 3 13 364 313
A0 0.1466 4 42 277 298
K0 0.1010 -73 7 352 269
A0 0.1002 -93 -38 385 337
K0 0.0555 -8 18 281 261
K0 0.0438 309 7 363 78
K0 0.0437 52 12 357 230
K0 0.0422 245 6 363 79
K0 0.0361 247 25 314 63
B1 0.0317 44 0 73 51
L0 0.0193 245 6 364 80
C0 0.0187 44 -1 72 51
K0 0.0176 -3 -1 163 66
K0 0.0171 246 17 338 65
K0 0.0166 340 19 363 80
H3 0.0127 1 15 366 322
P0 0.0126 41 0 73 55
B0 0.0116 43 0 73 54
C0 0.0097 244 6 363 80
A0 0.0090 100 22 379 294
K0 0.0086 0 56 71 132
P0 0.0083 246 7 363 80
K0 0.0082 31 0 82 59
C2 0.0078 0 -2 25 85
C2 0.0073 247 27 316 64
P0 0.0067 0 56 71 132
C0 0.0065 348 18 362 79
K0 0.0060 343 19 363 114
K0 0.0047 101 21 246 95
B0 0.0046 246 6 363 299
C3 0.0043 337 27 363 79
K0 0.0040 -1 92 178 270
K0 0.0036 0 -2 26 99
N0 0.0035 0 0 26 83
C3 0.0034 351 17 363 37
C3 0.0034 247 27 316 62
Q0 0.0033 5 212 359 324
K0 0.0032 50 0 157 66
I3 0.0030 0 -1 26 97
K0 0.0025 0 0 72 135
F2 0.0024 225 266 359 325
A0 0.0024 250 15 360 84
B0 0.0023 247 6 363 179
P0 0.0022 0 39 72 194
G3 0.0021 14 0 160 66
N0 0.0019 15 0 160 67
K0 0.0019 2 102 125 268
K0 0.0019 346 68 362 191
K0 0.0019 338 67 363 218
N0 0.0019 46 0 72 50
C3 0.0018 346 61 363 111
K0 0.0018 -1 -1 125 149
C3 0.0018 352 305 363 326
C0 0.0018 351 19 363 36
G3 0.0018 346 52 363 112
C3 0.0017 0 -1 26 101
Q0 0.0016 133 -2 363 65
A0 0.0015 250 8 361 167
A3 0.0015 220 265 363 325
K0 0.0015 328 80 362 267
A3 0.0014 -35 67 413 324
Q0 0.0014 4 -2 365 69
K0 0.0013 202 24 248 66
K0 0.0013 309 8 362 116
C3 0.0012 -35 68 391 336
L0 0.0012 2 -2 363 69
A0 0.0012 67 -23 422 247
K0 0.0012 301 88 362 272
K0 0.0012 21 0 98 63
K0 0.0011 19 -1 133 59
E3 0.0011 350 22 362 36
F2 0.0010 -52 64 408 350
R0 0.0010 3 -18 155 2
K0 0.0010 347 58 362 116
E3 0.0010 240 11 367 87
