A0 0.3306 30 106 373 399
A0 0.2431 67 27 357 261
C2 0.2185 351 313 411 386
A0 0.1387 11 0 433 421
A0 0.1386 -35 29 412 261
A0 0.1322 54 66 403 345
A0 0.0512 5 99 360 250
K0 0.0503 133 6 417 307
A0 0.0354 -10 93 426 481
C3 0.0334 350 310 411 394
A0 0.0278 51 181 368 419
E0 0.0216 351 311 411 394
K0 0.0200 346 124 435 434
A0 0.0156 182 16 413 296
A0 0.0127 345 123 436 437
H3 0.0113 9 -5 410 428
K0 0.0089 351 310 412 395
A0 0.0081 80 112 404 271
C2 0.0067 360 321 404 381
K0 0.0058 122 18 177 210
H3 0.0055 351 310 412 394
C2 0.0052 334 398 368 414
H3 0.0051 103 5 402 291
N0 0.0028 121 92 163 204
R0 0.0028 1 284 434 436
L0 0.0027 179 4 419 290
B2 0.0023 59 2 314 274
C2 0.0022 358 330 410 391
P0 0.0019 122 20 178 209
K0 0.0018 120 15 216 216
J0 0.0018 2 282 100 435
A0 0.0017 91 94 393 457
A2 0.0017 16 222 416 424
K0 0.0015 101 11 255 236
A3 0.0014 66 225 362 424
H3 0.0013 1 272 435 435
A0 0.0013 31 95 336 317
C0 0.0013 373 144 424 175
L0 0.0013 181 19 422 184
F2 0.0013 170 14 418 195
K0 0.0013 392 147 435 424
K0 0.0013 351 276 416 406
Q0 0.0012 1 -7 426 430
K0 0.0011 59 91 449 254
A0 0.0011 339 -1 434 431
C3 0.0011 278 136 325 207
H3 0.0011 4 296 137 431
K0 0.0011 352 139 424 179
E0 0.0010 349 238 433 421
A0 0.0010 44 104 270 396
C3 0.0010 337 298 425 431
K0 0.0010 330 128 406 424
R0 0.0010 342 -1 435 430
