A0 0.2081 5 46 447 374
A0 0.0708 50 64 367 307
A0 0.0323 73 101 344 378
A0 0.0147 4 25 416 276
A0 0.0081 -51 38 528 446
A0 0.0080 17 58 412 167
A0 0.0049 -76 26 501 316
C0 0.0039 82 14 444 101
E2 0.0039 -50 72 530 424
C0 0.0033 126 16 346 93
A0 0.0029 91 90 488 386
A0 0.0027 -26 39 503 212
K0 0.0024 17 65 422 126
A0 0.0023 19 4 448 113
A0 0.0022 154 37 457 421
E0 0.0021 65 17 354 93
K0 0.0021 31 68 416 109
R0 0.0021 -14 0 516 410
R0 0.0021 18 2 449 122
K0 0.0020 9 57 417 150
H3 0.0019 4 -2 451 165
A0 0.0019 15 137 410 391
H3 0.0019 -1 -34 448 299
E2 0.0013 54 63 497 119
C0 0.0013 76 71 501 101
E0 0.0012 14 17 402 121
A0 0.0012 231 76 443 384
D1 0.0011 85 7 498 106
K0 0.0011 293 -32 446 1
R0 0.0010 -1 -1 23 315
