E3 0.0752 233 -7 549 380
E3 0.0702 5 -14 539 422
A0 0.0619 4 -6 546 412
A0 0.0546 255 -4 505 325
E3 0.0210 -1 13 379 421
E3 0.0205 235 325 493 422
C0 0.0195 128 84 164 139
D2 0.0186 6 -6 540 417
F2 0.0177 74 10 366 454
A0 0.0133 273 60 546 378
C3 0.0122 248 2 516 329
R0 0.0116 285 62 544 370
K0 0.0098 72 -12 380 383
Q0 0.0087 6 -7 538 416
E3 0.0086 235 291 531 419
A0 0.0084 199 -4 554 396
Q0 0.0079 246 -6 551 379
R0 0.0077 -1 19 381 423
C0 0.0071 6 -13 541 423
E3 0.0066 433 280 548 417
P0 0.0058 51 -7 408 441
R0 0.0052 242 -9 554 384
K0 0.0049 0 155 65 424
E3 0.0045 156 310 511 472
A0 0.0044 34 4 410 467
B2 0.0040 95 355 142 383
A3 0.0039 204 323 497 427
C0 0.0038 0 -7 359 429
G3 0.0034 234 329 495 422
C2 0.0033 95 355 143 383
E3 0.0033 368 280 550 419
C3 0.0029 221 322 492 427
G3 0.0029 12 316 505 487
C3 0.0029 232 0 351 77
A2 0.0028 27 124 315 415
E3 0.0027 -1 186 60 426
C3 0.0026 534 0 549 59
K0 0.0023 533 0 548 64
F2 0.0023 17 95 322 431
N0 0.0023 6 -4 543 388
E2 0.0023 228 320 481 426
Q0 0.0022 481 -1 549 260
K0 0.0022 231 0 351 76
K0 0.0021 162 58 378 388
K0 0.0021 0 -2 96 85
B2 0.0020 211 78 255 130
G3 0.0018 0 1 183 82
G3 0.0018 -3 0 350 89
C3 0.0018 -2 0 100 79
E3 0.0018 -1 8 67 429
K0 0.0017 533 0 548 98
C2 0.0017 223 319 486 427
F2 0.0017 62 42 314 387
C2 0.0017 -3 0 100 81
G3 0.0017 18 329 502 429
K0 0.0016 244 -54 530 330
R0 0.0015 455 -4 549 412
H0 0.0015 -2 13 288 359
C3 0.0015 302 22 548 373
Q0 0.0015 233 281 546 421
K0 0.0014 96 -5 297 90
Q0 0.0014 383 -7 552 403
E3 0.0014 456 174 550 439
F2 0.0014 17 -69 399 383
K0 0.0013 19 -93 408 401
B2 0.0013 226 0 278 30
C2 0.0013 247 0 352 75
A0 0.0012 2 31 258 359
Q0 0.0011 460 -4 549 396
K0 0.0011 -5 -4 394 94
H0 0.0011 101 -44 412 309
A3 0.0011 533 0 549 58
C3 0.0011 534 -33 549 135
E3 0.0011 334 269 559 442
F2 0.0010 -22 0 325 382
G3 0.0010 41 372 503 472
N0 0.0010 192 -3 547 381
