L0 0.2001 2 8 371 313
C2 0.1069 45 140 112 195
A3 0.0990 3 143 127 301
G3 0.0565 46 141 113 196
G3 0.0381 121 40 151 128
A3 0.0254 73 6 324 293
D2 0.0241 2 2 372 358
E3 0.0198 0 6 371 310
B2 0.0148 0 173 127 300
A3 0.0141 225 188 368 373
C2 0.0129 119 202 145 238
B2 0.0116 87 34 300 310
E2 0.0091 45 138 111 197
A3 0.0090 214 88 321 294
G3 0.0088 121 53 145 126
E2 0.0082 84 23 299 311
A3 0.0081 122 55 315 306
G3 0.0076 121 24 158 137
F2 0.0070 224 169 372 378
H3 0.0056 3 -1 372 369
L0 0.0053 224 152 374 379
L0 0.0047 3 123 132 304
E3 0.0043 225 109 373 370
F2 0.0040 15 174 131 300
H0 0.0040 1 -1 373 366
F2 0.0032 272 68 371 367
B0 0.0032 34 3 373 371
D2 0.0026 44 133 110 197
F2 0.0025 224 236 369 372
C0 0.0024 257 69 371 362
A2 0.0020 83 13 292 278
K0 0.0018 45 124 111 204
C2 0.0016 46 154 88 188
C0 0.0016 224 81 375 308
B2 0.0015 260 65 371 397
B2 0.0014 124 89 312 311
D1 0.0014 232 76 374 407
A2 0.0014 89 0 344 209
K0 0.0013 3 140 126 301
E3 0.0013 97 6 382 369
A3 0.0013 82 44 277 310
F2 0.0013 242 56 372 411
A3 0.0012 98 6 327 201
K0 0.0012 218 86 365 300
A3 0.0012 63 -49 377 328
R0 0.0012 0 246 345 374
F2 0.0011 209 13 369 137
C0 0.0011 -49 85 300 335
F2 0.0010 -16 115 271 326
K0 0.0010 225 292 291 370
F3 0.0010 3 344 270 372
H0 0.0010 102 -36 381 339
