A0 0.1996 2 -6 514 394
E3 0.1107 1 -6 513 396
A0 0.0751 30 -3 481 240
K0 0.0157 136 0 350 41
A0 0.0146 79 8 526 310
B2 0.0089 -39 23 533 414
K0 0.0088 475 -2 515 100
K0 0.0049 400 -6 514 251
C3 0.0044 476 0 515 94
R0 0.0043 3 -7 523 405
K0 0.0035 447 0 513 251
A0 0.0034 -78 -15 553 305
A3 0.0031 -30 -15 552 386
E3 0.0029 387 0 515 233
E3 0.0023 393 -3 518 353
C2 0.0021 207 142 254 210
A0 0.0020 119 -1 363 41
E3 0.0018 291 314 517 455
C3 0.0016 -33 -5 626 392
G3 0.0014 279 314 520 463
B2 0.0014 207 143 254 211
E3 0.0013 379 7 518 159
B2 0.0013 206 166 236 210
C2 0.0012 207 164 242 210
K0 0.0012 387 -2 515 97
F2 0.0011 30 22 484 286
E3 0.0011 433 4 514 226
B2 0.0010 160 147 207 199
A0 0.0010 -90 32 444 412
H0 0.0010 -52 19 398 428
