E2 0.2231 -11 -31 394 446
A0 0.1608 -5 29 389 459
C2 0.1120 0 222 43 270
A3 0.0837 -8 116 404 508
C2 0.0715 286 518 350 540
H0 0.0577 -4 86 402 508
F2 0.0546 -14 40 399 539
E3 0.0337 2 -4 401 535
D2 0.0284 286 518 349 539
E2 0.0251 36 -2 362 207
E2 0.0158 -61 72 432 537
F2 0.0123 54 11 364 193
E2 0.0122 33 208 370 536
F2 0.0115 35 0 259 47
K0 0.0100 139 0 252 47
K0 0.0088 37 0 136 188
F2 0.0082 33 17 367 277
C3 0.0063 139 0 252 47
B2 0.0063 286 518 349 539
C2 0.0057 19 152 53 183
E3 0.0054 290 396 433 539
E2 0.0053 35 -27 348 355
F2 0.0047 74 36 353 141
L0 0.0044 -6 -1 407 520
C3 0.0038 53 0 115 14
E2 0.0035 48 516 343 541
G3 0.0033 1 0 253 46
K0 0.0032 45 0 254 47
E2 0.0031 30 504 368 540
C2 0.0031 52 0 118 15
D2 0.0030 -4 -3 401 527
E3 0.0020 1 441 368 538
C2 0.0018 388 379 430 462
C2 0.0018 252 519 361 539
C3 0.0017 285 518 349 540
Q0 0.0017 -2 433 398 540
C2 0.0017 0 214 42 324
C3 0.0016 69 -6 135 108
K0 0.0016 43 1 238 33
A0 0.0015 -19 -33 451 538
Q0 0.0014 -2 475 389 539
K0 0.0013 81 0 138 98
C3 0.0013 21 80 52 102
E2 0.0012 26 473 371 539
R0 0.0012 -4 430 419 539
B1 0.0010 0 221 42 323
F2 0.0010 -12 -129 417 495
