A0 0.2938 -20 104 382 513
A0 0.1529 -8 -8 345 452
A0 0.1092 -12 -1 340 225
R0 0.0451 318 195 436 455
Q0 0.0167 2 9 380 515
E2 0.0162 6 181 352 521
H3 0.0138 317 187 436 435
Q0 0.0117 316 187 437 460
A0 0.0111 26 202 333 515
J0 0.0062 315 211 434 452
C3 0.0040 51 0 97 56
A0 0.0033 -64 3 429 554
A0 0.0032 -7 -165 351 568
H3 0.0032 -2 -2 393 526
B2 0.0028 -4 123 365 543
C3 0.0022 317 189 403 271
A0 0.0020 24 0 301 326
N0 0.0020 387 282 434 443
Q0 0.0019 1 429 483 549
A0 0.0018 61 -24 398 485
C3 0.0018 24 223 346 519
R0 0.0016 -2 192 397 509
C2 0.0014 284 512 337 550
Q0 0.0014 7 157 417 498
Q0 0.0011 -58 24 -3 523
L0 0.0011 92 502 102 511
Q0 0.0011 44 463 382 535
Q0 0.0010 13 483 484 548
Q0 0.0010 9 2 319 222
C0 0.0010 317 189 403 270
