A0 0.1774 26 -3 460 435
A0 0.1128 -25 -72 538 450
B1 0.0677 -6 -58 529 419
H3 0.0543 29 86 209 401
B1 0.0335 -88 -108 570 496
A0 0.0315 104 -55 460 554
A0 0.0190 117 118 443 456
C0 0.0173 34 80 209 413
H3 0.0169 11 -31 369 463
B1 0.0136 45 -126 499 630
C0 0.0130 1 -20 384 469
A0 0.0075 163 3 449 444
H3 0.0061 30 25 271 410
A0 0.0051 36 -141 534 646
C0 0.0035 25 35 318 427
A0 0.0026 86 -101 509 394
E0 0.0024 28 110 208 427
A0 0.0023 226 169 434 447
B1 0.0015 202 5 471 417
B0 0.0015 224 -7 479 418
K0 0.0013 37 -6 209 326
H3 0.0012 244 -31 478 446
