A0 0.3285 2 0 576 381
C0 0.3200 245 150 313 232
C2 0.0771 75 100 140 200
C3 0.0501 75 100 139 201
A0 0.0479 -20 -1 607 227
C0 0.0388 243 146 316 269
K0 0.0318 60 67 144 334
C3 0.0274 246 151 313 232
C2 0.0217 246 151 313 231
C0 0.0162 234 139 322 300
C0 0.0141 188 133 326 245
C0 0.0141 223 92 334 246
K0 0.0122 73 90 138 241
A0 0.0101 221 14 552 287
C0 0.0099 196 65 341 256
C0 0.0081 202 126 410 254
G3 0.0075 424 140 470 258
C0 0.0074 220 140 374 247
K0 0.0073 42 64 167 338
C0 0.0069 96 71 382 269
G3 0.0063 426 161 476 281
C0 0.0060 114 40 512 300
A0 0.0056 108 10 614 301
K0 0.0050 417 91 515 327
K0 0.0048 382 -13 573 375
K0 0.0047 132 1 381 33
N0 0.0043 80 212 133 327
K0 0.0041 417 47 484 306
A0 0.0041 -5 2 483 191
B1 0.0040 407 28 575 355
C0 0.0038 -2 -12 492 322
K0 0.0036 421 106 481 294
A0 0.0036 -39 -76 475 421
K0 0.0034 4 25 146 344
K0 0.0030 424 195 486 323
K0 0.0024 414 74 575 355
A0 0.0023 208 20 560 195
B2 0.0023 165 -1 431 32
C0 0.0022 4 36 150 347
K0 0.0022 399 8 500 297
G3 0.0016 430 198 475 276
C0 0.0015 95 113 559 288
C0 0.0015 257 143 307 195
C0 0.0014 411 61 576 365
C2 0.0013 76 129 132 200
C3 0.0013 432 208 476 277
K0 0.0013 66 78 159 255
K0 0.0012 -11 48 322 347
K0 0.0012 18 61 226 346
C0 0.0012 62 80 436 365
C0 0.0012 28 -41 624 384
A0 0.0010 -39 1 383 382
