A0 0.1959 32 95 400 422
E3 0.0758 33 86 401 425
A0 0.0440 74 149 356 422
A0 0.0276 37 122 279 407
B1 0.0233 48 -6 440 150
B1 0.0192 0 -1 121 91
B1 0.0185 0 23 80 88
D1 0.0171 29 -6 413 137
R0 0.0159 -4 76 412 511
A0 0.0136 50 104 365 349
C3 0.0107 91 475 135 503
B1 0.0105 73 0 123 84
D1 0.0099 104 -17 367 150
B1 0.0097 1 0 84 29
G0 0.0094 -10 0 383 123
B1 0.0092 326 92 408 483
A0 0.0071 -8 76 410 518
B1 0.0069 89 435 137 507
R0 0.0067 -8 1 391 123
G0 0.0064 0 373 407 517
B1 0.0061 216 -1 297 45
C3 0.0059 153 0 189 28
R0 0.0059 0 393 406 517
B1 0.0057 128 -2 391 123
C0 0.0057 91 475 135 503
I0 0.0049 18 394 401 516
B1 0.0048 208 0 376 45
B1 0.0044 200 0 382 115
D1 0.0042 72 0 124 83
J0 0.0039 -1 185 57 337
C3 0.0035 324 82 395 122
C0 0.0034 153 0 190 29
D1 0.0033 0 187 58 334
D1 0.0032 159 4 308 140
G0 0.0031 220 4 245 53
C3 0.0030 91 443 135 504
C3 0.0029 285 99 325 122
G0 0.0029 56 407 401 517
B1 0.0027 148 0 194 30
B2 0.0026 153 0 189 28
G0 0.0025 -6 300 415 517
B2 0.0025 324 82 393 121
B1 0.0024 117 0 155 82
D1 0.0023 87 433 141 509
B1 0.0023 124 28 217 92
B1 0.0023 130 0 155 30
D1 0.0022 46 425 155 513
G0 0.0022 109 -2 369 104
D1 0.0021 -98 0 494 142
B1 0.0020 26 0 78 15
B1 0.0020 6 26 26 89
B1 0.0020 184 -1 333 51
R0 0.0020 -4 -2 402 181
D1 0.0020 122 27 218 95
C3 0.0020 64 170 346 426
B1 0.0019 61 -2 157 86
B1 0.0019 -1 185 59 332
B1 0.0019 107 -2 215 99
B1 0.0018 91 457 135 504
B1 0.0017 116 -2 347 51
B3 0.0017 90 449 134 505
D1 0.0017 175 -2 384 124
I0 0.0017 66 452 395 518
B1 0.0016 112 -2 172 90
B1 0.0016 268 0 282 32
B1 0.0015 113 0 207 74
G0 0.0015 0 424 302 515
C2 0.0015 323 82 393 121
J0 0.0014 122 27 219 94
D1 0.0013 70 425 218 517
B1 0.0013 125 2 154 52
K0 0.0013 33 173 362 425
J0 0.0013 0 438 92 514
C3 0.0013 237 165 349 371
D1 0.0012 49 -3 182 93
B1 0.0012 243 1 257 34
K0 0.0012 257 80 405 151
C3 0.0011 78 0 121 80
C0 0.0011 299 487 405 519
B1 0.0011 41 31 61 88
B1 0.0011 117 -1 199 32
B1 0.0011 -3 423 182 517
J0 0.0011 203 0 382 114
D1 0.0010 277 488 405 519
G0 0.0010 -3 1 116 94
A0 0.0010 239 166 349 372
D1 0.0010 1 439 92 515
I0 0.0010 7 427 303 516
