A0 0.3601 54 41 184 176
K0 0.0794 38 61 104 178
A0 0.0509 74 13 180 153
A0 0.0312 38 2 177 185
K0 0.0233 73 61 102 171
K0 0.0114 24 53 183 176
K0 0.0109 87 15 150 89
A0 0.0078 89 58 184 172
K0 0.0064 85 13 175 140
K0 0.0055 56 18 147 150
C3 0.0049 38 67 186 176
K0 0.0046 39 70 80 173
K0 0.0038 131 16 151 92
N0 0.0036 78 88 96 145
G3 0.0031 78 89 96 144
K0 0.0028 38 78 59 168
K0 0.0025 16 13 188 196
K0 0.0024 97 16 147 64
K0 0.0023 119 14 152 92
K0 0.0022 69 20 107 157
H3 0.0022 40 14 186 178
G0 0.0022 119 172 227 223
R0 0.0018 22 141 226 224
H0 0.0016 159 34 194 78
K0 0.0010 88 15 139 59
