A0 0.4208 74 15 857 491
A0 0.1509 130 23 759 378
C0 0.1505 805 472 873 553
D0 0.1355 811 168 874 420
A3 0.1218 64 23 841 389
C0 0.1194 811 168 873 419
A0 0.1105 194 229 733 546
H3 0.0700 808 162 873 430
K0 0.0428 723 174 874 545
A0 0.0379 139 105 722 539
A0 0.0369 243 21 775 534
C2 0.0338 17 441 132 550
C0 0.0328 805 417 874 555
K0 0.0325 57 7 755 549
R0 0.0254 3 33 317 549
C3 0.0216 19 441 132 551
E2 0.0212 89 21 818 354
C3 0.0212 817 194 874 419
R0 0.0208 0 -8 223 567
C3 0.0197 806 474 873 552
K0 0.0173 803 173 874 548
K0 0.0167 130 149 820 519
K0 0.0166 200 238 776 550
C3 0.0161 318 257 388 324
A3 0.0148 63 -17 699 527
Q0 0.0118 4 32 311 551
A0 0.0102 -15 -37 793 594
E2 0.0096 15 440 131 550
N0 0.0081 505 290 610 473
C3 0.0081 248 301 344 482
J0 0.0077 808 173 874 431
E3 0.0070 6 14 853 548
B2 0.0070 1 -27 758 594
K0 0.0069 806 392 874 554
C0 0.0059 806 165 872 539
C2 0.0056 504 291 609 472
A3 0.0054 248 290 344 491
C2 0.0053 249 302 342 471
A0 0.0045 738 94 877 539
R0 0.0044 1 31 322 355
C2 0.0035 574 204 643 332
C3 0.0035 842 150 874 457
C3 0.0029 683 491 762 551
N0 0.0028 249 301 343 481
Q0 0.0028 4 2 864 541
C0 0.0026 803 467 860 582
C3 0.0023 187 211 341 320
C3 0.0023 576 203 642 335
C3 0.0023 64 244 139 321
A0 0.0022 131 273 646 541
C2 0.0022 184 211 332 315
K0 0.0022 248 293 342 489
B2 0.0021 249 292 343 491
E3 0.0017 794 169 874 547
Q0 0.0017 814 183 872 461
C3 0.0016 64 280 130 320
C0 0.0015 799 4 875 421
G3 0.0013 818 213 872 415
B2 0.0012 294 94 796 542
K0 0.0012 289 170 734 507
C0 0.0012 622 411 869 712
A3 0.0011 103 152 638 515
K0 0.0011 213 279 510 511
A3 0.0011 323 26 797 532
C3 0.0010 258 100 789 523
Q0 0.0010 -1 39 302 327
