A0 0.3107 22 110 171 172
A0 0.2162 11 105 178 226
K0 0.1291 24 110 96 224
A0 0.1026 9 110 97 224
A0 0.0724 9 41 179 223
C2 0.0275 121 156 159 206
A0 0.0241 21 65 170 183
C0 0.0202 121 115 161 215
A0 0.0198 6 151 180 224
R0 0.0193 43 42 141 114
H3 0.0184 34 115 162 214
K0 0.0176 121 119 161 214
K0 0.0167 121 150 159 208
C0 0.0165 42 42 150 114
A0 0.0142 42 42 142 114
C2 0.0103 123 188 155 207
K0 0.0102 47 42 154 114
C0 0.0087 117 111 179 221
L0 0.0086 37 42 141 115
A0 0.0084 66 42 167 189
C3 0.0078 121 153 159 195
H3 0.0071 18 111 177 185
K0 0.0066 46 118 96 224
K0 0.0065 20 109 140 226
H3 0.0058 9 108 99 224
Q0 0.0046 141 11 227 81
C2 0.0041 122 171 156 207
R0 0.0040 -2 211 196 263
R0 0.0038 2 230 194 264
A0 0.0033 29 68 165 142
N0 0.0032 55 145 90 221
L0 0.0027 27 40 112 115
K0 0.0023 143 45 176 78
A0 0.0022 22 132 165 175
K0 0.0022 110 145 165 216
C0 0.0021 120 146 159 207
A0 0.0018 9 139 85 224
H3 0.0018 22 74 160 126
R0 0.0016 59 35 126 113
C3 0.0015 121 159 158 209
H3 0.0014 43 34 165 178
C3 0.0014 54 156 93 220
K0 0.0013 45 105 190 225
H3 0.0012 64 37 138 116
K0 0.0012 144 50 184 94
L0 0.0011 39 32 85 113
C2 0.0011 122 152 156 194
K0 0.0010 101 43 148 114
