A0 0.1794 21 68 301 337
A0 0.1456 15 71 399 382
A0 0.0899 -27 36 468 432
A0 0.0170 169 134 289 210
A0 0.0150 39 161 376 388
H3 0.0122 7 8 482 482
A0 0.0110 144 104 322 294
A0 0.0101 98 62 353 371
H3 0.0083 72 59 408 366
H3 0.0083 199 82 394 389
R0 0.0072 171 83 395 392
C0 0.0057 15 133 120 273
A0 0.0051 107 82 295 333
C3 0.0044 -3 311 77 345
H3 0.0042 8 0 481 312
H3 0.0040 14 123 122 280
A0 0.0029 6 0 477 330
C0 0.0027 0 305 84 348
H3 0.0018 163 130 290 232
C3 0.0018 14 132 117 273
C0 0.0015 62 466 304 486
R0 0.0015 -10 387 495 487
A0 0.0014 115 98 362 234
A0 0.0014 -2 -15 161 321
C1 0.0013 1 425 474 485
C0 0.0012 105 469 291 485
A0 0.0012 366 56 483 298
R0 0.0011 -10 292 495 489
A3 0.0011 44 -3 446 109
C1 0.0010 -2 440 404 485
R0 0.0010 -9 354 325 481
