D0 0.5042 0 252 101 549
A0 0.2220 77 14 556 622
A0 0.2147 97 98 516 738
E3 0.1988 23 0 580 781
A0 0.0632 67 -65 580 838
A3 0.0515 395 -1 600 141
A0 0.0344 116 -23 552 468
H3 0.0219 1 250 100 554
C0 0.0200 -3 252 103 554
C3 0.0151 0 6 109 173
C3 0.0106 401 0 599 141
K0 0.0104 97 172 333 687
K0 0.0101 0 6 110 172
R0 0.0101 401 0 599 139
E3 0.0081 398 -2 600 143
K0 0.0063 130 4 580 784
E2 0.0050 403 1 597 140
A0 0.0046 123 247 493 801
G0 0.0030 0 254 106 551
J0 0.0025 1 279 98 547
N0 0.0024 -1 236 90 564
I0 0.0024 -2 253 106 550
K0 0.0023 202 43 515 839
E3 0.0021 -2 -1 596 488
R0 0.0021 403 4 598 297
A0 0.0020 209 -21 584 785
E3 0.0018 302 0 605 146
K0 0.0017 175 -111 648 971
K0 0.0017 110 41 331 847
K0 0.0016 5 34 51 147
K0 0.0016 3 14 79 173
E3 0.0016 6 16 131 172
E3 0.0014 1 5 197 175
K0 0.0014 446 508 600 795
K0 0.0013 103 81 413 699
K0 0.0012 84 -22 247 501
C0 0.0012 95 189 205 388
E3 0.0011 14 -2 615 152
K0 0.0011 117 267 270 699
C0 0.0011 583 512 599 529
G0 0.0011 -35 697 405 795
B2 0.0011 465 35 573 92
