A0 0.2259 30 125 383 413
A0 0.1263 -28 76 449 450
R0 0.0283 31 357 375 454
A0 0.0239 20 144 411 345
A0 0.0174 101 43 386 356
A0 0.0136 30 357 376 455
K0 0.0116 35 365 83 456
R0 0.0083 319 319 455 450
A0 0.0082 64 51 335 313
Q0 0.0074 319 317 456 451
E2 0.0036 64 373 357 451
A0 0.0034 191 54 385 324
K0 0.0033 9 364 82 458
A0 0.0029 88 150 441 406
E2 0.0027 321 315 459 453
A0 0.0025 40 114 389 307
Q0 0.0024 30 356 389 454
E2 0.0022 -15 156 458 414
L0 0.0021 59 56 313 265
E2 0.0020 57 58 370 339
K0 0.0016 36 359 111 457
C3 0.0014 371 438 402 455
A0 0.0013 18 315 454 459
C3 0.0013 34 372 78 454
E2 0.0012 204 57 397 318
C3 0.0012 160 47 296 187
C2 0.0011 34 368 78 457
H3 0.0010 320 315 454 449
