A0 0.8746 130 74 471 309
C0 0.1858 458 276 499 295
C0 0.1376 457 287 498 306
C0 0.0654 462 270 498 293
A0 0.0250 9 64 498 333
C0 0.0204 463 272 499 300
L0 0.0101 -10 -63 376 82
C0 0.0088 0 1 37 107
C0 0.0076 0 -21 28 97
N0 0.0063 0 160 92 279
C0 0.0053 0 -55 33 95
C0 0.0037 462 288 499 311
C0 0.0036 460 250 498 298
B1 0.0030 -1 -67 102 88
C0 0.0027 -2 -62 94 93
C0 0.0026 -1 -3 80 116
C0 0.0025 472 257 497 302
C0 0.0017 0 2 21 119
N0 0.0011 0 175 95 252
B1 0.0011 0 -65 66 89
L0 0.0011 0 -64 206 94
N0 0.0011 0 146 84 330
G3 0.0010 -1 -66 145 90
L0 0.0010 -12 -78 502 142
