A0 0.4474 45 148 288 312
A2 0.1854 285 184 370 374
A0 0.0785 19 -2 307 351
D1 0.0576 70 -2 162 180
E2 0.0569 287 182 370 376
D2 0.0511 286 180 370 377
B2 0.0424 287 183 369 374
B0 0.0420 71 0 160 154
A0 0.0326 32 89 305 296
C0 0.0156 71 -5 164 180
L0 0.0120 190 0 270 173
L0 0.0111 69 0 162 168
K0 0.0093 122 121 232 162
D2 0.0079 63 88 233 166
R0 0.0074 209 2 368 214
A0 0.0069 59 85 231 172
L0 0.0068 67 3 227 173
C0 0.0064 67 -3 223 184
B2 0.0061 120 121 233 162
K0 0.0058 135 245 202 320
P0 0.0057 70 0 162 154
C0 0.0055 195 -4 271 176
C0 0.0055 63 86 233 166
C2 0.0055 74 101 140 159
R0 0.0053 26 232 309 331
K0 0.0051 98 -4 288 160
B0 0.0051 -2 -7 325 338
A0 0.0051 25 231 304 329
R0 0.0049 0 236 363 368
A0 0.0045 24 230 196 324
E3 0.0043 287 185 372 369
C0 0.0042 130 246 192 317
A0 0.0041 0 53 148 256
C3 0.0041 213 103 263 170
B2 0.0040 64 230 317 332
B1 0.0040 101 232 307 330
L0 0.0038 63 81 234 169
B2 0.0037 194 -1 273 174
C0 0.0037 122 -1 279 173
J0 0.0034 62 153 300 311
A0 0.0034 112 -2 281 172
C3 0.0033 107 -3 277 182
D1 0.0033 41 226 312 338
C2 0.0033 143 252 185 308
K0 0.0032 112 239 222 326
F2 0.0032 189 -1 274 174
K0 0.0030 38 68 241 176
K0 0.0029 120 -1 215 146
A2 0.0029 118 0 281 172
A3 0.0029 194 0 272 171
C0 0.0028 112 241 229 326
K0 0.0028 54 10 234 195
C2 0.0028 213 102 261 169
R0 0.0028 265 29 366 199
N0 0.0028 213 101 263 168
B0 0.0027 60 -2 252 178
E3 0.0027 217 1 369 216
C3 0.0027 142 260 184 315
R0 0.0026 0 -12 146 190
K0 0.0025 25 229 282 327
H3 0.0024 2 217 367 368
L0 0.0024 48 0 274 207
K0 0.0024 70 0 216 150
A0 0.0024 60 10 233 169
C2 0.0024 72 106 102 135
E2 0.0024 0 -20 141 184
R0 0.0024 58 151 303 310
C3 0.0023 64 -7 225 177
C3 0.0023 287 208 314 243
H0 0.0022 53 80 233 187
C0 0.0022 50 222 310 336
A0 0.0021 1 -3 182 279
C2 0.0020 96 104 140 159
F2 0.0020 287 189 368 345
A0 0.0018 29 142 283 261
L0 0.0018 18 77 248 192
Q0 0.0018 3 215 365 369
B3 0.0017 68 -8 214 179
A0 0.0017 200 0 371 214
C3 0.0016 116 1 228 164
B2 0.0016 115 113 281 165
C2 0.0016 142 272 183 314
C3 0.0016 34 150 281 308
D2 0.0015 18 -7 305 305
C3 0.0015 135 120 227 161
H3 0.0014 2 14 340 366
A0 0.0014 41 64 237 240
K0 0.0014 83 84 235 165
A3 0.0013 119 -2 280 170
C3 0.0013 26 221 325 350
B0 0.0013 1 -2 161 266
H3 0.0013 9 121 328 343
Q0 0.0013 23 229 311 328
A2 0.0013 287 185 369 291
Q0 0.0012 0 286 357 367
B0 0.0011 55 1 169 198
G3 0.0011 103 105 139 160
P0 0.0010 11 -7 161 179
R0 0.0010 3 285 361 369
I0 0.0010 0 2 140 259
B2 0.0010 30 230 263 325
D2 0.0010 56 -2 278 182
F2 0.0010 288 185 369 295
