A0 0.3461 76 72 373 415
A0 0.2036 20 106 458 450
A0 0.1105 -32 46 509 495
B1 0.0718 -36 20 520 469
A0 0.0598 84 54 315 359
A0 0.0250 96 169 381 421
K0 0.0205 85 50 314 341
C3 0.0083 271 285 319 359
C0 0.0077 271 285 319 359
A0 0.0075 81 -1 298 450
K0 0.0062 53 228 90 391
A0 0.0053 157 162 432 419
A0 0.0052 77 135 310 419
K0 0.0037 54 151 168 361
A0 0.0033 68 -7 432 458
D1 0.0017 311 428 481 482
L0 0.0017 98 51 311 254
C3 0.0016 105 150 156 165
A0 0.0015 275 162 423 412
H3 0.0014 67 40 433 440
C0 0.0014 50 148 165 374
H0 0.0013 332 90 405 160
K0 0.0013 97 52 315 251
G0 0.0012 200 423 473 482
B0 0.0012 51 150 161 365
P0 0.0011 46 143 159 374
H3 0.0011 300 155 426 401
C0 0.0011 386 190 430 382
C0 0.0010 295 168 430 398
