C0 0.2694 -1 124 178 375
L0 0.1238 0 123 178 375
C2 0.1094 506 471 595 583
A0 0.0801 1 -6 637 631
A0 0.0704 108 271 524 619
B1 0.0659 -1 124 177 369
B1 0.0646 -5 272 691 493
C0 0.0574 29 272 662 513
B1 0.0414 111 266 515 600
C0 0.0355 34 240 608 593
D1 0.0303 100 262 529 536
C2 0.0270 504 421 598 587
A0 0.0167 20 274 598 479
A0 0.0155 96 161 620 620
D2 0.0141 504 421 598 590
R0 0.0140 122 265 612 626
C0 0.0129 12 198 706 653
C0 0.0113 162 -2 284 300
A3 0.0103 85 258 681 621
C3 0.0102 297 329 418 408
C3 0.0092 117 267 523 629
E2 0.0082 131 452 588 613
B1 0.0074 16 235 641 627
A2 0.0062 45 243 608 635
Q0 0.0049 125 271 606 620
E2 0.0049 157 267 647 637
H0 0.0049 99 258 675 634
C2 0.0048 464 327 586 422
F2 0.0046 77 252 669 625
E2 0.0045 502 419 598 587
B1 0.0037 4 123 175 288
B2 0.0036 53 450 677 616
L0 0.0034 163 -4 278 293
A0 0.0031 -10 -3 616 391
K0 0.0030 49 126 177 367
A0 0.0030 19 -8 271 323
B2 0.0029 56 284 597 624
C2 0.0026 504 336 591 423
K0 0.0025 151 260 637 602
C3 0.0023 100 174 176 283
H3 0.0019 112 232 492 598
C2 0.0019 292 330 418 408
K0 0.0019 142 -8 403 314
B0 0.0018 204 271 618 594
H3 0.0017 3 122 174 287
H3 0.0016 -2 -15 637 646
D2 0.0016 458 66 579 297
B0 0.0016 74 269 639 484
C2 0.0016 138 478 218 589
A0 0.0014 2 0 497 307
Q0 0.0013 424 36 636 284
K0 0.0013 9 246 684 468
C2 0.0012 366 468 473 558
E2 0.0012 61 435 656 633
B0 0.0012 168 8 335 306
B1 0.0011 90 254 567 510
L0 0.0011 9 142 126 373
K0 0.0011 523 421 596 589
E2 0.0010 165 457 543 580
C2 0.0010 381 373 465 463
