A0 0.5612 -16 -32 483 362
A0 0.1452 34 -12 462 284
A0 0.0398 13 71 461 354
A0 0.0279 -40 30 619 374
G3 0.0095 49 119 83 164
A0 0.0095 88 16 527 347
A0 0.0090 69 -3 417 112
A0 0.0090 67 -7 439 195
C2 0.0054 49 119 83 164
A0 0.0045 31 197 221 377
K0 0.0038 38 197 226 377
H3 0.0033 18 -15 504 377
K0 0.0032 46 4 544 317
K0 0.0014 83 302 214 373
D2 0.0013 448 246 498 435
K0 0.0010 27 218 171 373
C3 0.0010 96 317 203 368
K0 0.0010 46 254 217 375
C3 0.0010 23 199 75 237
R0 0.0010 0 -11 175 139
C3 0.0010 27 120 484 362
