E3 0.5102 0 0 437 437
A0 0.1867 0 -4 432 434
A0 0.1399 61 35 394 264
H0 0.0568 -37 159 463 433
B2 0.0413 -11 179 428 405
A0 0.0340 53 65 413 324
B2 0.0255 -42 129 465 475
A3 0.0233 8 47 481 402
A0 0.0192 -23 197 430 421
B1 0.0143 -100 114 538 411
A0 0.0141 76 5 374 132
H0 0.0137 -114 108 552 440
A0 0.0120 -51 143 463 464
E2 0.0119 -15 225 422 415
A0 0.0114 3 73 324 380
A0 0.0106 -18 158 429 367
B1 0.0105 -176 85 640 463
A0 0.0095 -60 52 536 430
F2 0.0093 -4 20 432 417
A0 0.0068 114 90 423 370
B2 0.0066 10 184 395 340
A0 0.0063 -54 35 430 314
F2 0.0057 17 215 419 424
E3 0.0052 77 5 363 136
H0 0.0051 -16 78 338 374
K0 0.0048 83 8 326 138
B1 0.0045 20 28 492 446
K0 0.0042 5 64 429 331
E3 0.0042 0 0 282 446
F2 0.0036 4 62 417 312
B1 0.0036 -236 -14 700 551
F2 0.0032 18 267 402 405
F2 0.0026 63 327 370 404
B1 0.0025 92 96 446 405
C2 0.0025 0 21 12 153
F2 0.0023 -67 113 583 447
B1 0.0023 -73 6 576 493
E2 0.0023 -16 175 472 456
R0 0.0022 256 -10 446 253
A0 0.0022 188 112 413 350
C0 0.0019 -3 85 98 426
E3 0.0019 42 7 415 208
E3 0.0019 163 0 448 444
C2 0.0018 0 31 17 145
E2 0.0017 4 88 397 371
C3 0.0017 -41 64 413 390
C3 0.0016 430 -2 447 54
A3 0.0016 0 29 19 145
R0 0.0014 310 -10 447 357
R0 0.0013 -3 316 446 447
E2 0.0013 81 436 152 446
B2 0.0011 69 331 378 408
E2 0.0010 45 433 158 447
C2 0.0010 0 50 7 161
I3 0.0010 410 345 446 447
