A3 0.2125 152 211 241 435
A0 0.1412 28 0 438 428
A0 0.0893 81 39 428 309
B2 0.0414 152 214 242 425
A0 0.0262 231 256 420 442
A0 0.0255 46 108 274 410
C3 0.0156 152 218 242 423
R0 0.0154 235 243 417 442
A0 0.0146 22 41 330 422
H3 0.0130 29 -3 441 443
A0 0.0112 47 138 188 404
R0 0.0107 0 284 223 442
A0 0.0100 34 97 432 341
R0 0.0095 122 22 441 315
K0 0.0073 53 40 338 438
K0 0.0055 156 210 243 428
Q0 0.0047 -1 283 223 442
A0 0.0046 39 21 360 325
R0 0.0044 26 -30 468 360
G3 0.0041 52 167 150 241
Q0 0.0034 240 73 442 347
C0 0.0031 29 40 405 451
P0 0.0028 27 60 416 445
R0 0.0027 3 348 225 436
P0 0.0026 150 208 244 426
R0 0.0026 247 135 419 349
K0 0.0025 148 137 252 374
L0 0.0025 82 95 415 447
C2 0.0023 80 7 121 64
Q0 0.0023 26 1 439 284
K0 0.0022 129 114 268 393
R0 0.0019 410 123 442 461
C3 0.0018 33 0 212 254
I3 0.0018 45 141 171 393
C3 0.0015 239 245 417 344
P0 0.0015 45 137 169 397
F2 0.0015 96 151 429 426
K0 0.0013 154 195 242 355
R0 0.0013 241 253 414 374
C2 0.0012 90 100 123 152
C2 0.0012 121 144 163 212
A3 0.0012 80 97 442 459
A3 0.0011 10 -34 450 323
C3 0.0010 43 143 159 254
K0 0.0010 0 289 21 446
