A0 0.4147 49 86 408 564
E3 0.0470 6 83 497 587
A0 0.0461 46 199 377 600
K0 0.0292 363 168 498 292
A0 0.0098 85 94 455 343
K0 0.0058 357 122 495 303
R0 0.0052 -20 581 570 666
A0 0.0047 5 40 508 587
A0 0.0047 144 114 510 513
E3 0.0033 -14 565 481 666
C3 0.0027 179 553 230 585
Q0 0.0023 -19 598 574 667
Q0 0.0020 87 567 580 667
G0 0.0019 14 572 261 667
R0 0.0019 -6 510 517 669
C3 0.0017 148 135 201 152
C3 0.0015 357 129 420 198
F3 0.0014 -28 576 502 666
A0 0.0013 36 87 482 440
M0 0.0012 -3 582 270 664
C3 0.0011 383 423 453 465
K0 0.0011 318 150 483 490
K0 0.0010 216 145 484 492
Q0 0.0010 104 0 502 76
