A0 0.5182 151 11 477 207
K0 0.3450 151 11 486 206
A0 0.3357 102 177 482 422
A0 0.2045 70 56 502 405
K0 0.0622 107 64 494 425
K0 0.0525 178 49 481 144
A0 0.0208 166 63 457 223
C3 0.0182 168 111 274 199
A0 0.0107 149 48 467 278
A0 0.0085 115 14 510 305
A0 0.0071 117 -36 523 449
K0 0.0055 156 10 479 130
Q0 0.0048 140 12 492 212
K0 0.0046 220 60 476 128
E3 0.0038 82 1 551 444
K0 0.0036 175 12 419 114
K0 0.0021 107 184 433 419
N0 0.0015 0 51 23 538
R0 0.0014 1 0 210 438
Q0 0.0012 1 -6 199 450
K0 0.0011 242 39 485 208
Q0 0.0010 52 -10 528 439
