A0 0.3289 87 23 451 335
A0 0.2407 8 63 394 348
A0 0.1978 -35 51 523 369
A0 0.1277 6 -36 496 421
A0 0.1004 108 -3 425 139
C3 0.0473 107 -5 443 138
K0 0.0285 110 -3 379 136
A0 0.0137 -127 -37 624 383
K0 0.0106 12 127 461 354
H3 0.0090 56 -6 499 351
C3 0.0088 228 222 279 270
A0 0.0073 64 118 449 352
K0 0.0066 222 -22 487 336
H3 0.0054 101 -3 503 225
B0 0.0054 111 -2 500 290
Q0 0.0041 113 -2 435 140
C3 0.0040 -5 123 502 356
F2 0.0038 -32 47 461 334
K0 0.0029 410 -15 500 261
K0 0.0029 272 19 467 327
H3 0.0025 411 -1 501 370
A0 0.0025 179 -4 464 360
Q0 0.0023 411 -4 502 370
K0 0.0022 315 -7 496 255
B2 0.0019 127 -6 449 146
K0 0.0019 -12 75 365 344
Q0 0.0018 112 -3 499 190
K0 0.0017 413 70 499 390
K0 0.0014 414 -52 500 356
C2 0.0013 229 222 277 269
