M0 0.2574 11 -1 272 596
N0 0.1791 8 1 269 588
B0 0.1558 9 20 266 521
B0 0.1099 11 151 260 618
P0 0.0653 11 32 268 594
B3 0.0133 20 209 249 614
B0 0.0112 17 -10 266 374
Q0 0.0090 0 177 287 590
C2 0.0076 244 0 294 84
B3 0.0071 -3 37 284 676
P0 0.0071 12 205 260 615
Q0 0.0067 3 68 286 234
C2 0.0067 240 78 292 126
R0 0.0060 1 225 294 600
O0 0.0036 -4 -2 53 272
M0 0.0034 -4 -4 55 271
P0 0.0028 13 -14 257 411
B2 0.0028 241 78 291 126
H3 0.0015 187 217 293 602
D2 0.0014 241 78 291 125
E3 0.0013 -5 270 90 603
C2 0.0012 235 67 292 207
Q0 0.0012 23 -3 255 195
N0 0.0012 21 -2 259 210
N0 0.0012 11 25 285 267
C3 0.0012 0 196 32 267
C2 0.0012 231 109 291 221
B0 0.0010 226 213 289 600
