H3 0.1473 714 1023 1387 1750
R0 0.0791 685 -5 1420 1117
R0 0.0562 712 1022 1399 1727
R0 0.0536 45 999 695 1634
D1 0.0258 724 1022 1319 1142
C0 0.0258 33 965 697 1699
B0 0.0215 682 12 1422 1805
I0 0.0206 694 7 1429 1730
R0 0.0172 696 24 1428 1739
R0 0.0167 0 61 610 954
R0 0.0121 57 -13 1452 1879
O0 0.0118 698 18 1427 1740
C3 0.0114 53 1252 714 1886
J0 0.0106 725 1016 1367 1729
D1 0.0103 993 823 1282 884
R0 0.0097 27 12 722 1879
C0 0.0096 999 825 1287 882
C3 0.0096 720 1236 1374 1718
C0 0.0092 716 1185 1384 1723
K0 0.0088 63 1258 361 1659
K0 0.0080 72 1255 526 1878
I0 0.0076 22 52 713 1822
H3 0.0072 717 1224 1356 1721
C0 0.0066 708 1041 1350 1625
K0 0.0061 65 1256 647 1736
H3 0.0058 731 1234 1004 1556
C0 0.0057 56 1258 691 1816
H3 0.0052 54 1026 688 1731
B0 0.0050 45 9 1434 1810
B0 0.0046 16 66 706 1804
K0 0.0040 59 1261 316 1527
A0 0.0039 28 2 1436 1829
C0 0.0036 994 721 1289 886
B0 0.0034 855 658 1282 1138
C3 0.0032 63 1265 277 1509
C3 0.0030 432 845 570 901
B1 0.0028 709 1014 1307 1532
L0 0.0027 55 1017 714 1740
H3 0.0025 668 -15 1402 1030
H3 0.0024 724 1215 1115 1633
G3 0.0024 1076 857 1225 886
H3 0.0024 1033 1236 1119 1339
R0 0.0023 725 1238 1398 1932
R0 0.0022 -2 259 743 1255
D1 0.0021 992 709 1290 895
C0 0.0021 1226 823 1289 876
R0 0.0020 728 1375 1361 1799
R0 0.0020 43 761 778 1558
H3 0.0019 719 1019 1306 1530
L0 0.0019 1 48 644 949
C0 0.0018 269 739 578 917
C2 0.0017 749 1249 931 1482
G3 0.0017 992 825 1229 887
E3 0.0017 712 1031 1405 1724
C0 0.0017 61 1258 323 1541
R0 0.0016 54 1033 638 1431
J0 0.0015 990 711 1293 900
D1 0.0014 64 2 1028 76
C2 0.0014 999 722 1274 881
C3 0.0014 66 1250 448 1873
N0 0.0014 602 116 1433 1694
H3 0.0014 726 1211 1392 1937
R0 0.0013 266 727 582 922
H3 0.0013 61 1255 343 1536
G3 0.0013 1051 820 1288 884
C0 0.0013 883 1152 1288 1435
E2 0.0012 714 1545 1387 1987
C3 0.0012 725 1230 1168 1700
G3 0.0012 991 823 1104 885
C0 0.0012 471 1322 583 1382
O0 0.0011 58 1038 690 1900
C0 0.0011 340 1160 585 1491
Q0 0.0011 713 1020 1396 1722
C0 0.0011 62 350 911 1522
C3 0.0011 747 1249 960 1487
C0 0.0010 388 835 573 900
O0 0.0010 15 27 734 1871
J0 0.0010 837 1340 1302 1679
