M0 0.2767 99 -1 398 591
B0 0.1960 62 64 400 578
N0 0.1852 99 1 394 585
B0 0.0588 89 -40 406 497
P0 0.0305 65 85 408 662
E2 0.0226 72 186 409 594
B0 0.0082 113 -9 389 329
P0 0.0075 76 -66 431 528
C2 0.0059 144 436 183 481
B0 0.0051 32 45 457 693
F0 0.0051 47 176 407 602
M0 0.0044 456 4 521 174
P0 0.0041 91 -3 342 644
E2 0.0039 97 287 387 600
P0 0.0035 99 43 253 621
B0 0.0031 123 -78 402 692
B0 0.0025 95 -12 302 650
P0 0.0021 205 -40 401 734
B3 0.0020 460 7 521 176
P0 0.0019 121 -50 424 755
C3 0.0017 103 96 120 122
P0 0.0015 114 -56 390 382
B0 0.0013 215 -14 400 662
B3 0.0012 150 152 412 602
M0 0.0012 441 384 521 614
F2 0.0011 104 98 119 122
C3 0.0011 205 100 241 130
B0 0.0010 398 315 528 608
