B0 0.3494 416 44 606 612
B0 0.2886 184 41 373 614
P0 0.2225 417 40 608 612
P0 0.1893 185 32 373 623
M0 0.1806 181 36 379 608
M0 0.1670 412 35 613 609
N0 0.1473 180 35 382 599
N0 0.1311 409 36 613 602
B3 0.0365 416 67 605 614
B3 0.0234 184 57 373 617
N0 0.0056 111 19 762 605
M0 0.0052 122 0 761 615
D2 0.0031 557 378 593 432
M0 0.0027 268 27 679 621
C2 0.0019 557 378 593 432
O0 0.0019 185 160 371 609
E3 0.0013 658 32 809 597
D2 0.0011 324 377 361 432
Q0 0.0011 344 -93 509 -9
K0 0.0010 644 -89 806 -5
I3 0.0010 5 -89 182 -10
