A2 0.5993 61 57 345 302
A2 0.4740 0 56 276 312
A2 0.2456 106 62 335 259
A2 0.1705 59 63 259 271
A2 0.1572 23 35 390 335
A2 0.1363 10 131 95 240
A2 0.1146 13 127 147 251
A2 0.1104 177 77 326 270
E0 0.0990 1 29 373 370
A2 0.0893 62 125 144 222
A2 0.0580 123 71 233 211
F0 0.0526 284 0 373 126
A2 0.0486 5 124 189 278
B0 0.0483 285 0 373 124
Q0 0.0446 0 -2 373 369
D2 0.0442 2 0 368 366
A2 0.0433 206 102 328 254
A2 0.0371 210 86 318 181
A2 0.0357 87 130 351 290
B2 0.0334 216 181 271 213
A2 0.0314 210 87 306 143
A2 0.0311 141 74 222 185
I3 0.0304 285 0 372 141
A2 0.0299 71 69 341 197
A2 0.0284 86 157 147 225
D2 0.0256 218 181 272 214
B2 0.0228 88 88 122 127
A2 0.0225 31 184 274 287
A2 0.0214 76 141 153 231
B2 0.0211 203 213 233 274
A2 0.0208 56 113 167 239
H3 0.0203 2 38 375 371
A2 0.0198 2 157 299 293
C2 0.0192 88 87 121 125
A2 0.0181 263 133 329 222
A2 0.0177 28 130 92 193
C2 0.0176 216 181 271 212
C2 0.0170 172 129 216 177
B2 0.0161 227 70 261 89
D2 0.0152 203 218 233 274
O0 0.0145 285 -1 373 144
B3 0.0143 286 -3 372 144
B2 0.0139 86 234 136 268
A2 0.0123 43 176 108 240
A2 0.0117 210 175 279 239
A2 0.0116 -12 110 255 294
A2 0.0114 105 61 260 224
H3 0.0112 288 0 372 124
C2 0.0105 29 130 61 170
B2 0.0095 29 130 61 170
E2 0.0093 25 183 310 371
B2 0.0089 197 78 223 98
A2 0.0089 213 89 308 115
P0 0.0083 284 0 372 126
A2 0.0079 153 155 336 283
A2 0.0079 198 172 286 252
C3 0.0078 178 4 276 68
D2 0.0077 94 238 136 269
A2 0.0070 197 70 264 100
A2 0.0065 103 183 254 284
A2 0.0064 101 67 223 188
A2 0.0063 37 73 199 243
B2 0.0062 135 66 162 92
B2 0.0062 172 223 208 279
B2 0.0061 148 73 218 178
C2 0.0061 204 219 233 274
C2 0.0061 172 223 209 281
A2 0.0059 194 70 307 112
A2 0.0058 10 88 149 234
A2 0.0056 233 204 321 277
B2 0.0056 197 70 264 100
D2 0.0056 173 223 208 282
A2 0.0056 105 66 173 165
B2 0.0054 49 165 91 193
C2 0.0053 153 85 212 139
B2 0.0052 172 128 216 177
F2 0.0049 196 71 264 98
A2 0.0047 131 221 217 284
A2 0.0046 121 161 355 328
A2 0.0046 151 206 243 284
B2 0.0044 288 170 321 206
A2 0.0043 112 69 295 156
D2 0.0043 173 131 216 177
A2 0.0042 226 156 323 278
A2 0.0042 37 62 250 213
B2 0.0042 9 161 40 184
A2 0.0041 90 146 268 293
C2 0.0041 87 157 145 219
B2 0.0040 299 139 322 167
B2 0.0040 261 92 307 114
B2 0.0040 218 178 272 236
B2 0.0037 128 262 164 282
A2 0.0037 225 120 340 294
B2 0.0037 135 67 175 102
D2 0.0035 89 159 144 218
B2 0.0034 105 65 170 161
A2 0.0034 18 181 317 349
C3 0.0033 208 6 278 69
B2 0.0033 103 64 233 184
B2 0.0033 97 159 144 217
B2 0.0033 279 94 307 114
Q0 0.0032 0 6 281 135
A2 0.0030 256 123 341 239
H3 0.0029 303 0 372 98
F2 0.0029 216 70 308 113
B2 0.0029 226 204 266 236
A2 0.0029 78 122 385 390
A2 0.0029 37 166 133 259
B2 0.0028 221 137 272 185
B2 0.0026 288 160 330 204
C2 0.0025 90 238 136 269
A2 0.0025 191 78 312 164
B2 0.0023 48 167 94 212
A2 0.0023 40 195 225 277
A2 0.0022 104 66 167 129
B2 0.0022 11 163 59 205
A2 0.0022 25 178 163 273
A2 0.0020 8 131 68 211
B2 0.0019 9 161 47 197
H3 0.0019 1 5 306 140
B2 0.0019 104 66 166 125
K0 0.0019 183 3 278 69
F2 0.0019 193 69 292 106
C2 0.0018 215 181 271 235
B2 0.0017 104 66 133 95
B2 0.0017 270 134 307 179
A2 0.0017 69 65 211 172
R0 0.0016 0 3 283 137
B2 0.0016 49 188 94 238
C2 0.0016 9 163 59 205
A2 0.0016 46 185 95 245
A2 0.0016 190 164 328 254
B2 0.0015 237 162 266 186
B0 0.0014 289 0 373 217
B2 0.0014 229 71 274 91
A2 0.0014 87 87 126 136
B0 0.0014 -4 0 374 211
F2 0.0014 123 69 277 124
B0 0.0014 -3 5 291 144
B2 0.0014 283 169 323 223
B2 0.0013 83 225 134 259
B2 0.0013 162 76 200 104
A2 0.0013 66 217 162 269
D2 0.0012 105 161 143 214
A2 0.0012 67 76 170 175
F2 0.0012 149 75 215 155
A2 0.0012 252 118 333 213
A2 0.0012 84 87 136 150
A2 0.0012 83 66 165 152
C2 0.0011 79 136 137 200
C2 0.0011 9 160 42 194
A2 0.0011 165 70 300 137
A2 0.0011 54 211 203 277
B2 0.0011 50 204 88 239
B2 0.0010 86 66 156 135
A2 0.0010 32 212 160 270
A2 0.0010 147 71 215 151
B2 0.0010 101 238 135 268
B2 0.0010 155 199 202 237
D2 0.0010 0 3 365 170
H3 0.0010 176 4 277 69
