A2 0.6149 73 34 529 383
A2 0.3559 500 200 799 548
C3 0.0834 74 22 531 382
A2 0.0158 95 39 472 295
B2 0.0117 285 165 359 211
D2 0.0117 286 166 359 211
D2 0.0063 282 164 372 233
A2 0.0054 497 255 732 573
E2 0.0053 495 248 773 583
H3 0.0038 12 -176 1031 666
D2 0.0035 595 379 642 429
A2 0.0034 576 199 790 425
A2 0.0032 217 52 513 312
B2 0.0026 594 376 642 430
A2 0.0023 159 44 479 227
Q0 0.0022 60 36 524 386
D2 0.0022 384 200 433 276
B2 0.0019 284 163 405 257
C3 0.0018 846 269 882 297
B2 0.0018 514 370 656 483
C2 0.0018 512 369 654 489
D2 0.0017 722 558 1017 854
B2 0.0017 206 159 387 310
B2 0.0017 259 164 391 271
G3 0.0016 385 199 432 276
D2 0.0015 270 164 400 262
G3 0.0012 654 671 763 697
E0 0.0012 63 28 523 379
B2 0.0011 384 200 432 275
D2 0.0011 60 28 531 380
B2 0.0011 216 161 376 259
B2 0.0011 707 366 774 451
E2 0.0011 503 373 771 586
B2 0.0010 199 183 302 285
A2 0.0010 551 198 883 499
