A2 0.6569 58 45 479 242
A2 0.1249 178 70 452 239
A2 0.0972 120 53 481 316
I3 0.0920 456 251 600 352
L0 0.0632 457 250 599 352
A2 0.0628 100 118 396 243
A2 0.0581 170 135 386 244
A2 0.0498 82 92 415 273
H3 0.0494 456 249 601 351
A2 0.0483 242 84 416 199
A2 0.0456 247 88 388 154
A2 0.0312 159 110 424 257
B2 0.0252 320 10 605 166
E0 0.0245 44 15 511 334
A2 0.0183 287 75 460 222
B0 0.0179 325 8 607 165
A2 0.0157 106 45 409 199
G3 0.0153 127 50 195 121
C3 0.0150 320 5 600 171
K0 0.0137 324 4 602 171
E0 0.0135 314 7 603 169
D2 0.0120 123 54 194 127
B2 0.0107 255 127 342 148
H3 0.0100 46 19 510 336
C3 0.0094 456 250 599 353
G3 0.0084 129 65 190 107
G3 0.0081 233 169 265 197
G3 0.0078 88 125 237 147
B2 0.0076 254 96 346 148
A2 0.0071 55 109 393 165
G3 0.0060 49 125 274 149
A2 0.0055 229 90 431 167
B2 0.0054 116 62 190 126
B2 0.0053 215 183 320 240
B2 0.0052 335 94 398 188
B2 0.0051 90 151 211 189
B2 0.0049 265 151 334 196
F2 0.0048 301 11 630 162
B2 0.0048 124 183 195 229
B2 0.0044 233 92 314 113
B2 0.0043 256 99 333 137
B2 0.0042 234 169 265 197
B2 0.0041 109 124 230 146
B2 0.0041 238 65 286 97
G3 0.0040 61 126 206 149
F2 0.0040 47 93 399 179
B2 0.0035 144 188 195 230
B2 0.0035 129 50 195 110
C2 0.0034 210 175 316 239
D2 0.0034 228 196 323 240
O0 0.0033 455 247 603 348
B2 0.0032 237 196 325 240
C3 0.0032 264 49 320 96
B2 0.0032 66 125 231 150
C2 0.0030 334 96 399 186
B2 0.0029 321 143 403 210
B2 0.0029 57 138 218 190
E2 0.0028 89 96 459 338
G3 0.0028 130 75 174 104
F2 0.0028 134 14 602 161
G3 0.0027 412 125 453 208
B2 0.0027 293 135 342 177
E0 0.0026 136 6 604 137
C3 0.0025 236 14 625 155
G3 0.0025 95 124 240 160
B2 0.0025 233 62 317 112
G3 0.0024 68 141 219 188
Q0 0.0024 -1 1 271 119
G3 0.0024 113 66 187 126
A2 0.0023 54 130 358 235
A2 0.0023 58 36 389 150
F2 0.0021 63 126 231 149
B2 0.0021 257 93 360 137
F2 0.0020 60 137 217 189
G3 0.0020 335 11 599 164
D2 0.0020 331 143 401 209
B2 0.0019 255 128 342 182
A2 0.0019 171 57 348 126
A2 0.0018 104 46 376 135
G3 0.0018 365 81 418 205
E0 0.0017 321 355 591 484
Q0 0.0017 477 2 600 170
B2 0.0014 163 137 216 169
Q0 0.0014 343 7 595 168
B2 0.0013 431 0 484 29
A2 0.0013 101 50 208 128
H3 0.0013 4 1 597 167
Q0 0.0013 456 246 601 353
D2 0.0013 431 0 484 30
A2 0.0012 60 44 283 147
G3 0.0012 201 3 600 167
L0 0.0012 422 260 599 481
C2 0.0011 431 0 484 30
G3 0.0011 350 93 393 110
E2 0.0011 65 123 226 151
B2 0.0011 317 81 390 110
E0 0.0010 0 -5 597 160
B0 0.0010 82 4 600 183
Q0 0.0010 -10 2 600 141
F2 0.0010 103 -4 644 229
I3 0.0010 538 336 600 474
B2 0.0010 296 335 339 354
