A2 0.7092 32 70 372 325
A2 0.1373 58 37 429 295
A2 0.1262 -13 13 465 351
A2 0.0818 10 147 290 329
A2 0.0748 -28 122 346 334
A2 0.0549 25 174 242 326
E0 0.0519 1 57 409 353
H3 0.0337 3 55 413 370
A2 0.0336 45 78 302 286
A2 0.0302 42 164 345 344
A2 0.0182 24 203 181 325
A2 0.0127 30 200 327 328
Q0 0.0120 -1 11 413 360
G3 0.0119 165 205 199 228
B2 0.0097 293 192 335 235
B2 0.0096 81 268 121 306
B2 0.0077 175 246 209 260
B2 0.0076 175 292 210 308
B2 0.0069 160 274 209 309
B2 0.0062 165 205 199 228
D2 0.0060 273 107 330 123
B2 0.0060 322 174 360 193
D2 0.0060 127 124 161 142
B2 0.0056 112 272 155 291
B2 0.0055 127 124 161 142
B2 0.0053 274 107 327 122
A2 0.0053 242 70 404 180
B2 0.0049 346 142 384 176
B2 0.0048 173 285 210 307
A2 0.0047 181 51 398 286
B2 0.0046 45 261 97 308
B2 0.0043 117 177 160 200
A2 0.0041 57 88 273 245
B2 0.0040 25 271 69 309
C2 0.0040 103 198 147 239
A2 0.0039 206 103 322 218
A2 0.0037 106 75 302 211
B2 0.0036 347 100 381 118
B2 0.0035 103 199 154 239
B2 0.0034 81 276 115 306
A2 0.0034 127 54 397 225
B2 0.0033 55 247 99 281
B2 0.0032 175 234 214 261
A2 0.0032 219 64 386 217
B2 0.0032 348 142 385 159
G3 0.0031 348 101 381 119
B2 0.0031 342 77 381 102
B2 0.0030 289 95 318 112
A2 0.0030 80 264 137 281
G3 0.0030 175 249 209 260
A2 0.0029 37 180 218 289
B2 0.0028 241 204 286 238
G3 0.0027 346 97 400 119
A2 0.0027 48 120 248 257
A2 0.0026 132 98 394 295
B2 0.0024 162 265 207 304
C3 0.0023 54 198 160 252
A2 0.0022 179 256 216 288
B2 0.0022 215 286 265 305
B2 0.0022 63 264 97 304
A2 0.0022 35 192 188 265
A2 0.0021 65 183 215 265
A2 0.0021 128 89 248 182
A2 0.0020 253 70 396 244
B2 0.0019 44 226 95 270
A2 0.0019 26 214 137 321
B2 0.0018 108 271 156 307
A2 0.0018 49 149 204 252
A2 0.0017 294 98 347 161
B2 0.0017 342 77 382 114
B2 0.0017 342 91 379 116
B2 0.0017 26 284 67 311
B2 0.0016 131 251 154 266
A2 0.0015 26 172 179 304
B2 0.0015 185 186 211 199
E1 0.0015 24 37 132 199
B2 0.0015 355 106 385 143
B2 0.0014 86 268 121 287
A2 0.0014 57 196 161 250
B2 0.0014 140 272 188 290
B2 0.0014 93 280 138 321
B2 0.0014 97 268 123 277
G3 0.0014 173 208 199 229
A2 0.0014 202 118 221 133
A2 0.0013 69 123 382 353
C0 0.0013 52 195 168 252
B2 0.0013 270 107 335 126
A2 0.0013 295 76 399 195
B2 0.0012 124 123 163 157
A2 0.0012 310 84 392 175
B2 0.0012 258 238 297 263
A2 0.0012 154 134 357 328
A2 0.0012 134 64 370 192
F2 0.0011 5 398 198 416
B2 0.0011 321 167 355 182
A2 0.0011 161 143 184 176
C3 0.0011 259 93 289 144
B2 0.0010 119 125 165 169
A2 0.0010 152 82 324 169
F2 0.0010 -6 387 209 416
C0 0.0010 81 190 178 253
B2 0.0010 344 97 397 119
F2 0.0010 28 195 212 270
