A2 0.2547 141 19 294 116
B2 0.1999 139 19 293 117
E2 0.1954 60 73 386 234
E2 0.0831 16 56 465 242
A2 0.0635 65 102 343 341
F2 0.0600 80 100 341 339
A2 0.0560 125 193 338 353
E2 0.0528 74 86 332 327
B2 0.0451 74 83 349 231
B2 0.0409 78 110 346 350
A2 0.0251 318 67 399 362
A2 0.0241 73 166 361 356
D2 0.0237 48 55 446 236
H3 0.0204 10 -12 402 356
D2 0.0180 81 62 399 357
E0 0.0152 39 42 399 356
C2 0.0131 243 280 311 335
D2 0.0129 153 252 211 278
C2 0.0124 153 252 210 278
D2 0.0122 3 -12 400 359
A2 0.0119 27 71 411 367
B2 0.0116 154 252 210 278
A2 0.0094 230 248 403 359
E2 0.0094 2 -6 486 294
A2 0.0083 89 207 297 352
B2 0.0083 235 259 332 356
C2 0.0081 178 46 241 108
B2 0.0079 70 64 433 265
B2 0.0076 157 77 416 139
B2 0.0073 216 318 254 344
F2 0.0073 231 249 404 358
B2 0.0066 75 116 321 260
B2 0.0065 96 74 478 142
B2 0.0062 172 31 327 110
B2 0.0061 232 47 270 91
C3 0.0060 280 29 369 74
G3 0.0058 380 94 399 121
C2 0.0055 166 0 225 28
C2 0.0054 171 259 228 308
E2 0.0051 77 126 389 228
A2 0.0049 151 213 281 353
B2 0.0048 325 97 400 362
B2 0.0046 215 289 250 335
F2 0.0045 134 15 385 90
A2 0.0044 235 256 332 357
E2 0.0040 70 59 412 178
B2 0.0040 77 172 329 317
A2 0.0039 259 85 401 364
A2 0.0038 128 16 370 102
C3 0.0038 236 262 331 356
B2 0.0038 178 46 240 108
A2 0.0037 92 213 239 332
Q0 0.0035 2 -9 396 358
A2 0.0033 156 19 259 70
B2 0.0033 76 192 310 278
B2 0.0033 316 0 399 69
C2 0.0032 314 0 358 46
B2 0.0030 146 19 250 79
F2 0.0029 82 189 321 345
B2 0.0027 176 259 227 305
A2 0.0026 91 213 229 294
F2 0.0025 279 29 369 74
B2 0.0024 91 213 226 269
B2 0.0023 280 29 374 77
A2 0.0023 91 234 268 342
E2 0.0023 47 97 440 254
E2 0.0022 29 55 417 357
B2 0.0022 85 67 422 169
A2 0.0020 175 226 265 353
B2 0.0020 195 313 254 346
B2 0.0019 227 47 314 99
B2 0.0019 40 52 456 190
A2 0.0019 266 249 393 321
F2 0.0018 183 24 340 104
B2 0.0018 131 35 357 130
C2 0.0017 265 206 330 259
C2 0.0017 241 270 302 325
C2 0.0017 238 292 307 348
Q0 0.0017 1 0 163 356
B2 0.0016 177 223 220 258
E2 0.0016 89 35 346 199
B2 0.0016 350 64 400 317
C3 0.0015 289 42 370 73
B2 0.0015 289 187 329 208
F2 0.0015 89 211 252 307
B2 0.0015 358 316 399 357
G3 0.0014 310 81 404 106
B2 0.0014 351 150 400 354
R0 0.0014 118 -18 285 0
E2 0.0014 90 78 411 286
D2 0.0014 272 206 330 260
B2 0.0013 279 264 330 312
E2 0.0013 98 116 371 265
G3 0.0013 359 56 390 129
G3 0.0013 167 0 402 79
C2 0.0013 88 221 141 266
B2 0.0013 305 125 365 154
C3 0.0012 289 187 329 208
D2 0.0012 326 58 402 360
G3 0.0012 310 79 405 95
C2 0.0012 197 287 229 354
B2 0.0011 205 82 401 133
D2 0.0011 125 16 402 133
A2 0.0011 102 175 361 296
B2 0.0011 382 112 399 166
A2 0.0011 141 19 310 81
C2 0.0011 303 127 358 155
B2 0.0011 77 88 283 212
A2 0.0010 183 238 333 361
B2 0.0010 162 82 417 164
I0 0.0010 0 0 26 137
R0 0.0010 3 -4 155 353
B2 0.0010 164 36 239 119
F2 0.0010 276 27 398 89
