A2 0.6698 86 69 289 220
A2 0.1020 96 73 255 185
A2 0.0474 147 80 298 220
A2 0.0231 85 123 264 207
Q0 0.0163 0 61 160 236
A2 0.0102 102 77 204 162
Q0 0.0099 2 61 414 238
A2 0.0090 134 78 268 166
C3 0.0074 244 65 414 240
Q0 0.0070 72 65 302 234
R0 0.0065 2 58 166 236
A2 0.0053 120 114 290 220
A2 0.0050 109 79 232 152
A2 0.0044 83 73 213 204
C2 0.0040 315 0 361 65
A2 0.0034 254 66 416 234
B2 0.0033 111 156 167 189
B2 0.0032 219 139 252 172
A2 0.0031 82 137 249 196
Q0 0.0030 225 75 419 235
E0 0.0026 76 60 309 235
A2 0.0026 169 83 261 147
B2 0.0022 157 127 195 157
B2 0.0022 226 127 257 143
B2 0.0020 0 -1 45 68
E0 0.0019 22 59 153 229
C2 0.0018 0 0 44 64
A2 0.0017 200 81 307 223
A2 0.0017 130 91 195 138
B2 0.0016 224 164 255 187
I3 0.0016 320 -74 420 77
A2 0.0016 231 115 243 132
B2 0.0015 107 121 141 157
H3 0.0015 236 63 412 229
C2 0.0015 243 0 272 48
Q0 0.0011 -2 -3 420 90
B2 0.0011 248 98 272 129
A2 0.0011 218 148 248 176
C3 0.0011 63 73 144 206
B2 0.0011 225 154 246 172
B2 0.0010 189 156 235 198
