A2 0.3194 -17 8 211 197
A2 0.2658 1 32 170 215
A2 0.2441 8 75 208 207
A2 0.2348 17 22 207 155
A2 0.1491 62 31 195 144
A2 0.1331 -20 51 221 231
A2 0.1002 89 41 192 171
A2 0.0657 103 32 185 93
E0 0.0622 1 0 220 218
Q0 0.0583 0 -1 220 216
A2 0.0531 89 33 187 122
A2 0.0470 29 14 192 124
A2 0.0448 23 32 132 187
A2 0.0445 38 117 166 207
A2 0.0393 94 57 189 150
A2 0.0371 105 33 160 70
A2 0.0360 22 102 181 218
H3 0.0350 5 0 220 217
A2 0.0330 22 31 232 207
A2 0.0300 13 87 156 199
C2 0.0265 98 114 122 147
C2 0.0223 110 155 148 191
A2 0.0193 53 53 194 163
A2 0.0179 47 88 170 182
A2 0.0177 130 69 176 92
A2 0.0165 26 104 139 192
B2 0.0162 47 162 78 178
A2 0.0160 117 66 180 95
A2 0.0141 75 99 140 163
A2 0.0129 98 70 165 136
D2 0.0127 47 162 78 179
A2 0.0125 37 118 127 189
D2 0.0117 111 156 148 191
B2 0.0112 67 56 88 77
D2 0.0111 98 115 122 147
A2 0.0110 25 104 109 165
G3 0.0110 185 84 197 134
A2 0.0084 56 101 202 211
B2 0.0084 31 125 59 142
B2 0.0083 165 77 197 146
A2 0.0080 99 150 154 194
A2 0.0074 39 49 72 111
A2 0.0072 39 161 166 207
C2 0.0070 141 159 178 180
B2 0.0069 111 153 149 191
A2 0.0067 75 58 112 120
A2 0.0066 166 81 193 143
B2 0.0065 90 139 110 159
C2 0.0065 166 93 189 137
B2 0.0063 98 114 121 147
A2 0.0062 23 36 98 174
B2 0.0059 71 107 99 122
A2 0.0058 51 52 117 132
A2 0.0056 48 18 165 106
B2 0.0054 88 181 111 190
D2 0.0053 141 160 177 179
A2 0.0052 10 29 128 135
B2 0.0050 166 84 190 141
A2 0.0049 112 62 199 167
C2 0.0048 47 162 76 178
A2 0.0046 122 28 197 160
A2 0.0045 22 31 102 117
D2 0.0044 90 139 110 159
B2 0.0043 103 33 148 65
A2 0.0043 127 114 171 145
B2 0.0042 88 96 106 113
B2 0.0041 185 78 197 149
A2 0.0039 29 51 79 127
A2 0.0038 130 40 186 95
A2 0.0038 36 85 223 182
B2 0.0037 143 158 179 179
A2 0.0037 103 31 187 70
A2 0.0036 54 24 155 65
B2 0.0036 41 53 71 110
A2 0.0034 79 63 106 111
A2 0.0033 51 37 107 113
A2 0.0032 75 132 173 200
A2 0.0032 50 173 154 207
B2 0.0031 45 131 75 158
B2 0.0031 82 71 104 108
A2 0.0030 68 25 150 93
B2 0.0030 53 118 80 132
A2 0.0029 25 88 65 129
A2 0.0029 76 95 202 172
B2 0.0028 157 138 186 160
A2 0.0028 57 41 90 99
B2 0.0027 72 140 94 154
A2 0.0026 138 124 193 182
A2 0.0025 94 106 184 160
A2 0.0024 85 32 137 72
B2 0.0024 96 31 163 70
A2 0.0024 42 126 105 184
A2 0.0023 124 127 176 155
B2 0.0023 56 109 71 125
A2 0.0023 46 26 129 114
B2 0.0023 30 70 43 96
A2 0.0022 62 58 106 113
A2 0.0022 55 25 185 84
D2 0.0022 45 131 74 158
A2 0.0022 86 115 195 213
B2 0.0021 141 115 168 141
B2 0.0021 128 115 171 147
B2 0.0020 73 111 97 123
A2 0.0020 109 110 180 154
A2 0.0020 25 86 62 147
B2 0.0020 96 37 124 62
B2 0.0019 71 130 97 154
C2 0.0019 141 165 171 180
A2 0.0018 25 61 64 132
A2 0.0018 64 24 112 61
G3 0.0018 43 60 64 102
B2 0.0017 45 161 104 185
F2 0.0017 102 33 149 66
E3 0.0016 1 155 57 218
C3 0.0016 167 92 189 137
A2 0.0015 24 54 69 112
F2 0.0015 61 23 109 58
B2 0.0015 65 24 106 59
B2 0.0015 138 81 164 101
B2 0.0015 80 122 98 132
D2 0.0014 52 186 63 202
B2 0.0014 75 171 103 184
B2 0.0014 83 181 115 197
B2 0.0014 75 132 99 150
B2 0.0014 26 93 60 127
A2 0.0014 44 159 114 185
B2 0.0014 157 44 178 66
D2 0.0014 10 0 220 209
C2 0.0014 94 37 125 61
C2 0.0013 39 178 64 199
F2 0.0013 53 15 170 73
B2 0.0013 131 70 168 87
A2 0.0013 145 72 197 148
F2 0.0013 25 88 60 127
A2 0.0013 152 41 187 80
B2 0.0013 141 168 169 180
A2 0.0013 158 45 200 153
C2 0.0013 109 92 149 120
D2 0.0013 142 167 170 180
B2 0.0012 162 135 177 148
A2 0.0012 24 98 100 190
Q0 0.0012 160 137 220 219
B2 0.0012 85 131 102 145
A2 0.0012 163 71 198 148
A2 0.0012 134 35 191 78
A2 0.0012 67 63 100 110
B2 0.0012 25 90 46 111
A2 0.0012 55 40 99 86
D2 0.0012 1 149 57 220
B2 0.0012 31 56 49 63
A2 0.0011 125 112 193 193
A2 0.0011 24 66 52 115
E3 0.0011 143 143 219 223
C2 0.0011 111 162 140 191
C3 0.0010 39 178 63 200
B2 0.0010 107 174 161 207
B2 0.0010 164 145 186 161
B2 0.0010 112 95 153 118
C3 0.0010 44 59 67 103
