A2 0.5203 19 0 317 277
A2 0.3598 -14 -31 355 325
A2 0.2219 37 21 287 236
A2 0.1157 -10 62 323 317
F2 0.0841 10 41 274 309
A2 0.0647 -88 -41 390 388
F2 0.0566 -35 -6 319 362
A2 0.0308 31 85 262 308
E0 0.0300 0 -2 321 313
D2 0.0234 28 13 299 304
H3 0.0163 5 -3 323 310
A2 0.0141 76 62 308 299
A2 0.0090 74 16 300 187
B2 0.0050 62 76 85 112
A2 0.0039 101 -7 307 259
A2 0.0025 30 43 214 290
F2 0.0024 35 80 223 298
B2 0.0021 110 174 154 203
B2 0.0021 55 113 78 131
A2 0.0020 186 46 297 281
A2 0.0017 84 20 259 134
A2 0.0017 52 195 158 305
D2 0.0016 198 99 226 146
A2 0.0016 108 23 208 100
A2 0.0016 31 3 189 248
B2 0.0015 256 79 281 102
C2 0.0014 60 215 97 246
A2 0.0013 37 109 96 197
B2 0.0012 60 215 99 247
A2 0.0012 117 24 199 83
B2 0.0012 253 147 291 162
C2 0.0012 197 99 227 146
A2 0.0012 96 22 246 107
B2 0.0011 197 99 226 144
B2 0.0011 157 256 186 291
G3 0.0010 197 99 226 149
A2 0.0010 121 23 234 95
