L0 0.4872 354 268 560 448
L0 0.3136 424 138 602 300
A2 0.2846 49 39 382 347
H3 0.1667 351 267 557 450
I3 0.1350 355 268 558 448
H3 0.1290 422 137 601 305
I3 0.0598 421 138 600 299
C3 0.0168 422 133 600 300
E0 0.0134 28 43 398 342
C3 0.0132 34 66 342 348
B2 0.0114 181 220 241 258
C3 0.0103 353 263 559 448
D2 0.0088 182 220 241 258
D2 0.0074 29 46 396 345
H3 0.0072 5 -73 605 449
B2 0.0069 196 249 256 286
H3 0.0064 28 45 406 346
D2 0.0062 290 191 350 247
Q0 0.0052 29 47 394 347
D2 0.0049 8 -58 591 446
B2 0.0049 202 250 251 279
B2 0.0043 289 192 350 246
C3 0.0041 291 191 349 246
B2 0.0038 239 204 302 266
B2 0.0034 143 136 188 177
B2 0.0029 189 261 246 290
G3 0.0021 0 231 15 452
D2 0.0020 144 136 187 176
Q0 0.0018 32 5 483 380
B2 0.0018 183 235 211 257
B2 0.0018 105 222 181 276
B2 0.0016 230 190 291 213
B2 0.0016 226 163 298 212
B2 0.0014 177 249 251 289
E0 0.0014 41 213 393 396
H3 0.0014 18 8 451 421
D2 0.0013 178 179 206 222
B2 0.0013 178 179 207 222
O0 0.0013 359 293 550 450
C3 0.0012 56 254 364 403
B2 0.0011 190 269 241 290
B2 0.0011 223 241 288 283
G3 0.0010 0 143 18 544
B2 0.0010 228 196 286 212
