A2 0.4029 71 27 399 264
A2 0.0879 17 -20 451 277
A2 0.0783 52 77 348 266
A2 0.0454 137 81 369 269
A2 0.0254 108 22 414 207
E0 0.0208 30 9 454 300
A2 0.0158 56 23 320 222
A2 0.0152 152 29 376 161
A2 0.0147 201 32 363 143
B2 0.0115 189 133 233 180
B2 0.0111 110 139 145 169
A2 0.0099 231 36 348 132
H3 0.0095 22 13 453 302
A2 0.0091 184 104 218 123
A2 0.0089 75 180 197 260
B2 0.0089 240 193 290 226
D2 0.0089 191 133 233 178
Q0 0.0082 8 12 452 299
B2 0.0081 356 171 400 208
A2 0.0074 160 129 354 266
D2 0.0071 356 171 401 210
A2 0.0061 185 19 403 264
A2 0.0042 169 143 298 183
B2 0.0042 257 72 293 109
A2 0.0041 92 25 325 170
A2 0.0040 56 35 254 199
A2 0.0039 73 71 212 183
A2 0.0038 241 39 403 229
A2 0.0034 80 82 169 173
A2 0.0034 294 114 403 276
A2 0.0033 67 136 213 265
B2 0.0033 299 90 335 124
B2 0.0032 88 88 140 133
A2 0.0031 236 33 386 164
B2 0.0031 143 213 176 262
B2 0.0031 280 140 330 189
G3 0.0031 160 27 195 62
B2 0.0029 124 76 152 90
A2 0.0028 251 33 375 135
A2 0.0028 278 48 393 220
A2 0.0028 116 25 266 142
A2 0.0027 295 172 354 273
B2 0.0027 208 191 243 213
C2 0.0026 -2 293 85 308
B2 0.0026 234 107 291 137
C3 0.0025 0 292 85 306
B2 0.0025 222 221 263 249
A2 0.0025 45 48 258 263
F2 0.0024 47 151 139 187
B2 0.0024 223 165 259 203
B2 0.0024 292 119 347 146
B2 0.0024 61 155 138 185
B2 0.0023 135 49 165 86
B2 0.0022 124 68 152 90
A2 0.0020 248 75 402 272
B2 0.0020 310 171 351 248
F2 0.0019 43 89 208 259
A2 0.0019 167 87 186 106
B2 0.0019 110 136 160 169
B2 0.0019 298 31 324 68
A2 0.0019 190 112 383 276
B2 0.0018 92 114 137 153
C3 0.0018 234 47 270 108
G3 0.0018 192 106 205 115
B2 0.0018 99 128 145 169
F2 0.0018 45 138 180 242
F2 0.0017 2 -3 254 25
A2 0.0017 128 30 230 96
A2 0.0017 303 96 399 227
B2 0.0016 133 170 176 207
B2 0.0016 175 123 234 167
A2 0.0016 266 47 389 152
B2 0.0015 93 119 140 165
B2 0.0014 288 188 330 214
C3 0.0014 53 156 139 186
B2 0.0013 205 67 236 83
B2 0.0013 87 93 115 128
A2 0.0013 163 179 286 258
A2 0.0013 221 35 329 103
B2 0.0012 90 88 136 117
A2 0.0012 40 109 202 274
A2 0.0012 155 152 299 262
B2 0.0012 120 180 190 220
B2 0.0011 235 47 269 108
F2 0.0011 3 0 174 23
B2 0.0011 357 170 399 191
D2 0.0011 162 26 195 62
C3 0.0011 162 27 195 61
A2 0.0011 46 132 330 269
C3 0.0011 143 213 176 263
B2 0.0011 93 123 134 150
F2 0.0011 278 1 460 34
F2 0.0010 136 16 404 96
D2 0.0010 313 240 453 388
F2 0.0010 4 -35 98 -1
B2 0.0010 202 163 256 214
A2 0.0010 296 66 383 136
A2 0.0010 172 73 203 109
A2 0.0010 66 64 163 186
B2 0.0010 289 31 324 76
A2 0.0010 74 73 186 161
