A2 0.5137 38 50 242 239
C3 0.0951 238 -3 292 128
F0 0.0572 237 -1 293 129
O0 0.0363 238 0 293 127
D2 0.0336 44 36 251 253
E0 0.0318 45 39 252 253
A2 0.0257 75 56 242 205
E2 0.0210 238 -5 292 130
C2 0.0205 238 -1 293 129
A2 0.0197 87 59 235 160
P0 0.0195 238 0 293 128
D2 0.0181 -2 -1 284 275
Q0 0.0136 45 34 256 251
A2 0.0131 87 58 223 130
Q0 0.0125 0 0 287 273
K0 0.0113 237 -1 293 130
H3 0.0107 43 40 256 257
F2 0.0104 34 0 260 22
I3 0.0091 0 1 41 148
C2 0.0087 281 7 293 58
N0 0.0065 238 0 293 127
F2 0.0057 40 0 255 14
A2 0.0053 58 107 240 244
H3 0.0035 -3 1 293 280
K0 0.0030 281 3 293 113
A2 0.0028 87 59 180 122
B3 0.0028 0 2 37 157
A2 0.0024 111 51 245 244
A2 0.0022 49 54 182 232
C3 0.0020 165 100 250 255
H3 0.0019 0 0 38 139
C3 0.0018 281 8 293 64
B2 0.0018 149 59 170 86
F2 0.0016 26 0 267 36
O0 0.0016 0 -1 40 147
Q0 0.0016 7 266 295 293
Q0 0.0015 0 229 293 289
I3 0.0015 282 1 293 61
Q0 0.0015 22 0 286 35
Q0 0.0015 -1 0 39 141
B2 0.0014 130 59 166 87
A2 0.0014 152 76 250 261
B2 0.0012 142 59 166 86
B0 0.0012 0 0 42 221
B0 0.0012 239 0 294 134
E2 0.0012 279 6 293 128
F2 0.0011 65 0 275 11
F0 0.0011 282 2 292 66
A2 0.0010 66 157 169 241
