A2 0.2809 361 -3 753 277
A2 0.0605 248 213 729 608
D2 0.0325 355 555 414 634
C2 0.0294 204 489 306 557
C2 0.0194 739 567 779 628
D2 0.0191 260 588 326 647
B2 0.0160 356 554 414 633
E3 0.0158 151 214 762 597
F2 0.0147 508 499 626 603
C3 0.0122 740 567 780 628
Q0 0.0120 565 165 1017 627
I3 0.0118 0 17 25 135
B2 0.0108 260 588 326 647
E2 0.0094 578 449 697 544
F2 0.0082 198 238 689 625
F2 0.0080 298 215 591 427
C2 0.0080 0 14 25 126
B2 0.0076 168 361 246 431
F2 0.0073 576 450 698 545
A2 0.0070 370 219 750 521
B2 0.0066 513 494 622 605
B2 0.0064 204 489 306 556
F2 0.0061 236 299 562 509
C3 0.0059 369 439 422 501
F2 0.0059 43 -13 843 285
F2 0.0057 305 228 665 480
F2 0.0054 166 344 320 500
F2 0.0053 395 402 441 454
C3 0.0052 203 488 306 557
H3 0.0050 0 14 25 131
C2 0.0050 513 172 618 269
C2 0.0045 -1 0 157 44
R0 0.0043 580 161 1009 623
E3 0.0042 245 330 691 522
E2 0.0041 592 352 749 490
A3 0.0040 591 356 751 486
F2 0.0040 263 271 489 495
D2 0.0038 0 11 1010 680
F2 0.0038 515 476 615 590
B2 0.0037 317 270 372 345
C3 0.0037 446 383 510 447
C3 0.0037 0 14 25 125
A2 0.0035 335 239 676 491
C0 0.0035 446 384 509 447
F2 0.0035 592 356 750 486
F2 0.0034 186 291 594 558
F2 0.0032 291 331 539 501
F2 0.0032 384 295 453 361
C3 0.0031 598 479 692 541
C0 0.0030 369 441 421 500
C3 0.0029 535 472 594 557
E2 0.0029 169 348 319 441
F2 0.0028 385 230 635 438
B2 0.0028 540 560 599 601
Q0 0.0028 735 390 760 453
F2 0.0028 437 328 489 377
A2 0.0027 301 266 429 366
F2 0.0027 333 290 591 559
B2 0.0025 286 270 372 349
B2 0.0025 592 356 749 490
C2 0.0025 588 479 692 543
F2 0.0025 403 351 461 392
E2 0.0024 3 59 153 708
C3 0.0024 14 9 453 420
F2 0.0024 362 381 435 442
Q0 0.0023 -3 49 174 693
C3 0.0023 535 473 571 518
C2 0.0021 0 -3 25 253
C3 0.0021 541 496 594 556
C0 0.0020 501 450 546 487
C3 0.0019 375 385 429 434
B2 0.0019 519 175 617 269
C3 0.0018 594 451 692 540
F2 0.0018 426 333 453 359
Q0 0.0018 6 -8 1011 676
E2 0.0018 6 0 387 628
F2 0.0017 477 319 525 350
C3 0.0017 346 -8 743 277
C3 0.0017 570 143 1019 632
Q0 0.0016 -7 4 873 271
F2 0.0016 437 258 748 514
E2 0.0015 842 487 1026 643
Q0 0.0015 70 -172 835 -6
C2 0.0015 375 384 429 433
C3 0.0015 556 364 603 429
C3 0.0015 446 337 486 377
E2 0.0015 0 143 31 570
C0 0.0015 442 335 488 389
C0 0.0014 541 502 594 557
G3 0.0014 10 2 884 284
C3 0.0014 512 504 623 598
I3 0.0014 0 11 27 220
E2 0.0014 858 481 963 585
A2 0.0014 511 366 591 432
F2 0.0014 6 -2 484 158
F2 0.0013 605 451 641 484
E2 0.0013 180 403 317 505
E3 0.0013 675 345 797 503
E2 0.0013 199 477 312 560
D2 0.0013 2 4 812 274
C3 0.0013 512 504 599 566
B2 0.0012 536 555 622 600
A2 0.0012 556 368 591 411
F0 0.0012 415 362 448 390
C3 0.0012 460 459 517 502
C3 0.0012 524 420 579 478
F2 0.0012 536 475 573 516
C0 0.0012 602 449 640 486
C3 0.0012 342 418 410 465
E0 0.0011 0 -78 68 90
C0 0.0011 458 458 517 501
F2 0.0011 327 384 362 428
F2 0.0011 494 332 740 538
C0 0.0011 497 357 561 424
C0 0.0011 555 365 602 431
F2 0.0011 399 212 575 323
F2 0.0011 214 345 486 518
F2 0.0010 371 337 423 394
C0 0.0010 341 418 408 465
E3 0.0010 291 335 718 579
F0 0.0010 451 383 509 443
F2 0.0010 293 388 515 561
C3 0.0010 81 -3 491 161
C0 0.0010 376 384 428 432
C3 0.0010 301 452 360 515
H3 0.0010 -2 42 32 247
E2 0.0010 640 461 679 493
F2 0.0010 162 341 339 446
