A2 0.0688 29 27 496 370
E0 0.0535 41 6 561 395
D2 0.0476 45 12 572 361
F2 0.0466 46 118 541 345
F2 0.0381 58 41 462 353
A2 0.0343 55 123 539 347
F2 0.0317 1 18 570 382
C2 0.0160 553 51 584 94
A2 0.0126 140 14 508 313
A3 0.0110 -30 4 624 400
C2 0.0110 302 163 376 217
F2 0.0106 202 13 479 175
Q0 0.0093 29 18 577 364
E0 0.0093 44 148 563 397
F2 0.0092 175 10 492 235
F2 0.0089 98 4 523 319
A2 0.0059 -48 -28 599 383
Q0 0.0048 47 381 298 486
C2 0.0046 249 100 302 164
F2 0.0041 200 13 462 108
C2 0.0029 300 162 372 253
B2 0.0016 415 63 471 100
F2 0.0015 45 188 510 348
A2 0.0015 76 25 419 296
A2 0.0015 135 44 574 369
B2 0.0013 258 225 316 276
B2 0.0011 436 230 470 277
A2 0.0011 204 106 561 357
E0 0.0010 33 234 584 415
C2 0.0010 43 188 82 242
