A2 0.2372 -46 95 458 436
A2 0.1554 -23 156 389 402
A2 0.1541 -64 136 296 417
A2 0.1144 44 3 471 379
A2 0.0793 -21 153 246 395
E0 0.0772 2 14 404 400
Q0 0.0680 0 3 403 396
H3 0.0468 1 17 405 400
A2 0.0421 68 137 467 383
A2 0.0272 50 16 412 246
A2 0.0272 21 269 342 381
A2 0.0211 -24 234 340 389
A2 0.0161 -52 86 356 377
A2 0.0132 7 5 498 276
A2 0.0129 -8 244 246 384
D2 0.0119 6 0 400 387
B2 0.0087 76 244 122 278
A2 0.0085 138 44 424 207
B2 0.0084 93 341 137 364
A2 0.0078 145 157 423 388
A2 0.0064 -1 161 183 378
A2 0.0062 45 211 437 398
B2 0.0060 210 246 243 270
B2 0.0055 369 245 402 286
A2 0.0051 71 20 358 203
Q0 0.0044 1 -1 401 106
A2 0.0044 193 44 386 188
B2 0.0044 133 185 168 211
B2 0.0039 148 33 187 61
A2 0.0038 -9 102 199 313
B2 0.0035 176 330 200 360
B2 0.0032 386 169 404 207
A2 0.0032 146 21 433 293
B2 0.0030 0 268 44 323
B2 0.0029 316 72 353 102
B2 0.0029 79 340 133 367
B2 0.0028 362 217 397 248
C3 0.0028 0 335 21 407
B2 0.0024 7 313 39 339
E2 0.0024 317 0 402 26
B2 0.0024 3 0 190 94
A2 0.0023 -24 74 244 299
C3 0.0023 318 0 403 26
A2 0.0023 1 264 95 351
A2 0.0022 14 35 374 353
C3 0.0021 1 350 98 404
A2 0.0021 80 81 363 227
F2 0.0021 147 33 249 63
A2 0.0021 23 104 311 345
A2 0.0021 0 267 49 332
A2 0.0020 123 277 278 356
A2 0.0020 -3 231 194 369
Q0 0.0020 -5 -1 401 59
A2 0.0020 176 240 389 374
A2 0.0019 -40 31 288 263
A2 0.0019 5 165 222 319
B2 0.0019 132 217 164 238
B2 0.0018 2 115 39 136
A2 0.0018 100 25 364 141
A2 0.0017 70 54 410 310
L0 0.0017 0 0 401 99
B2 0.0017 392 166 403 210
B2 0.0017 223 292 261 312
A2 0.0016 1 70 77 209
A2 0.0015 -5 79 201 251
A2 0.0015 227 54 404 214
A2 0.0015 145 43 447 397
B2 0.0014 216 342 254 370
B2 0.0014 119 281 160 316
B2 0.0014 361 206 400 249
A2 0.0014 261 109 399 207
F2 0.0014 206 47 329 93
B2 0.0013 80 334 111 350
B2 0.0013 80 328 116 350
B2 0.0013 85 239 117 255
A2 0.0013 75 264 392 397
A2 0.0012 23 284 213 374
D2 0.0012 2 1 399 108
A2 0.0012 1 179 125 369
A2 0.0012 63 43 173 136
C3 0.0012 0 311 20 418
A2 0.0012 0 191 18 286
A2 0.0011 116 30 343 116
A2 0.0011 0 191 28 281
A2 0.0011 1 204 65 282
A2 0.0011 120 28 299 166
A2 0.0011 209 48 331 94
A2 0.0011 0 258 21 403
A2 0.0011 146 35 256 92
E3 0.0011 280 303 399 402
A2 0.0011 197 197 411 375
B2 0.0011 290 122 319 147
B2 0.0010 1 272 43 307
B2 0.0010 19 246 62 280
F3 0.0010 320 0 406 113
A2 0.0010 99 61 332 324
A2 0.0010 51 34 205 127
A2 0.0010 240 57 388 173
A2 0.0010 98 58 290 187
A2 0.0010 -9 30 233 220
D2 0.0010 4 145 406 400
M0 0.0010 3 262 59 412
A2 0.0010 82 40 177 107
