H3 0.1252 108 0 282 71
F2 0.0893 -3 106 328 314
B0 0.0677 302 0 399 41
H3 0.0655 19 -1 299 73
H3 0.0622 0 1 182 82
F2 0.0577 -26 86 393 352
C3 0.0573 303 0 398 42
A2 0.0541 171 229 339 339
D0 0.0478 0 1 183 83
A2 0.0448 -42 92 369 347
F0 0.0425 302 0 399 40
K0 0.0316 32 0 281 74
F2 0.0233 86 103 385 309
P0 0.0229 302 0 399 41
H3 0.0203 23 4 173 43
D2 0.0202 4 102 389 338
K0 0.0199 53 8 176 38
K0 0.0187 36 13 252 158
C0 0.0186 113 -2 283 71
E3 0.0171 1 99 385 338
Q0 0.0156 1 60 388 345
C3 0.0148 119 -2 284 71
C0 0.0145 -1 2 180 81
F2 0.0145 10 103 392 251
D2 0.0125 2 -2 398 393
D0 0.0123 0 36 69 80
C2 0.0112 279 112 340 161
D2 0.0107 206 356 393 400
O0 0.0088 301 0 400 42
A0 0.0079 33 12 245 157
H3 0.0076 0 35 68 80
C3 0.0076 1 3 179 83
K0 0.0076 0 3 182 81
C0 0.0069 147 32 244 68
C2 0.0068 360 391 386 400
C0 0.0067 0 35 68 80
E2 0.0065 216 357 374 400
G0 0.0062 -3 0 279 78
A2 0.0061 273 148 390 227
H3 0.0060 15 0 305 47
K0 0.0051 142 31 250 69
K0 0.0046 11 0 177 30
F2 0.0046 48 11 319 176
K0 0.0044 30 0 287 41
B2 0.0037 88 134 115 165
C2 0.0036 20 152 86 196
B0 0.0035 -1 0 285 82
F2 0.0035 82 104 368 206
M0 0.0034 297 0 400 48
E2 0.0034 98 123 369 342
L0 0.0031 1 -3 396 381
C0 0.0031 360 391 385 400
C2 0.0030 171 239 223 278
E2 0.0030 101 354 367 402
K0 0.0029 52 0 170 26
F2 0.0029 33 141 384 360
B2 0.0028 92 244 150 273
F2 0.0027 113 110 241 167
A2 0.0026 216 232 344 330
B2 0.0026 283 116 340 159
A2 0.0025 230 107 384 235
B2 0.0025 136 271 175 312
Q0 0.0023 -3 -2 288 80
F2 0.0022 21 212 361 346
R0 0.0022 0 319 393 401
A2 0.0022 33 248 176 332
B2 0.0021 34 277 74 300
K0 0.0021 121 0 275 32
K0 0.0020 28 0 249 23
A2 0.0020 -4 182 355 355
Q0 0.0020 -4 304 390 401
F2 0.0020 7 127 211 318
F2 0.0019 152 224 334 342
Q0 0.0019 216 63 399 126
A2 0.0019 309 148 389 220
E0 0.0018 47 0 270 14
E0 0.0018 26 0 289 25
E3 0.0018 12 0 399 390
Q0 0.0018 4 0 398 71
H3 0.0018 2 3 120 81
E2 0.0018 12 378 125 400
H3 0.0016 146 -1 317 69
C3 0.0016 37 14 249 160
K0 0.0016 0 0 148 37
B2 0.0015 334 150 384 178
C2 0.0015 93 244 149 272
C0 0.0015 1 24 62 106
H3 0.0015 1 0 150 39
G0 0.0015 292 288 446 468
H3 0.0015 0 1 397 98
B0 0.0014 4 0 393 72
F2 0.0014 107 147 361 338
C2 0.0014 173 272 228 316
B2 0.0014 175 259 314 338
K0 0.0014 34 6 193 60
G0 0.0014 315 249 421 465
C2 0.0013 333 150 387 179
E2 0.0013 342 279 398 387
F2 0.0013 153 102 385 267
C2 0.0013 174 274 211 316
Q0 0.0012 161 0 402 70
E2 0.0012 15 342 404 401
B0 0.0012 26 -3 397 397
G0 0.0012 3 0 394 71
K0 0.0012 0 0 55 14
C0 0.0012 0 19 41 77
D2 0.0012 -1 0 399 148
K0 0.0012 0 0 92 20
F2 0.0011 3 108 246 272
B2 0.0011 316 273 343 286
B2 0.0011 175 271 230 316
C2 0.0011 303 1 410 38
C2 0.0011 225 198 296 239
A2 0.0010 280 236 343 312
E2 0.0010 -17 308 306 405
E2 0.0010 210 377 389 401
K0 0.0010 0 0 40 17
C3 0.0010 130 93 154 123
E3 0.0010 315 276 400 387
C3 0.0010 301 -2 397 63
A2 0.0010 17 144 98 201
B2 0.0010 130 93 154 123
