A2 0.4875 -52 65 584 481
A2 0.4081 90 66 576 400
A2 0.3051 19 105 482 446
A2 0.2510 -116 -25 744 505
E0 0.0644 4 11 599 523
A2 0.0616 175 349 439 432
A2 0.0491 171 303 444 433
A2 0.0408 100 182 472 436
A2 0.0380 205 85 540 426
A2 0.0278 325 363 432 427
D2 0.0265 148 145 201 181
A2 0.0265 142 249 454 432
H3 0.0249 4 10 601 528
A2 0.0246 78 79 483 339
Q0 0.0237 0 4 601 519
A2 0.0223 184 353 329 432
D2 0.0219 366 380 432 407
B2 0.0219 365 380 431 407
A2 0.0194 48 49 395 417
E0 0.0194 516 273 600 529
A2 0.0173 307 256 473 395
A2 0.0170 294 308 425 375
A2 0.0150 104 142 584 459
C3 0.0146 517 266 599 530
D2 0.0131 319 116 373 151
B2 0.0130 147 145 201 180
A2 0.0124 75 169 264 358
A2 0.0103 263 179 542 430
B2 0.0096 106 267 176 343
A2 0.0094 353 138 536 357
B2 0.0093 388 199 472 243
B2 0.0092 349 363 431 407
A2 0.0090 183 217 538 419
A2 0.0089 60 117 334 360
A2 0.0087 44 218 413 449
B2 0.0083 428 301 489 366
B2 0.0078 318 111 373 150
B2 0.0074 298 310 424 371
A2 0.0073 301 89 545 387
A2 0.0072 135 347 479 445
A2 0.0070 76 183 246 306
B2 0.0070 351 363 415 389
A2 0.0064 59 162 294 400
D2 0.0064 133 144 201 190
C2 0.0059 249 165 309 277
B2 0.0056 205 319 290 377
A2 0.0053 91 272 384 439
C2 0.0053 203 317 288 376
A2 0.0053 379 185 534 370
A2 0.0052 124 65 589 291
A2 0.0048 265 352 441 428
A2 0.0047 361 124 562 433
A2 0.0045 54 185 240 382
B2 0.0044 161 85 217 140
B2 0.0042 98 306 150 350
B2 0.0042 198 150 269 200
B2 0.0042 190 257 244 286
C2 0.0041 299 312 392 369
C2 0.0038 190 366 272 414
B2 0.0038 117 267 175 324
A2 0.0038 387 159 533 262
C2 0.0037 161 85 212 140
A2 0.0035 76 239 232 387
A2 0.0034 128 87 290 205
B2 0.0033 332 144 387 184
B2 0.0031 190 366 280 415
B2 0.0030 133 113 193 180
A2 0.0029 347 36 592 441
A2 0.0029 214 75 522 220
A2 0.0028 322 103 544 310
B2 0.0028 435 300 485 340
B2 0.0027 376 112 429 142
D2 0.0027 209 321 289 378
C2 0.0026 388 198 456 243
A2 0.0026 2 139 270 417
A2 0.0026 284 242 527 427
B2 0.0025 223 354 315 430
A2 0.0025 57 211 314 435
B2 0.0025 131 142 200 184
A2 0.0024 239 73 572 322
B2 0.0023 119 141 202 195
A2 0.0023 292 306 440 419
B2 0.0022 447 122 488 173
B2 0.0022 332 364 423 422
A2 0.0021 275 82 465 194
A2 0.0020 101 74 446 273
A2 0.0020 354 135 540 274
B2 0.0020 310 167 368 201
B2 0.0020 372 96 431 142
B2 0.0019 311 89 374 150
H3 0.0019 3 -9 596 164
B2 0.0018 267 398 320 432
B2 0.0018 79 222 156 300
A2 0.0018 105 122 294 210
B2 0.0017 255 164 308 288
C3 0.0017 38 359 199 530
A2 0.0016 84 105 330 267
B2 0.0016 315 375 371 431
A2 0.0016 356 90 587 364
F2 0.0016 0 275 83 527
B2 0.0016 384 140 466 173
B2 0.0015 302 312 386 367
B2 0.0014 426 165 494 209
B2 0.0014 141 275 176 338
Q0 0.0014 -2 272 81 529
B2 0.0014 191 366 262 407
A2 0.0014 118 313 360 434
D2 0.0014 256 170 305 292
B2 0.0014 120 270 155 306
B2 0.0013 157 363 199 413
Q0 0.0013 3 -12 596 175
A2 0.0013 377 108 570 294
B2 0.0013 133 193 214 253
B2 0.0013 210 284 259 322
B2 0.0013 407 250 464 296
C3 0.0013 1 292 82 528
C3 0.0013 518 368 600 527
B2 0.0013 491 268 531 306
B2 0.0013 448 238 513 275
B0 0.0012 0 273 86 524
C2 0.0012 257 165 302 244
B2 0.0012 95 288 151 347
E0 0.0012 1 -3 598 161
B2 0.0012 369 88 404 118
C3 0.0011 0 182 13 349
B0 0.0011 -1 12 94 535
B2 0.0011 185 365 306 425
B2 0.0011 62 227 90 283
E0 0.0011 510 142 601 530
A2 0.0010 -9 66 278 466
G3 0.0010 0 159 13 361
B2 0.0010 330 387 371 430
Q0 0.0010 496 14 602 193
A2 0.0010 141 82 345 209
Q0 0.0010 512 273 601 525
