A2 0.4550 41 55 500 368
A2 0.2849 92 71 407 328
A2 0.1021 101 -55 488 387
A2 0.0621 -23 15 619 412
E0 0.0447 73 -2 477 393
A2 0.0356 132 99 462 382
A2 0.0310 236 9 361 138
A2 0.0284 101 51 320 335
C2 0.0243 257 60 300 104
A2 0.0242 249 10 344 111
D2 0.0197 257 61 299 104
A2 0.0173 126 -5 442 286
A2 0.0166 105 106 344 371
A2 0.0159 183 23 495 351
A2 0.0159 188 7 413 146
C2 0.0145 283 91 342 139
D2 0.0122 -3 -6 476 402
B2 0.0118 181 125 240 163
A2 0.0104 172 218 438 380
A2 0.0091 138 87 231 148
H3 0.0091 3 -18 479 398
B2 0.0087 357 202 396 238
B2 0.0078 388 218 436 254
B2 0.0075 111 213 149 252
B2 0.0072 286 91 343 140
B2 0.0069 228 152 259 207
B2 0.0067 187 39 245 60
A2 0.0065 136 84 262 172
A2 0.0062 277 36 469 336
A2 0.0056 177 92 266 174
B2 0.0049 214 284 279 322
A2 0.0049 222 58 408 167
B2 0.0049 250 147 299 196
B2 0.0049 213 47 264 81
B2 0.0045 302 128 354 170
A2 0.0045 217 11 454 254
A2 0.0045 192 41 266 100
C3 0.0045 73 13 480 396
B2 0.0043 204 230 238 244
G3 0.0042 258 106 283 123
B2 0.0042 166 155 208 222
B2 0.0042 300 191 364 225
A2 0.0040 183 34 274 109
A2 0.0039 153 32 285 143
A2 0.0037 153 47 390 212
A2 0.0035 118 175 322 382
D2 0.0035 287 92 343 140
A2 0.0034 249 69 395 141
G3 0.0034 204 231 238 244
A2 0.0033 181 10 359 125
B2 0.0032 313 33 346 69
A2 0.0032 108 89 265 312
C2 0.0031 165 154 205 222
A2 0.0031 133 4 392 167
C2 0.0028 355 202 396 238
A2 0.0028 114 47 291 275
D2 0.0027 356 202 396 238
A2 0.0026 137 179 339 292
B2 0.0026 257 169 303 210
B2 0.0026 182 129 247 174
A2 0.0025 164 110 276 179
A2 0.0024 139 26 314 179
B2 0.0023 393 231 455 276
B2 0.0023 200 58 247 98
B2 0.0022 153 218 193 263
A2 0.0021 207 88 308 157
B2 0.0021 387 208 447 256
A2 0.0020 127 73 278 199
C2 0.0020 335 149 382 199
A2 0.0020 110 115 262 255
B2 0.0020 149 146 179 179
B2 0.0020 256 160 297 199
A2 0.0020 188 85 335 168
A2 0.0020 163 86 315 184
B2 0.0020 244 112 290 153
B2 0.0019 200 247 273 290
B2 0.0019 367 116 397 150
B2 0.0018 465 205 477 253
A2 0.0018 110 153 234 306
B2 0.0018 388 226 427 254
B2 0.0018 123 181 151 210
B2 0.0018 164 248 191 273
B2 0.0017 173 94 224 146
B2 0.0016 170 167 215 224
A2 0.0015 304 57 468 282
B2 0.0015 168 152 200 203
B2 0.0015 325 227 397 293
A2 0.0015 110 171 186 265
B2 0.0015 396 188 453 236
B2 0.0015 339 71 384 115
B2 0.0014 285 91 339 119
E2 0.0014 341 41 433 110
B2 0.0014 139 87 191 144
C2 0.0014 181 127 242 166
B2 0.0013 170 225 195 256
A2 0.0013 341 40 427 109
A2 0.0012 114 138 219 230
B2 0.0012 197 259 246 288
B2 0.0012 224 94 249 122
B2 0.0012 367 105 421 151
B2 0.0011 254 32 294 98
B2 0.0011 343 39 432 116
E2 0.0011 311 -4 479 136
A2 0.0011 172 262 304 378
B2 0.0011 390 200 436 245
B2 0.0011 321 108 381 147
B2 0.0011 258 92 343 134
A2 0.0011 107 163 203 290
C2 0.0010 255 94 344 138
B2 0.0010 357 145 404 179
B2 0.0010 314 15 344 35
A2 0.0010 99 130 279 348
