A2 0.2578 159 19 579 448
A2 0.2156 152 86 379 257
B2 0.1412 151 86 378 255
A2 0.0916 269 11 572 409
A2 0.0726 174 128 530 439
D2 0.0504 274 22 567 443
A2 0.0498 295 175 552 442
D1 0.0466 560 375 787 446
R0 0.0451 560 375 786 446
B2 0.0444 416 185 557 440
D2 0.0434 415 184 558 442
E0 0.0387 750 5 789 217
J0 0.0374 561 376 785 447
D2 0.0343 306 338 409 425
B2 0.0334 146 133 327 362
E2 0.0333 416 184 557 440
B2 0.0318 302 186 556 444
C2 0.0280 302 338 409 429
C3 0.0280 748 2 790 217
D2 0.0265 299 249 382 306
B2 0.0264 299 249 382 306
E2 0.0236 559 376 787 447
C2 0.0219 571 390 640 443
C2 0.0219 750 11 790 207
C2 0.0200 269 219 376 294
C2 0.0192 295 249 382 307
F2 0.0192 174 147 453 435
F2 0.0169 145 134 327 365
D2 0.0166 572 391 639 441
D2 0.0166 487 145 566 199
A2 0.0155 570 35 790 385
B2 0.0146 498 145 565 190
L0 0.0136 553 35 790 390
A2 0.0115 303 17 564 295
B2 0.0115 306 17 413 191
B2 0.0113 304 16 479 198
C2 0.0107 158 95 325 195
F2 0.0104 575 34 791 378
C3 0.0103 0 0 213 153
H3 0.0096 750 3 789 217
E0 0.0093 569 36 788 386
Q0 0.0087 564 16 789 389
C2 0.0083 375 185 451 279
D2 0.0081 304 158 557 441
A2 0.0073 309 18 550 212
C2 0.0068 418 204 525 415
B2 0.0067 169 48 532 443
D2 0.0066 326 375 429 443
E2 0.0066 152 88 348 215
B2 0.0064 306 18 560 223
A2 0.0063 305 17 440 194
A2 0.0061 302 265 464 441
C2 0.0061 475 146 567 208
C3 0.0060 612 117 789 379
B2 0.0059 307 285 446 444
D2 0.0058 357 34 595 441
B2 0.0057 483 146 567 205
F2 0.0056 167 34 538 426
F2 0.0055 154 90 368 221
K0 0.0054 606 44 789 379
D2 0.0053 389 70 562 427
C2 0.0051 421 205 515 336
A2 0.0050 613 138 790 378
A2 0.0045 148 118 337 366
C2 0.0042 424 198 516 294
C2 0.0041 305 31 386 154
C2 0.0040 155 93 299 172
E3 0.0040 53 -5 722 449
B2 0.0040 168 205 325 365
F2 0.0037 145 129 415 384
B2 0.0037 328 337 407 400
D2 0.0036 330 377 393 435
D2 0.0036 371 374 434 436
B2 0.0036 270 218 376 291
D2 0.0035 346 377 392 427
D2 0.0035 307 353 399 443
A2 0.0032 145 15 492 287
E3 0.0032 -1 131 120 453
Q0 0.0030 -1 134 118 454
C3 0.0029 167 212 323 360
E2 0.0029 305 334 438 447
B2 0.0028 375 181 454 277
C3 0.0027 147 127 328 370
B2 0.0027 375 370 433 434
C3 0.0025 637 278 731 385
R0 0.0025 576 326 787 441
C3 0.0023 300 408 344 449
A3 0.0023 -2 -1 215 156
E0 0.0023 470 30 755 404
C2 0.0023 292 102 376 197
D2 0.0022 6 -1 792 447
C2 0.0022 561 403 642 450
D2 0.0022 334 338 410 402
A2 0.0021 348 3 627 444
D2 0.0020 331 320 423 401
K0 0.0019 0 -1 93 145
C2 0.0019 149 148 278 294
B2 0.0019 297 250 386 336
R0 0.0019 567 274 793 452
B2 0.0019 325 393 392 445
H3 0.0018 469 35 684 392
F2 0.0017 174 211 323 378
B2 0.0017 102 58 375 329
C2 0.0017 305 33 372 115
B2 0.0016 306 374 397 446
B2 0.0016 400 352 449 411
B2 0.0016 301 101 376 197
F2 0.0016 592 34 789 226
D2 0.0016 402 354 449 410
B2 0.0016 332 407 383 447
D2 0.0015 354 15 566 256
B2 0.0015 365 262 423 325
B2 0.0014 333 296 427 406
B2 0.0014 300 408 345 449
D2 0.0014 345 366 424 427
E2 0.0014 140 39 334 240
C3 0.0014 714 14 787 212
D2 0.0014 564 401 641 450
F2 0.0013 147 27 407 261
K0 0.0013 625 274 793 452
C2 0.0013 430 195 545 320
C2 0.0013 422 226 502 363
B2 0.0013 497 233 549 291
Q0 0.0012 34 0 768 453
B2 0.0012 304 35 357 113
B2 0.0012 375 351 443 434
C3 0.0012 638 257 753 379
B2 0.0012 121 0 199 49
C2 0.0012 356 20 430 180
B2 0.0011 480 218 546 300
Q0 0.0011 676 26 791 391
C3 0.0011 756 39 790 233
B2 0.0011 327 396 426 446
N0 0.0011 181 218 339 355
F2 0.0011 696 146 789 362
Q0 0.0010 727 36 790 371
B2 0.0010 366 40 455 185
B2 0.0010 490 236 550 313
A2 0.0010 261 10 516 317
K0 0.0010 2 40 70 141
C2 0.0010 421 205 498 307
H3 0.0010 360 3 643 442
H3 0.0010 16 2 778 444
B2 0.0010 449 201 547 315
