C2 0.0778 0 -1 21 40
D2 0.0580 3 -6 274 258
A2 0.0552 180 116 275 254
A2 0.0521 190 163 275 254
F2 0.0489 84 73 210 234
D2 0.0445 102 44 173 116
G3 0.0418 88 128 102 187
A2 0.0392 86 74 212 225
B2 0.0387 42 28 121 201
D2 0.0376 180 107 275 250
A2 0.0316 88 60 190 204
B2 0.0282 42 2 140 90
A2 0.0269 39 31 122 200
A2 0.0266 85 147 197 259
F2 0.0255 35 28 121 198
B2 0.0246 102 44 173 115
B2 0.0239 40 65 101 203
B2 0.0236 187 102 236 134
D2 0.0221 83 40 129 198
B2 0.0208 0 84 53 225
A2 0.0197 140 3 271 115
E2 0.0195 178 100 275 254
F2 0.0187 87 177 196 258
A2 0.0181 44 3 145 91
D2 0.0160 0 85 53 226
B2 0.0155 0 1 44 107
B1 0.0153 40 33 125 197
B2 0.0147 0 88 49 164
B2 0.0141 222 0 255 20
F2 0.0135 75 26 188 215
G3 0.0134 169 92 191 149
B2 0.0133 144 9 273 120
A2 0.0133 69 17 196 215
G3 0.0127 148 179 183 232
B2 0.0119 20 70 103 216
B2 0.0118 0 -11 66 209
D2 0.0118 0 88 48 165
B2 0.0116 78 38 123 206
B2 0.0116 134 91 174 151
B2 0.0115 204 25 268 109
D2 0.0110 188 144 268 177
B2 0.0110 56 4 141 62
A2 0.0110 148 139 279 255
B2 0.0104 85 173 195 258
B2 0.0102 0 61 101 256
A2 0.0101 204 25 267 108
G3 0.0098 89 94 103 185
B2 0.0096 146 71 236 139
E2 0.0093 186 154 259 174
B2 0.0092 165 87 193 162
F2 0.0086 -2 59 102 219
B2 0.0086 109 0 256 33
F2 0.0086 154 -5 267 117
A2 0.0085 27 184 144 260
F2 0.0083 114 86 214 201
B2 0.0082 0 69 42 151
B2 0.0080 0 104 62 247
B2 0.0080 87 157 183 203
A2 0.0078 138 67 238 146
A2 0.0074 88 51 241 170
B2 0.0073 205 43 242 98
B2 0.0071 189 124 272 162
F2 0.0070 88 156 183 202
F2 0.0069 0 116 100 259
F2 0.0068 127 0 255 28
B2 0.0068 128 86 194 163
B2 0.0068 130 68 238 158
A2 0.0067 115 82 177 154
B2 0.0067 79 138 189 260
A2 0.0064 205 37 249 99
D2 0.0064 187 153 264 174
C2 0.0064 186 103 236 133
B2 0.0063 0 88 39 135
B2 0.0062 186 116 275 183
B2 0.0059 119 177 193 259
A2 0.0059 96 109 149 167
B2 0.0059 95 113 143 181
B2 0.0059 87 151 191 217
F2 0.0057 151 68 236 138
F2 0.0057 90 13 236 175
A2 0.0055 166 15 230 93
B2 0.0055 189 102 272 169
B2 0.0055 197 33 250 102
B2 0.0054 147 92 173 131
B2 0.0054 162 18 230 86
A2 0.0053 0 134 110 258
B2 0.0052 0 2 41 74
B2 0.0051 189 130 272 175
G3 0.0050 104 67 151 115
G3 0.0049 160 152 209 188
A2 0.0048 134 90 174 151
B2 0.0047 73 4 123 50
A2 0.0047 40 6 180 102
B2 0.0047 80 35 152 210
B2 0.0047 219 27 268 80
B2 0.0046 72 94 198 226
B2 0.0046 81 8 132 213
B2 0.0045 191 162 275 254
B2 0.0045 191 105 270 150
F2 0.0044 120 -1 228 17
B2 0.0044 0 136 98 259
A2 0.0044 131 100 273 258
B2 0.0043 67 6 142 49
D2 0.0043 187 124 273 176
A2 0.0042 133 77 195 163
F2 0.0039 78 21 176 124
B2 0.0037 140 0 254 24
C3 0.0036 0 -1 21 44
F2 0.0035 -5 85 112 276
A2 0.0035 194 160 273 227
D2 0.0034 81 126 210 255
A2 0.0033 5 156 160 262
D2 0.0033 119 176 193 247
B2 0.0033 0 7 45 192
F2 0.0033 105 0 249 37
B2 0.0032 118 205 193 257
E2 0.0031 117 71 278 253
G3 0.0031 50 46 88 87
B2 0.0031 39 18 87 73
B2 0.0031 150 70 224 105
B2 0.0031 44 195 157 260
C3 0.0031 190 161 276 254
B2 0.0030 141 0 220 15
B2 0.0030 229 27 270 109
D2 0.0030 48 9 229 262
G3 0.0029 190 155 258 174
A2 0.0028 218 26 268 79
B2 0.0028 98 36 206 129
B2 0.0028 40 2 124 55
C2 0.0028 188 157 257 173
G3 0.0028 88 74 103 206
B2 0.0028 0 99 45 206
D2 0.0028 0 -1 145 257
B2 0.0027 97 111 139 163
B2 0.0027 115 0 224 16
G3 0.0027 88 135 117 186
A2 0.0026 112 132 285 269
B1 0.0026 80 21 128 206
F2 0.0025 43 148 162 261
F2 0.0025 39 0 172 91
F2 0.0025 151 69 232 110
F2 0.0024 48 6 186 112
G3 0.0024 88 115 111 198
B2 0.0024 -9 25 116 292
B2 0.0024 138 92 243 149
B2 0.0023 181 60 267 169
G3 0.0023 159 151 188 176
F2 0.0023 96 101 142 175
D2 0.0023 50 45 89 88
G3 0.0023 89 109 100 200
B2 0.0022 57 10 182 143
F2 0.0022 0 0 125 255
B2 0.0022 25 184 90 258
D2 0.0022 76 136 213 222
B2 0.0021 0 1 56 126
B2 0.0021 112 83 211 225
F2 0.0021 0 69 70 263
B2 0.0021 66 209 135 258
B2 0.0020 199 20 267 142
B2 0.0020 254 167 274 194
F2 0.0020 114 53 244 158
B2 0.0020 127 -1 256 14
B2 0.0020 89 26 174 134
F2 0.0020 187 101 235 132
B2 0.0020 100 216 145 256
F2 0.0019 86 49 244 134
B2 0.0019 117 0 149 15
C2 0.0019 0 91 36 131
B2 0.0019 236 69 266 110
B2 0.0019 266 113 274 163
B2 0.0018 230 108 262 136
E2 0.0018 128 110 274 230
C2 0.0018 147 93 173 130
C2 0.0018 230 108 262 136
B2 0.0017 230 108 274 167
B2 0.0017 166 6 271 154
G3 0.0017 90 71 106 171
B2 0.0017 42 12 179 108
F2 0.0017 1 30 101 295
D2 0.0017 90 3 278 257
F2 0.0015 40 18 189 80
B2 0.0015 114 28 174 67
F2 0.0015 174 18 229 48
B2 0.0015 85 64 128 200
D2 0.0014 114 74 272 243
C2 0.0014 159 152 187 176
A3 0.0014 0 -1 20 43
B2 0.0014 126 30 148 50
F2 0.0013 66 90 237 243
D2 0.0013 97 15 184 119
A2 0.0013 99 22 206 179
D2 0.0013 129 95 210 210
B2 0.0013 77 212 149 257
A2 0.0013 174 0 267 102
F2 0.0013 186 117 275 254
B2 0.0012 99 122 131 160
D2 0.0012 101 226 145 255
F2 0.0012 143 57 256 115
Q0 0.0012 188 118 276 253
B2 0.0012 2 -13 91 173
B2 0.0012 0 122 32 217
C2 0.0012 102 225 144 255
B2 0.0012 160 152 187 175
F2 0.0012 0 124 103 214
A2 0.0012 55 145 165 261
B2 0.0012 65 45 120 98
B2 0.0012 0 -1 23 66
B2 0.0012 79 0 102 16
B2 0.0012 64 -13 167 222
F2 0.0011 112 59 233 118
B2 0.0011 32 0 101 52
D2 0.0011 155 147 209 195
D2 0.0011 19 4 99 121
B2 0.0011 238 0 255 16
E2 0.0011 118 146 284 189
A2 0.0011 119 62 279 239
B2 0.0011 193 0 256 22
D2 0.0011 123 78 232 228
D2 0.0010 65 44 121 97
B2 0.0010 120 31 150 64
B2 0.0010 1 119 46 245
B2 0.0010 143 14 200 48
