A2 0.3040 94 63 332 249
A2 0.2938 16 46 265 247
A2 0.2594 152 42 361 248
A2 0.1484 52 91 230 241
A2 0.1270 39 24 317 222
A2 0.0808 37 56 385 291
A2 0.0794 47 33 223 202
E0 0.0774 9 -5 356 259
A2 0.0768 -15 0 318 271
A2 0.0488 127 65 290 239
B2 0.0456 114 218 214 260
C2 0.0434 156 47 207 82
D2 0.0419 159 49 207 82
A2 0.0373 51 104 196 219
A2 0.0362 51 99 176 189
A2 0.0348 107 29 370 202
B2 0.0333 159 48 207 82
B2 0.0324 303 63 332 96
C2 0.0302 32 227 78 263
A2 0.0290 99 77 245 201
F2 0.0288 111 216 215 259
D2 0.0286 303 63 332 97
C2 0.0259 114 39 150 75
A2 0.0241 84 108 179 164
A2 0.0236 107 42 193 116
B2 0.0235 206 190 296 262
A2 0.0233 126 -5 381 275
H3 0.0201 2 -2 353 259
B2 0.0199 221 93 255 120
B2 0.0199 225 224 293 261
A2 0.0195 160 83 225 189
A2 0.0190 128 87 221 196
B2 0.0186 207 190 287 231
A2 0.0176 110 135 307 265
A2 0.0175 116 188 298 261
C2 0.0168 262 113 319 144
B2 0.0161 252 97 352 151
B2 0.0159 138 120 169 151
C2 0.0157 231 80 287 108
D2 0.0140 201 38 257 82
C2 0.0140 302 63 332 97
A2 0.0138 57 137 234 263
B2 0.0133 264 113 319 144
A2 0.0130 182 97 267 204
B2 0.0129 268 138 354 224
Q0 0.0127 1 -3 355 261
C2 0.0122 207 191 280 228
B2 0.0121 275 140 353 195
F2 0.0117 110 198 304 261
B2 0.0116 202 38 256 81
A2 0.0115 194 106 263 182
A2 0.0113 117 66 192 116
C2 0.0113 197 37 257 82
B2 0.0112 114 39 151 73
D2 0.0109 114 40 156 75
D2 0.0108 1 -2 349 260
A2 0.0107 99 68 244 261
C2 0.0102 200 111 259 164
B2 0.0100 253 90 352 206
A2 0.0099 76 28 297 185
B2 0.0099 226 153 305 227
A2 0.0099 35 104 259 277
C2 0.0098 95 110 156 150
B2 0.0095 214 130 351 255
B2 0.0093 233 80 287 108
D2 0.0092 233 80 287 108
B2 0.0090 251 41 276 63
B2 0.0088 254 59 293 80
A2 0.0085 50 109 141 186
D2 0.0080 213 48 256 83
D2 0.0078 107 79 141 104
C2 0.0078 141 84 190 116
B2 0.0077 142 84 190 116
A2 0.0077 253 81 351 225
A2 0.0071 274 140 354 192
B2 0.0070 108 79 141 103
A2 0.0069 80 48 263 289
B2 0.0067 96 110 156 149
A2 0.0064 220 134 336 235
B2 0.0063 193 146 324 252
F2 0.0061 214 122 348 261
A2 0.0059 149 69 312 176
C2 0.0059 251 41 277 63
D2 0.0057 141 84 191 116
A2 0.0057 29 38 184 226
C2 0.0055 228 165 259 207
B2 0.0055 230 72 350 156
A2 0.0054 168 85 336 249
A2 0.0054 91 54 218 172
A2 0.0053 74 42 201 141
F2 0.0053 103 215 277 261
A2 0.0050 226 145 305 229
B2 0.0049 263 76 316 95
B2 0.0048 193 55 358 183
A2 0.0048 50 132 108 188
A2 0.0048 63 157 138 221
A2 0.0047 195 38 340 121
C2 0.0046 218 92 256 122
A2 0.0045 48 122 147 225
A2 0.0044 193 124 354 241
A2 0.0044 117 34 310 108
A2 0.0044 183 36 261 84
F2 0.0043 256 90 353 220
F2 0.0042 37 144 260 270
B2 0.0041 156 82 336 271
A2 0.0041 93 31 343 152
B2 0.0041 254 233 293 252
Q0 0.0040 0 0 93 262
B2 0.0040 252 48 293 80
B2 0.0039 218 47 256 80
B2 0.0038 72 189 106 216
B2 0.0038 158 58 197 97
B2 0.0038 112 188 307 263
B2 0.0038 218 60 254 84
A2 0.0037 252 92 354 150
D2 0.0037 265 114 318 145
C2 0.0036 229 223 291 255
B2 0.0035 126 195 207 234
C2 0.0035 140 196 194 234
B2 0.0034 139 40 225 91
A2 0.0034 147 75 299 147
A2 0.0034 240 40 335 98
D2 0.0034 97 80 144 113
A2 0.0033 68 34 284 123
Q0 0.0033 -2 0 152 69
B2 0.0033 138 220 221 258
F2 0.0033 93 162 319 264
B2 0.0033 196 180 339 262
E2 0.0033 148 41 213 86
C2 0.0033 105 80 140 103
B2 0.0033 200 220 292 263
B2 0.0032 208 217 239 261
B2 0.0030 149 186 298 241
D2 0.0030 33 229 78 263
G3 0.0030 180 88 214 175
B2 0.0028 90 79 144 116
F2 0.0028 230 76 348 137
F2 0.0028 86 180 236 264
F2 0.0027 11 46 312 304
F2 0.0027 51 32 216 181
A2 0.0027 59 155 163 228
B2 0.0027 134 224 187 253
B2 0.0027 114 216 265 262
A2 0.0026 169 57 346 153
B2 0.0026 118 35 291 93
F2 0.0025 73 34 357 260
B2 0.0025 248 40 334 97
B2 0.0025 60 157 251 255
B2 0.0025 129 172 205 235
D2 0.0024 128 94 142 105
B2 0.0024 213 230 238 263
C2 0.0024 261 76 315 95
E2 0.0024 185 36 259 84
B2 0.0024 215 38 345 103
B2 0.0023 275 42 304 77
B2 0.0023 106 188 231 259
A2 0.0023 47 107 112 189
B2 0.0023 235 224 295 251
B2 0.0022 318 101 347 127
B2 0.0022 140 196 194 234
B2 0.0021 48 134 68 171
D2 0.0021 229 224 290 257
B2 0.0021 157 222 214 255
B2 0.0021 67 173 106 205
B2 0.0021 110 223 137 256
E2 0.0020 123 37 271 91
C2 0.0020 158 54 199 82
A2 0.0020 52 152 202 242
B2 0.0020 72 189 92 208
B2 0.0020 157 60 177 79
C3 0.0019 1 0 95 15
B2 0.0019 214 36 248 58
B2 0.0019 86 160 123 189
B2 0.0018 262 43 304 81
D2 0.0017 91 112 166 150
C2 0.0017 96 0 153 17
B2 0.0017 81 36 265 112
F2 0.0017 -4 -1 164 59
B2 0.0017 195 38 250 68
B2 0.0016 66 160 109 204
G3 0.0016 170 92 205 164
F2 0.0015 130 168 210 234
B2 0.0014 187 40 239 66
C2 0.0014 147 44 190 78
F2 0.0014 72 48 198 128
A2 0.0014 246 39 311 92
C3 0.0013 343 220 354 267
C3 0.0013 342 233 354 264
A2 0.0013 220 74 311 112
B2 0.0013 205 72 350 133
C2 0.0012 227 166 275 209
A2 0.0012 204 37 323 97
B2 0.0012 155 253 186 264
B2 0.0012 276 42 302 65
B2 0.0012 159 48 208 100
C2 0.0011 150 222 216 256
B2 0.0011 201 111 260 163
C2 0.0011 115 39 146 66
B2 0.0011 85 160 107 187
A2 0.0011 234 77 348 130
Q0 0.0011 2 -2 144 249
B2 0.0011 171 52 214 81
C3 0.0011 34 223 147 263
C2 0.0011 70 -44 122 -25
Q0 0.0011 275 0 354 75
C2 0.0011 128 74 188 114
N0 0.0010 0 98 11 213
B2 0.0010 85 93 160 118
B2 0.0010 139 172 184 212
A2 0.0010 262 48 331 95
B2 0.0010 126 69 159 94
B0 0.0010 0 -5 52 262
B2 0.0010 146 44 184 78
A2 0.0010 98 35 188 102
B2 0.0010 136 250 189 264
B2 0.0010 209 110 252 129
B2 0.0010 131 73 189 114
B2 0.0010 133 154 166 172
B2 0.0010 219 78 327 113
C2 0.0010 132 224 188 254
D2 0.0010 200 118 259 169
H3 0.0010 0 -1 97 262
