A2 0.4570 91 16 601 330
E2 0.0373 117 30 588 307
B1 0.0181 -2 -2 212 265
E3 0.0165 87 20 607 305
O0 0.0137 -1 0 203 250
Q0 0.0129 18 140 674 306
D0 0.0127 19 143 145 307
H3 0.0123 18 142 144 306
Q0 0.0118 35 37 640 305
Q0 0.0110 0 0 204 249
R0 0.0086 14 140 677 306
A2 0.0054 249 15 616 319
B3 0.0054 -2 -3 210 270
Q0 0.0046 495 143 718 311
E2 0.0042 133 206 571 309
C0 0.0038 17 144 143 304
C3 0.0026 131 203 557 307
C3 0.0026 589 147 715 305
A2 0.0023 123 19 559 225
C2 0.0020 671 114 717 276
J0 0.0019 19 142 142 306
A2 0.0017 390 101 504 244
J0 0.0016 589 144 716 306
H3 0.0014 0 144 709 333
G0 0.0014 342 1 613 152
Q0 0.0013 321 143 722 303
E2 0.0013 122 136 589 307
E3 0.0013 639 0 715 299
A2 0.0012 358 13 597 311
Q0 0.0010 8 48 201 301
H3 0.0010 10 93 156 313
J0 0.0010 509 143 715 305
E0 0.0010 4 152 713 327
