A2 0.6697 207 84 536 324
L0 0.1953 31 -1 272 136
H3 0.1735 32 -1 272 135
L0 0.1577 0 125 83 346
E0 0.1018 31 -1 272 135
I3 0.0873 -1 125 84 346
H3 0.0806 -2 125 84 352
J0 0.0210 217 78 528 329
A2 0.0206 247 96 457 261
B3 0.0177 0 126 84 347
C3 0.0154 216 76 523 329
C3 0.0133 434 0 662 73
D0 0.0117 432 0 664 73
C3 0.0087 93 334 284 369
C0 0.0075 93 334 292 369
C2 0.0073 93 336 222 368
K0 0.0069 93 334 291 369
K0 0.0068 433 0 663 73
A2 0.0068 247 87 509 227
C3 0.0066 34 -3 272 136
H3 0.0062 7 0 652 365
C2 0.0053 98 353 211 368
B2 0.0053 294 200 342 228
E2 0.0047 91 334 259 369
E0 0.0046 206 83 545 333
C2 0.0045 0 136 66 319
H3 0.0043 201 85 544 336
B2 0.0041 369 219 448 291
C2 0.0037 89 346 210 367
B2 0.0034 292 196 375 227
B2 0.0032 345 117 415 176
B2 0.0030 370 222 446 261
Q0 0.0028 4 -4 656 371
B2 0.0028 431 155 518 226
B2 0.0028 386 245 444 299
H3 0.0027 2 122 52 337
I3 0.0026 0 164 101 367
Q0 0.0024 210 81 543 328
A2 0.0024 336 105 524 291
Q0 0.0023 421 -2 667 76
B2 0.0023 407 261 477 299
B2 0.0022 392 223 492 295
B3 0.0020 0 161 106 365
R0 0.0019 1 0 360 367
G0 0.0019 429 0 670 82
C3 0.0019 0 142 82 350
B2 0.0017 310 194 377 221
A2 0.0016 273 111 410 196
B2 0.0015 293 116 370 157
A2 0.0015 262 115 390 220
N0 0.0014 0 126 74 344
Q0 0.0014 -1 145 96 361
B2 0.0013 435 221 497 280
Q0 0.0013 3 0 368 366
B2 0.0011 348 130 399 166
B2 0.0011 436 187 491 224
Q0 0.0011 288 -1 671 99
B2 0.0011 339 153 400 201
B2 0.0010 370 243 428 299
B0 0.0010 19 -12 639 364
B2 0.0010 374 235 438 291
C2 0.0010 91 340 183 368
B2 0.0010 339 156 383 189
R0 0.0010 5 -5 597 371
B2 0.0010 386 246 435 285
B2 0.0010 334 95 406 151
