A2 0.1681 115 69 325 251
E3 0.0550 2 -5 336 325
A2 0.0447 124 102 270 305
D2 0.0436 2 -3 335 325
A2 0.0424 175 64 331 233
F2 0.0303 121 65 333 295
A2 0.0287 89 41 339 320
B2 0.0223 255 196 338 328
A3 0.0216 255 196 338 327
A2 0.0203 124 163 267 296
H3 0.0203 4 -3 335 317
B2 0.0161 126 91 182 170
C2 0.0137 305 57 338 138
Q0 0.0127 108 59 335 296
B2 0.0121 161 71 332 240
B2 0.0120 106 -4 354 101
C3 0.0114 256 193 339 328
A2 0.0112 124 49 300 300
D2 0.0111 254 195 338 326
Q0 0.0086 0 1 341 319
A2 0.0084 184 65 319 145
G3 0.0072 309 91 337 153
A2 0.0057 126 91 182 170
A3 0.0051 107 -3 343 101
G3 0.0049 315 55 337 141
B2 0.0042 186 65 320 147
A2 0.0041 124 68 315 198
D2 0.0033 255 126 337 326
B2 0.0032 131 172 177 196
A2 0.0030 108 117 314 291
B2 0.0028 130 164 183 198
E2 0.0026 125 92 179 130
D2 0.0025 236 -1 337 100
C2 0.0024 316 57 337 136
B2 0.0024 126 92 179 133
D2 0.0023 116 16 342 321
B2 0.0022 173 255 207 278
F2 0.0022 118 62 319 187
B2 0.0022 235 -1 336 100
C3 0.0022 170 74 191 94
B2 0.0022 125 87 190 220
E3 0.0021 250 196 340 328
B2 0.0020 126 143 194 211
G3 0.0019 313 142 338 154
C2 0.0018 125 93 179 129
A2 0.0017 182 61 325 183
C3 0.0017 170 73 192 119
C2 0.0017 307 90 337 150
A2 0.0015 155 253 235 291
F2 0.0014 120 64 193 280
G3 0.0014 322 79 337 125
B2 0.0014 170 74 191 94
F2 0.0014 127 70 312 152
E3 0.0014 1 -10 221 329
A2 0.0013 131 210 271 293
G3 0.0013 329 48 338 147
Q0 0.0012 63 278 285 325
G3 0.0012 326 77 337 164
G3 0.0012 170 74 192 119
B2 0.0012 121 80 341 311
B2 0.0011 134 172 155 187
B2 0.0011 157 253 233 292
B1 0.0011 0 155 19 301
Q0 0.0010 21 298 306 331
B2 0.0010 123 74 199 142
