A2 0.5850 21 71 292 313
A2 0.4372 -31 50 331 351
A2 0.2490 50 82 272 268
A2 0.0684 54 145 274 333
A2 0.0321 39 92 237 332
A2 0.0291 78 80 259 203
E0 0.0228 36 72 311 376
D2 0.0161 -19 -1 332 374
B2 0.0159 59 140 95 190
A2 0.0138 87 80 228 174
A2 0.0136 99 69 296 280
H3 0.0130 -4 -3 333 375
A2 0.0108 111 74 277 229
Q0 0.0095 -12 5 330 375
A2 0.0092 134 81 229 146
A2 0.0092 88 96 302 335
A2 0.0072 142 82 285 264
A2 0.0069 159 145 205 234
A2 0.0064 60 203 294 355
A2 0.0052 126 79 261 185
A2 0.0045 147 235 275 327
A2 0.0045 173 140 187 161
A2 0.0042 159 132 192 193
B2 0.0042 94 152 127 173
A2 0.0038 41 80 192 299
A2 0.0037 154 89 272 211
A2 0.0037 168 104 280 240
G3 0.0036 194 125 212 160
A2 0.0029 173 95 218 140
B2 0.0028 240 120 264 143
G3 0.0027 156 270 179 279
A2 0.0027 169 120 286 307
G3 0.0027 93 174 125 223
A2 0.0025 139 124 158 138
B2 0.0025 73 222 113 257
B2 0.0022 161 279 194 310
B2 0.0022 164 152 194 176
B2 0.0020 62 139 91 180
K0 0.0019 0 0 50 16
A2 0.0018 185 136 283 259
A2 0.0018 54 83 220 213
B2 0.0017 85 252 113 279
A2 0.0017 87 88 183 154
E3 0.0017 125 305 315 376
A2 0.0017 180 101 271 192
B2 0.0016 59 154 90 189
G3 0.0016 194 173 203 193
B2 0.0016 114 165 129 189
B2 0.0015 114 126 151 154
C3 0.0015 94 174 124 224
A2 0.0015 191 120 278 218
F2 0.0015 154 238 280 309
B2 0.0015 57 190 84 217
A2 0.0014 47 107 172 253
A2 0.0013 92 238 248 309
B2 0.0013 207 198 243 231
A2 0.0013 166 90 244 163
C2 0.0013 0 349 77 379
B2 0.0013 217 146 256 167
A2 0.0013 70 85 193 195
E0 0.0012 45 183 261 369
B2 0.0012 104 95 146 130
A2 0.0012 201 118 272 188
F2 0.0011 206 238 276 296
B0 0.0011 72 243 299 377
B2 0.0011 110 165 137 205
F2 0.0010 71 231 302 382
B2 0.0010 94 173 122 217
