A2 0.3119 74 68 348 270
A2 0.0636 99 79 326 224
A2 0.0274 67 104 300 256
A2 0.0171 137 83 294 203
A2 0.0130 68 124 193 252
F2 0.0108 27 72 368 273
E3 0.0104 -2 55 366 279
C3 0.0073 0 56 8 171
Q0 0.0067 275 -2 496 115
Q0 0.0063 3 52 354 282
C2 0.0062 0 56 8 168
B2 0.0052 168 187 211 228
B2 0.0051 238 74 332 130
Q0 0.0050 257 -3 496 265
B2 0.0048 163 95 216 131
A2 0.0047 188 105 298 204
G3 0.0046 0 55 363 279
B2 0.0041 68 127 120 165
F2 0.0036 10 44 205 267
A2 0.0034 227 106 290 200
B2 0.0033 239 78 304 127
B2 0.0031 234 74 356 172
B2 0.0030 161 74 320 133
F2 0.0030 153 73 327 134
B2 0.0030 8 47 207 262
G3 0.0029 179 54 207 99
R0 0.0029 267 -5 497 128
B2 0.0029 145 69 336 208
K0 0.0028 0 57 10 175
A2 0.0026 153 89 256 140
K0 0.0022 101 53 207 121
J0 0.0021 265 -6 491 139
E0 0.0021 0 59 10 173
Q0 0.0020 237 94 486 279
F2 0.0020 49 115 190 238
C3 0.0020 0 51 12 174
B2 0.0020 209 103 295 209
A2 0.0019 153 84 269 159
C2 0.0019 290 95 366 146
A2 0.0019 68 119 201 213
F2 0.0018 130 61 346 215
Q0 0.0017 369 60 494 277
E3 0.0015 238 99 482 276
B2 0.0014 242 111 289 194
B2 0.0012 179 54 207 99
F2 0.0012 140 85 273 147
B2 0.0012 204 198 250 236
Q0 0.0012 166 -107 361 -47
Q0 0.0012 307 41 500 288
A2 0.0011 142 164 270 242
E3 0.0011 0 54 201 275
D1 0.0011 266 -4 492 135
Q0 0.0011 1 53 201 275
B2 0.0011 270 87 363 170
B2 0.0011 266 77 333 125
B2 0.0010 121 140 146 177
B2 0.0010 166 95 245 131
C2 0.0010 428 6 458 34
B2 0.0010 282 92 338 143
Q0 0.0010 294 -43 495 227
