A2 0.5182 19 80 768 584
A2 0.3924 33 129 635 478
A2 0.3132 -63 16 819 691
A2 0.3036 -9 136 589 612
A2 0.2691 51 197 517 579
A2 0.2462 143 134 672 584
E0 0.1160 4 -2 716 649
F2 0.0887 165 415 422 615
B2 0.0753 169 415 423 614
A2 0.0668 156 57 695 452
C2 0.0608 74 351 149 440
H3 0.0477 5 2 714 653
D2 0.0434 5 0 707 638
Q0 0.0336 0 2 718 652
A2 0.0333 134 415 423 613
F2 0.0314 277 79 502 178
A2 0.0308 269 88 701 606
A2 0.0294 214 79 654 390
D2 0.0274 75 351 150 440
B2 0.0238 75 352 149 440
A2 0.0234 71 244 420 587
A2 0.0219 58 165 392 541
B2 0.0215 205 272 285 325
A2 0.0186 70 218 666 645
B2 0.0175 278 79 499 178
C2 0.0113 182 421 290 489
A2 0.0100 294 206 626 587
C2 0.0087 205 272 285 326
A2 0.0076 372 162 683 584
A2 0.0072 6 74 660 406
F2 0.0067 75 265 434 600
D2 0.0062 205 272 286 327
B2 0.0061 509 176 576 223
D2 0.0060 509 177 575 222
A2 0.0057 381 316 620 583
C2 0.0057 478 89 563 174
A2 0.0052 328 82 663 337
C2 0.0049 548 337 616 449
D2 0.0047 527 223 652 258
B2 0.0046 185 422 290 488
B2 0.0045 106 288 149 382
C2 0.0041 230 140 315 247
C2 0.0038 311 189 346 275
F2 0.0035 66 375 437 592
C2 0.0034 106 289 148 381
C2 0.0033 458 304 507 397
C3 0.0033 479 90 564 175
D2 0.0031 488 135 535 176
G3 0.0031 521 223 651 256
B2 0.0030 318 372 387 426
C2 0.0030 121 450 222 529
D2 0.0030 468 193 524 226
A2 0.0030 137 308 532 624
B2 0.0030 231 153 315 247
B2 0.0027 458 293 508 394
B2 0.0027 557 313 640 349
B2 0.0026 548 336 616 445
A2 0.0026 126 359 648 634
F2 0.0024 148 355 555 629
B2 0.0024 468 193 524 225
A2 0.0024 116 103 582 362
B2 0.0024 312 461 421 504
B2 0.0023 142 343 193 427
B2 0.0023 392 183 443 273
B2 0.0023 311 190 345 276
D2 0.0022 570 205 620 231
A2 0.0022 58 227 326 517
F2 0.0022 248 75 515 211
B2 0.0020 156 310 239 394
B2 0.0020 570 204 620 231
D2 0.0020 143 344 193 427
D2 0.0020 498 150 560 197
C2 0.0019 301 371 387 455
B2 0.0019 487 135 534 176
C2 0.0018 313 372 387 428
D2 0.0018 311 190 345 278
A2 0.0017 441 186 673 537
B2 0.0016 124 448 220 528
B2 0.0016 172 257 298 288
H3 0.0016 4 -7 705 268
A2 0.0016 245 79 579 328
G3 0.0016 268 253 308 425
D2 0.0014 3 -2 707 272
A2 0.0014 277 82 675 265
A2 0.0014 183 113 520 319
A2 0.0013 127 263 290 325
G3 0.0013 380 353 410 411
C2 0.0012 282 81 384 131
F2 0.0012 266 75 443 161
B2 0.0012 299 373 406 460
G3 0.0011 281 265 309 443
B2 0.0011 205 396 274 442
C2 0.0011 142 343 192 429
D2 0.0011 479 92 562 177
A2 0.0011 183 125 370 270
A2 0.0011 71 252 241 498
F2 0.0011 147 75 528 247
B2 0.0010 282 82 385 127
A2 0.0010 101 127 442 371
