A2 0.1112 230 202 441 391
A2 0.0465 34 289 239 368
A2 0.0337 397 0 590 121
A2 0.0308 41 257 328 459
A2 0.0297 96 29 354 317
B2 0.0287 257 124 322 340
A2 0.0264 370 -1 616 292
G3 0.0257 222 156 253 268
D2 0.0247 307 318 378 422
D2 0.0242 8 -11 638 475
A2 0.0241 163 31 350 367
A2 0.0217 88 94 216 290
A2 0.0214 237 197 483 433
B2 0.0209 34 290 241 374
C2 0.0207 306 320 377 421
A2 0.0194 313 41 652 487
C2 0.0181 43 284 108 329
G3 0.0175 260 181 308 330
A2 0.0174 276 212 430 425
A2 0.0173 32 287 288 405
A2 0.0164 399 77 588 278
Q0 0.0161 5 -18 641 476
A2 0.0148 313 1 590 174
B2 0.0129 84 155 130 199
A2 0.0125 34 70 287 441
B2 0.0121 401 0 591 121
A2 0.0117 468 77 585 274
G3 0.0099 272 145 312 299
F2 0.0099 42 277 372 468
A2 0.0097 190 324 516 478
B2 0.0094 43 284 108 330
B2 0.0093 271 42 329 102
A2 0.0091 250 177 561 464
G3 0.0088 269 135 309 341
C2 0.0085 548 93 633 128
B2 0.0085 330 188 384 231
A2 0.0084 25 185 387 472
A2 0.0082 213 4 551 434
B2 0.0080 475 78 585 274
B2 0.0076 323 2 427 136
A2 0.0072 34 249 244 378
B2 0.0071 219 180 443 391
A2 0.0068 286 208 635 478
B2 0.0066 92 40 193 147
B2 0.0066 311 46 422 190
H3 0.0066 5 -23 643 481
B2 0.0065 215 282 264 352
B2 0.0063 280 337 504 472
G3 0.0062 211 182 237 263
B2 0.0060 84 248 129 301
C2 0.0060 236 328 319 388
A2 0.0058 333 23 561 220
B2 0.0057 548 93 635 129
A2 0.0055 430 108 513 276
D2 0.0055 548 93 636 129
B2 0.0051 279 59 329 102
A2 0.0050 75 71 305 324
C2 0.0050 298 166 333 278
A2 0.0047 33 197 264 392
B2 0.0047 223 117 428 370
C2 0.0046 271 140 310 322
A2 0.0046 101 25 330 218
G3 0.0044 293 242 388 360
B2 0.0044 136 57 373 359
B2 0.0041 299 164 333 278
B2 0.0041 332 339 478 409
D2 0.0040 492 76 581 229
A2 0.0039 165 66 301 358
A2 0.0039 491 77 582 236
D2 0.0038 93 40 194 147
A2 0.0038 396 101 530 278
B2 0.0036 431 109 516 276
A2 0.0036 245 58 339 347
B2 0.0036 271 41 309 94
B2 0.0036 209 40 345 148
A2 0.0035 393 246 638 468
E2 0.0035 92 40 192 146
A2 0.0035 353 45 556 290
A2 0.0035 190 -6 466 388
A2 0.0035 269 -38 500 419
C2 0.0034 357 342 473 407
B2 0.0032 364 342 471 400
D2 0.0031 298 164 333 288
A2 0.0030 62 36 365 402
D2 0.0030 361 342 472 405
A2 0.0029 329 238 537 375
B2 0.0027 202 98 345 353
A2 0.0027 209 46 343 149
A2 0.0026 96 15 314 150
A2 0.0026 468 74 638 285
A2 0.0024 222 17 397 373
A2 0.0024 556 101 640 236
B2 0.0023 360 249 517 355
B2 0.0023 557 109 640 238
B2 0.0023 225 365 301 416
A2 0.0023 315 17 584 324
G3 0.0022 141 57 187 81
B2 0.0022 393 97 439 150
A2 0.0022 193 -8 670 476
A2 0.0022 307 40 424 190
G3 0.0021 445 175 502 274
B2 0.0021 486 -69 641 107
A2 0.0021 105 86 253 339
A2 0.0020 284 54 628 354
C2 0.0020 215 69 307 138
B2 0.0020 35 309 385 469
C2 0.0020 496 80 578 207
D2 0.0019 490 -73 644 115
B2 0.0019 252 183 288 224
B2 0.0019 144 21 194 52
A2 0.0019 161 71 267 326
F2 0.0019 92 83 195 267
C2 0.0019 444 172 503 270
A2 0.0018 274 301 395 435
B2 0.0018 429 376 502 458
A2 0.0018 335 144 653 445
B2 0.0017 564 149 640 242
A2 0.0017 366 249 516 356
D2 0.0017 309 346 371 422
G3 0.0017 250 115 285 221
A2 0.0017 478 252 638 441
B2 0.0016 309 317 377 415
B2 0.0016 303 0 509 184
D2 0.0016 209 39 344 146
G3 0.0016 312 195 416 343
E2 0.0016 0 387 131 481
C2 0.0016 41 304 237 355
G3 0.0016 253 182 287 225
F2 0.0015 210 41 345 146
A2 0.0015 172 258 501 480
A2 0.0015 176 38 341 246
B2 0.0015 232 199 584 485
A2 0.0015 80 71 255 410
A2 0.0015 287 6 530 199
B2 0.0015 88 43 200 265
G3 0.0014 103 42 185 81
Q0 0.0014 209 -78 451 -7
B2 0.0014 365 -1 403 44
A2 0.0014 287 -10 448 367
B2 0.0014 526 308 589 374
B2 0.0014 138 180 193 276
A2 0.0014 555 149 641 240
B2 0.0014 353 407 444 474
G3 0.0014 299 164 333 276
A2 0.0013 285 0 578 118
A2 0.0013 90 43 203 271
B2 0.0013 442 157 507 274
B2 0.0013 133 6 318 81
A2 0.0013 422 36 647 465
B2 0.0013 508 266 611 298
A2 0.0013 35 243 215 348
A2 0.0012 467 9 635 254
A2 0.0012 83 126 160 268
B2 0.0012 198 330 490 478
B2 0.0012 377 253 441 328
B2 0.0012 221 156 253 245
B2 0.0012 295 286 385 422
D2 0.0012 421 -2 586 112
C2 0.0012 98 101 179 186
D2 0.0012 354 409 442 473
B2 0.0012 137 334 202 404
D2 0.0012 484 72 622 238
B2 0.0011 562 271 638 356
G3 0.0011 273 264 377 371
C3 0.0011 139 184 193 273
B2 0.0011 441 304 495 351
D2 0.0011 236 308 349 388
B2 0.0010 385 253 432 315
A2 0.0010 271 4 429 194
B2 0.0010 239 254 513 447
F2 0.0010 31 -2 525 460
