A2 0.5324 11 120 570 602
A2 0.3402 -67 48 690 693
A2 0.1766 78 1 627 651
A2 0.1642 66 218 482 600
A2 0.1020 53 100 661 518
E0 0.0922 29 53 660 605
B0 0.0324 422 99 647 616
A2 0.0183 145 97 607 418
A2 0.0182 165 41 603 559
H3 0.0160 2 -21 661 612
D2 0.0153 1 -5 652 625
Q0 0.0128 0 6 654 620
B2 0.0125 491 304 544 366
B2 0.0102 480 370 538 432
A2 0.0098 136 418 416 595
B0 0.0090 476 128 654 548
A2 0.0077 315 127 594 255
B2 0.0077 494 304 543 340
F2 0.0076 477 128 655 544
A2 0.0074 137 194 596 597
B2 0.0055 610 161 648 247
A2 0.0054 60 129 483 508
A2 0.0047 222 125 635 280
A2 0.0041 300 121 601 311
B2 0.0038 376 445 458 523
A2 0.0037 77 290 413 591
A2 0.0036 26 93 723 393
B2 0.0036 482 130 656 531
F2 0.0035 410 98 652 616
A2 0.0034 446 129 599 234
A2 0.0033 68 187 379 567
C2 0.0033 610 159 648 248
B2 0.0030 327 503 375 534
B2 0.0029 260 265 338 326
A2 0.0029 122 372 471 597
B2 0.0028 286 264 336 298
E0 0.0027 451 113 651 572
C2 0.0025 77 531 146 553
B2 0.0024 379 443 455 489
B2 0.0024 296 532 347 587
A2 0.0023 386 283 547 527
A2 0.0022 411 300 546 458
B2 0.0020 348 509 427 569
B2 0.0020 511 175 571 219
B2 0.0019 217 434 283 502
A2 0.0018 187 121 598 354
B2 0.0018 116 478 158 517
B2 0.0017 413 337 473 400
A2 0.0017 434 138 611 312
B2 0.0017 77 531 147 552
B2 0.0016 144 235 189 273
B2 0.0015 493 335 543 384
B2 0.0015 298 531 335 559
B2 0.0015 344 180 647 642
A2 0.0014 430 107 634 340
D2 0.0014 500 92 658 543
B2 0.0013 344 182 420 234
B2 0.0012 132 540 204 580
B2 0.0012 484 369 536 403
B2 0.0012 90 400 158 480
C3 0.0011 33 123 669 613
A2 0.0011 172 435 484 596
C3 0.0010 77 531 146 552
A2 0.0010 158 134 474 317
