A2 0.5527 -8 37 251 204
A2 0.3129 -44 18 285 232
E0 0.1585 227 -3 307 125
H3 0.1137 227 -1 308 121
A2 0.1095 29 62 281 210
F2 0.1046 48 -1 240 53
C2 0.0676 247 13 312 47
L0 0.0451 227 -8 306 130
E0 0.0387 1 30 281 227
C2 0.0256 271 38 307 65
D2 0.0254 0 29 289 227
G3 0.0226 286 83 306 95
A2 0.0224 228 0 307 115
G3 0.0211 289 22 307 38
E2 0.0208 244 13 306 48
E2 0.0193 226 0 307 119
A2 0.0160 112 70 269 199
B2 0.0137 271 38 307 65
D2 0.0137 244 14 306 46
A2 0.0137 -3 41 195 177
A2 0.0125 8 40 235 147
B2 0.0118 243 14 306 46
H3 0.0115 1 22 296 228
E2 0.0096 239 9 306 88
C3 0.0093 50 0 226 41
A2 0.0073 27 122 269 215
D2 0.0071 190 51 306 130
C3 0.0067 80 0 188 18
K0 0.0066 268 0 307 18
C3 0.0045 267 0 308 16
Q0 0.0044 37 0 234 59
B2 0.0044 281 43 306 64
A2 0.0035 2 41 174 137
F2 0.0033 21 6 247 74
O0 0.0032 226 0 308 125
A2 0.0031 -9 17 330 192
E2 0.0028 229 0 306 55
A2 0.0027 131 67 261 163
B2 0.0026 190 53 304 129
D2 0.0025 206 8 307 131
M0 0.0025 225 0 308 126
D2 0.0025 5 2 306 149
C2 0.0023 268 37 307 77
A2 0.0021 151 78 270 186
F2 0.0020 41 147 183 210
F2 0.0020 33 11 240 45
F2 0.0019 5 -3 302 132
B2 0.0019 296 43 306 66
C3 0.0019 249 14 308 47
A2 0.0019 79 48 282 186
F2 0.0017 25 119 206 212
A2 0.0017 10 91 226 217
E0 0.0016 248 0 306 18
G3 0.0016 287 80 306 113
E0 0.0016 1 100 288 228
K0 0.0016 194 -1 227 59
B2 0.0015 129 184 169 208
C2 0.0015 265 0 308 17
Q0 0.0014 20 -18 266 63
G3 0.0013 301 90 306 134
A2 0.0013 -6 108 315 217
C2 0.0013 235 2 256 42
B0 0.0012 -3 0 284 69
Q0 0.0012 214 2 308 128
A2 0.0012 203 112 270 186
B2 0.0012 235 3 256 34
G3 0.0012 301 95 307 121
B2 0.0012 196 153 236 185
B2 0.0010 299 37 306 68
A2 0.0010 32 144 208 211
C3 0.0010 269 0 307 11
F2 0.0010 -4 0 294 85
Q0 0.0010 218 126 306 224
G3 0.0010 256 108 307 127
