A2 0.4231 27 126 610 607
A2 0.1658 89 226 586 583
E0 0.0604 8 22 667 669
C2 0.0446 522 400 615 487
A2 0.0339 108 353 555 589
H3 0.0329 9 28 670 669
A2 0.0289 189 158 653 608
D2 0.0274 533 400 614 486
B2 0.0263 537 401 614 484
K0 0.0242 -2 -1 116 276
Q0 0.0208 -1 11 673 700
C2 0.0190 407 366 476 429
D2 0.0157 342 507 431 574
B2 0.0128 343 506 433 573
B2 0.0127 353 507 432 543
D2 0.0123 359 507 433 541
B2 0.0123 516 315 589 388
B2 0.0122 407 366 476 429
A2 0.0120 391 300 625 574
A2 0.0113 84 83 593 507
C3 0.0112 0 0 120 324
C2 0.0088 609 148 684 291
A2 0.0085 67 374 598 650
F2 0.0073 50 368 382 574
C3 0.0072 330 140 372 230
C2 0.0070 329 141 372 228
B2 0.0070 380 439 464 515
C3 0.0067 439 99 622 291
B2 0.0063 199 326 257 376
B2 0.0056 202 500 314 568
K0 0.0052 1 -3 73 268
B2 0.0045 129 356 207 431
A2 0.0044 271 263 647 590
C2 0.0043 404 363 479 456
G3 0.0043 136 413 162 496
A2 0.0040 82 115 529 427
D2 0.0039 0 3 678 711
A2 0.0038 42 418 583 587
G3 0.0038 203 409 240 453
H3 0.0037 129 35 529 351
C3 0.0037 17 468 635 672
Q0 0.0036 -2 0 117 327
A2 0.0035 243 112 585 541
G3 0.0035 86 360 165 452
A2 0.0035 59 394 388 577
A2 0.0033 68 228 730 651
K0 0.0032 607 144 682 418
C3 0.0030 611 148 682 569
A2 0.0029 46 343 707 617
A2 0.0029 118 102 458 375
E2 0.0029 443 96 623 288
D2 0.0028 203 409 240 452
C3 0.0027 403 51 627 301
C2 0.0026 472 321 535 454
D2 0.0026 439 98 623 291
C2 0.0026 515 314 586 394
C3 0.0024 49 15 116 199
B2 0.0024 113 284 163 335
A2 0.0022 453 306 610 502
B2 0.0021 398 440 462 505
E2 0.0021 -14 427 622 671
D2 0.0021 203 501 316 569
A2 0.0020 11 323 439 588
C3 0.0019 405 55 556 218
C0 0.0019 605 144 681 577
A3 0.0019 0 421 658 673
H3 0.0018 611 150 681 537
G3 0.0018 71 339 148 421
C2 0.0018 472 321 526 419
B2 0.0017 291 373 363 466
A2 0.0016 331 239 700 390
A2 0.0016 321 347 642 578
F2 0.0016 30 280 425 601
F2 0.0015 514 266 682 322
C2 0.0015 386 260 479 371
G3 0.0015 133 414 172 501
G3 0.0015 47 -16 117 207
A2 0.0015 85 437 459 580
A2 0.0014 192 122 426 308
C2 0.0014 114 284 166 357
G3 0.0014 59 399 203 476
B2 0.0014 441 287 513 336
G3 0.0014 122 407 170 494
B2 0.0014 404 333 492 430
B2 0.0013 131 441 271 477
C3 0.0013 514 264 679 324
B2 0.0013 53 385 159 456
K0 0.0013 34 -1 116 221
C3 0.0013 611 145 683 287
C2 0.0013 499 406 602 496
C2 0.0013 612 157 674 355
B2 0.0012 196 323 261 406
A2 0.0012 -20 262 620 626
G3 0.0012 88 363 151 430
N0 0.0011 -1 20 80 246
I3 0.0011 610 152 682 537
C2 0.0011 638 254 681 410
A2 0.0011 465 316 594 445
Q0 0.0011 349 0 681 169
A2 0.0011 320 167 541 380
C2 0.0010 427 72 550 181
A2 0.0010 322 189 691 417
B2 0.0010 330 140 373 225
B2 0.0010 357 540 403 575
C3 0.0010 71 339 144 419
A2 0.0010 287 144 552 464
D2 0.0010 73 339 147 421
A2 0.0010 248 183 648 495
C2 0.0010 114 287 163 336
R0 0.0010 173 560 677 735
G3 0.0010 1 4 84 235
B2 0.0010 369 470 449 542
