F2 0.0673 22 130 142 182
F2 0.0540 106 81 202 170
A2 0.0506 -14 65 195 199
Q0 0.0490 1 47 207 205
A2 0.0406 -6 74 118 175
F2 0.0339 42 142 141 183
H3 0.0266 1 50 209 210
E0 0.0252 1 51 207 208
A2 0.0233 12 128 104 177
F2 0.0172 101 114 204 169
A2 0.0169 0 83 70 160
F2 0.0154 0 83 129 186
E2 0.0148 1 135 175 213
F2 0.0146 11 116 159 185
F2 0.0141 -17 72 180 188
A2 0.0099 0 57 151 141
B0 0.0090 0 156 208 211
F2 0.0087 44 65 213 195
A2 0.0080 63 67 196 189
A2 0.0073 6 55 169 181
F2 0.0068 79 76 204 183
D2 0.0068 0 52 210 211
F2 0.0067 5 125 105 176
F2 0.0064 43 133 113 164
F2 0.0063 -5 49 157 162
F2 0.0059 55 58 170 117
B2 0.0055 85 111 106 125
A2 0.0054 0 86 43 133
A2 0.0054 0 59 141 106
B2 0.0053 0 137 16 158
A2 0.0052 0 85 44 156
A2 0.0051 51 62 97 82
F2 0.0049 34 104 221 189
C3 0.0049 -1 154 157 212
C3 0.0049 0 158 57 209
E0 0.0045 0 156 212 210
F2 0.0042 0 50 201 203
A3 0.0042 -1 154 155 211
D2 0.0042 0 146 211 210
A2 0.0041 6 61 121 92
B2 0.0041 13 72 32 85
L0 0.0040 0 154 209 209
F2 0.0038 59 111 210 176
F2 0.0037 12 71 66 105
F2 0.0037 8 62 111 93
F2 0.0035 69 145 141 181
F2 0.0033 51 62 100 81
A2 0.0032 -5 66 99 153
A2 0.0032 31 58 146 172
F2 0.0031 27 49 199 166
F2 0.0031 -12 77 123 144
A2 0.0030 0 85 40 117
A2 0.0030 42 76 178 165
F2 0.0029 76 77 189 139
F2 0.0029 0 85 40 119
F2 0.0029 13 62 92 89
B2 0.0026 35 79 64 89
F2 0.0026 64 115 189 161
F2 0.0025 42 76 180 164
C2 0.0025 0 137 16 158
F2 0.0025 38 60 118 85
F2 0.0024 11 60 151 126
F2 0.0023 21 110 138 173
A2 0.0023 68 74 191 154
F2 0.0022 77 59 161 108
A2 0.0021 95 74 199 169
F2 0.0020 102 84 159 110
F2 0.0020 41 77 130 118
F2 0.0019 13 71 64 92
Q0 0.0018 48 58 208 178
B2 0.0018 10 85 39 96
F2 0.0018 108 87 155 106
A2 0.0017 0 115 19 158
F2 0.0017 0 85 39 104
Q0 0.0017 -2 17 207 86
A2 0.0017 101 82 191 131
E2 0.0017 -20 152 231 217
F2 0.0016 97 87 155 135
F2 0.0016 18 71 149 152
A2 0.0015 3 70 72 111
Q0 0.0015 95 165 207 209
F2 0.0015 117 85 201 138
F2 0.0015 63 81 115 112
Q0 0.0014 4 16 198 52
D0 0.0014 85 179 209 210
F2 0.0013 48 137 204 178
F2 0.0013 22 83 123 155
F2 0.0013 0 58 124 113
F2 0.0013 90 59 124 97
D0 0.0013 1 165 66 211
F2 0.0013 -1 126 131 166
F2 0.0012 24 58 144 104
F2 0.0012 -3 68 90 131
F2 0.0012 43 88 109 144
B2 0.0012 0 118 17 140
F2 0.0012 0 115 18 158
F2 0.0012 23 76 71 108
F2 0.0012 51 68 125 152
F2 0.0012 58 60 150 103
A2 0.0012 0 96 17 144
C3 0.0012 101 59 117 83
F2 0.0012 37 56 173 134
Q0 0.0012 -1 -2 191 48
A2 0.0012 0 82 67 133
A2 0.0011 0 80 40 105
Q0 0.0011 0 63 153 185
F2 0.0011 6 128 85 162
F2 0.0011 30 139 106 175
Q0 0.0011 120 154 208 208
F2 0.0010 33 78 65 105
Q0 0.0010 14 3 97 53
F2 0.0010 90 60 118 85
F2 0.0010 74 59 127 97
F2 0.0010 68 73 168 112
A2 0.0010 0 108 25 157
