A2 0.5124 -1 17 427 339
A2 0.2745 65 55 384 329
D2 0.1468 226 121 327 205
G3 0.1163 114 106 144 125
A2 0.1087 35 33 351 269
A2 0.1057 -81 -10 458 384
A2 0.0992 45 72 309 297
C2 0.0992 226 122 327 204
D2 0.0953 207 39 396 238
B2 0.0709 201 39 394 248
G3 0.0706 215 95 241 111
A2 0.0644 202 40 399 234
E0 0.0468 55 -6 396 326
D2 0.0431 75 75 130 176
C2 0.0417 333 86 394 125
G3 0.0363 142 107 174 119
G3 0.0291 142 117 166 153
G3 0.0284 141 98 175 120
E2 0.0278 334 86 394 127
D2 0.0271 62 66 388 272
G3 0.0265 156 199 182 223
A2 0.0264 78 106 210 251
G3 0.0249 245 102 261 124
D2 0.0233 245 125 312 164
G3 0.0215 141 95 174 108
A2 0.0201 82 107 173 238
A2 0.0195 116 97 409 320
A2 0.0189 226 161 382 307
E2 0.0178 160 42 404 239
G3 0.0177 113 95 174 125
A2 0.0170 119 43 416 237
A2 0.0160 51 45 314 229
G3 0.0144 75 107 114 173
A2 0.0140 95 112 340 311
C2 0.0138 241 125 309 164
E2 0.0136 76 73 129 176
H3 0.0135 42 0 394 319
E2 0.0135 188 74 387 325
A2 0.0135 66 92 273 268
A2 0.0135 183 197 273 306
C2 0.0132 142 245 187 290
E2 0.0130 113 94 174 126
A2 0.0128 133 191 285 306
G3 0.0126 82 87 124 172
A2 0.0118 191 113 387 316
B2 0.0114 143 244 187 289
D2 0.0112 218 93 378 224
E2 0.0110 214 95 261 125
D2 0.0110 143 245 186 290
B2 0.0106 174 78 212 112
G3 0.0104 135 95 173 111
A2 0.0093 124 155 302 307
B2 0.0091 184 196 273 306
D2 0.0091 331 86 395 220
G3 0.0087 89 152 129 194
F2 0.0086 79 0 347 122
B2 0.0084 176 201 221 235
G3 0.0075 140 102 175 154
G3 0.0074 95 82 127 151
B2 0.0069 210 44 385 167
A2 0.0062 226 217 331 307
C2 0.0059 165 110 244 139
D2 0.0058 177 201 221 235
Q0 0.0057 32 -5 394 326
B2 0.0054 166 173 230 209
G3 0.0054 94 145 148 185
G3 0.0053 75 128 109 175
G3 0.0052 100 76 129 138
E2 0.0052 146 89 279 143
D2 0.0052 114 95 174 126
D2 0.0052 338 87 393 126
B2 0.0049 166 110 242 139
G3 0.0048 107 118 167 165
E2 0.0046 333 83 395 161
C2 0.0045 269 196 316 245
B2 0.0044 222 41 392 130
C2 0.0043 247 40 289 58
D2 0.0042 175 79 211 112
D2 0.0042 216 68 392 305
A2 0.0041 143 167 377 310
A2 0.0040 81 138 158 238
A2 0.0039 66 61 304 188
D2 0.0039 112 62 419 339
G3 0.0039 175 78 211 103
A2 0.0038 111 85 301 147
E2 0.0038 220 129 348 219
G3 0.0037 102 78 146 125
F2 0.0036 70 60 324 181
D2 0.0035 171 113 243 140
D2 0.0034 334 86 395 171
C2 0.0033 174 201 220 236
E2 0.0032 332 87 395 217
B2 0.0032 215 94 261 123
E2 0.0031 86 79 178 173
G3 0.0029 269 121 307 143
D2 0.0028 166 174 230 209
A2 0.0026 211 183 350 309
C2 0.0025 346 112 394 198
G3 0.0025 104 79 130 121
D2 0.0024 268 121 307 143
D2 0.0023 67 10 396 318
G3 0.0022 84 221 121 260
A2 0.0022 72 108 235 306
B2 0.0022 216 107 264 140
E2 0.0022 130 82 296 149
E2 0.0022 209 40 327 94
B2 0.0020 269 120 307 143
A2 0.0020 119 194 250 268
G3 0.0020 171 119 243 140
B2 0.0020 151 229 196 268
E3 0.0019 199 40 395 238
A2 0.0019 307 122 395 282
G3 0.0019 215 94 260 123
B2 0.0019 210 42 346 120
B2 0.0018 307 121 395 284
E2 0.0018 87 115 169 183
B2 0.0018 270 197 315 244
E2 0.0017 135 53 304 143
B2 0.0017 176 78 211 98
E2 0.0017 105 14 420 252
F2 0.0017 69 18 336 153
E2 0.0017 77 92 175 245
D2 0.0017 214 95 261 123
F2 0.0016 223 36 391 126
E2 0.0016 242 100 261 126
A2 0.0016 105 61 305 157
A2 0.0015 149 68 269 132
A2 0.0015 85 113 169 188
D2 0.0015 177 122 242 140
B2 0.0014 151 133 180 152
B2 0.0014 180 47 226 77
D2 0.0014 79 72 183 222
C2 0.0014 249 143 327 200
B2 0.0014 105 138 148 159
F2 0.0014 115 38 314 136
G3 0.0013 154 200 208 245
D2 0.0013 211 42 333 98
A2 0.0013 96 178 278 277
F2 0.0013 105 272 368 336
B2 0.0013 180 146 223 182
E2 0.0013 346 43 393 147
B2 0.0013 166 108 216 136
B2 0.0012 210 138 245 161
G3 0.0012 69 72 99 150
G3 0.0012 77 93 119 158
F2 0.0012 124 61 287 135
D2 0.0011 253 127 321 171
B2 0.0011 238 124 308 165
Q0 0.0011 210 41 396 227
B2 0.0011 104 115 167 160
G3 0.0011 119 96 172 115
D2 0.0010 218 14 393 125
D2 0.0010 301 107 394 285
C2 0.0010 294 189 326 243
D2 0.0010 308 255 335 281
B2 0.0010 184 121 241 140
