E3 0.0844 35 99 407 470
A2 0.0308 85 112 385 411
F2 0.0252 63 136 363 438
F2 0.0229 103 326 324 437
C3 0.0123 40 362 70 417
Q0 0.0115 17 7 418 507
G3 0.0086 131 150 160 177
F2 0.0076 104 228 340 437
E3 0.0073 10 -3 417 525
C2 0.0068 48 251 112 286
C3 0.0064 112 399 140 453
G3 0.0064 130 149 168 185
C3 0.0059 264 143 288 185
C0 0.0046 165 121 270 206
C3 0.0046 102 366 132 406
C3 0.0038 78 178 123 229
E3 0.0036 9 450 400 526
F2 0.0033 156 122 267 211
C3 0.0033 210 349 321 432
F2 0.0032 104 113 367 338
A2 0.0028 121 128 409 363
E3 0.0027 3 355 419 532
G3 0.0026 178 124 209 162
G3 0.0026 197 130 242 193
C3 0.0025 103 367 139 450
C3 0.0025 340 222 404 257
C2 0.0021 264 143 287 185
G3 0.0021 114 175 157 236
C3 0.0020 46 251 111 287
A3 0.0020 209 350 321 432
A2 0.0020 102 116 337 322
C2 0.0020 8 489 87 526
F2 0.0019 56 228 272 413
F2 0.0018 155 120 262 180
E3 0.0018 29 480 401 529
F2 0.0018 82 202 399 428
E2 0.0017 48 1 336 28
C3 0.0017 344 259 389 291
F2 0.0017 138 119 299 237
B2 0.0016 344 259 389 290
E3 0.0016 18 2 409 263
G3 0.0015 80 201 118 220
F2 0.0015 119 168 405 358
C2 0.0014 10 489 56 526
C0 0.0014 149 120 210 168
B2 0.0013 47 251 111 286
C0 0.0013 179 125 301 216
F2 0.0013 121 125 261 228
A2 0.0012 118 118 271 302
F2 0.0012 110 121 289 320
F2 0.0012 38 157 333 366
G3 0.0011 80 177 124 237
F2 0.0011 76 164 303 338
C0 0.0010 226 157 248 177
E2 0.0010 50 0 381 37
G3 0.0010 79 210 117 220
F2 0.0010 35 199 330 450
C2 0.0010 103 367 138 450
Q0 0.0010 14 4 410 233
