D2 0.2255 370 46 501 363
B2 0.2231 371 44 501 363
A2 0.2195 59 239 650 832
B2 0.1844 256 -1 399 289
A2 0.1740 224 417 645 964
D2 0.1599 255 -1 399 291
A2 0.1385 98 104 518 619
B2 0.1309 228 671 534 953
A2 0.0967 167 147 362 365
B2 0.0930 167 149 360 366
D2 0.0913 489 230 615 523
A2 0.0755 72 261 549 738
A2 0.0720 230 670 533 955
D2 0.0713 270 2 503 366
B2 0.0709 490 231 616 521
B2 0.0624 261 -8 503 364
A2 0.0536 128 139 431 492
A2 0.0465 89 262 533 581
A2 0.0448 15 332 665 993
G3 0.0388 371 112 504 376
G3 0.0328 490 240 603 446
B2 0.0272 227 420 624 974
A2 0.0222 86 282 382 538
B2 0.0188 68 546 322 762
Q0 0.0185 1 6 680 1007
A2 0.0154 69 212 514 496
B2 0.0152 87 285 372 528
C2 0.0146 491 234 600 444
G3 0.0145 372 83 491 318
A2 0.0135 399 484 654 677
G3 0.0121 224 613 319 684
A2 0.0115 61 293 411 765
G3 0.0112 261 11 395 314
B2 0.0111 70 544 230 765
B2 0.0110 270 742 532 949
A2 0.0110 106 403 393 562
A2 0.0109 81 388 496 582
A2 0.0095 365 349 531 503
D2 0.0095 30 -5 663 998
G3 0.0091 489 251 618 552
B2 0.0081 148 38 455 481
B2 0.0074 73 300 581 868
B2 0.0071 143 -8 413 405
H3 0.0064 2 37 699 1032
B2 0.0061 87 122 382 551
C2 0.0059 260 11 397 200
A2 0.0059 72 374 389 626
B2 0.0056 344 289 476 363
B2 0.0050 229 665 396 899
B2 0.0048 41 -7 281 804
A2 0.0045 172 292 593 629
A2 0.0044 180 280 652 760
B2 0.0043 235 211 355 330
A2 0.0041 82 107 383 585
C2 0.0040 370 59 489 315
A2 0.0040 350 266 533 534
B2 0.0038 479 214 649 752
B2 0.0037 413 175 658 839
F2 0.0036 37 225 675 958
C2 0.0035 343 289 474 363
B2 0.0035 371 349 458 426
F2 0.0034 22 442 649 993
B2 0.0032 71 60 277 497
B2 0.0031 368 220 623 551
G3 0.0031 129 63 269 255
G3 0.0031 491 236 593 385
A2 0.0030 334 451 655 769
B2 0.0029 448 367 526 441
B2 0.0029 349 101 545 631
B2 0.0026 158 481 234 537
B2 0.0026 233 581 585 964
G3 0.0024 267 19 396 219
A2 0.0024 413 519 651 761
A2 0.0023 277 305 545 544
A2 0.0022 68 541 227 764
B2 0.0022 399 488 488 596
C2 0.0021 132 61 270 250
G3 0.0020 197 613 320 701
G3 0.0020 257 3 509 361
Q0 0.0019 109 209 654 959
B2 0.0019 57 333 434 770
A2 0.0018 266 294 662 662
A2 0.0018 385 302 647 718
C2 0.0018 172 202 250 344
F2 0.0017 226 670 392 857
B2 0.0017 265 226 354 323
B2 0.0016 230 148 334 233
B2 0.0016 160 455 327 542
F2 0.0015 87 292 359 495
B2 0.0014 157 480 298 542
B2 0.0014 72 289 384 668
B2 0.0014 444 182 601 553
G3 0.0014 5 41 307 1014
C2 0.0014 170 184 300 343
N0 0.0013 0 35 412 1020
D2 0.0013 11 23 444 1037
D2 0.0013 380 29 484 289
D2 0.0012 208 241 656 986
B2 0.0012 467 431 530 496
B2 0.0012 311 22 518 667
B2 0.0012 390 475 654 645
B2 0.0012 337 239 653 746
F2 0.0011 -127 1 372 48
E3 0.0011 0 29 345 1026
F2 0.0010 165 546 572 921
B2 0.0010 369 46 602 636
H3 0.0010 3 25 342 1037
G3 0.0010 33 56 280 691
B2 0.0010 85 370 191 457
D2 0.0010 492 229 601 428
B2 0.0010 106 52 268 281
B2 0.0010 408 467 652 757
C2 0.0010 162 307 352 407
