A2 0.3042 15 31 347 218
A2 0.2469 43 43 282 211
F2 0.2419 34 33 301 206
E0 0.0867 12 -4 363 240
A2 0.0566 44 -2 345 163
F2 0.0488 30 5 337 176
A2 0.0274 -50 -13 452 252
F2 0.0260 44 54 246 188
D2 0.0216 1 -1 359 239
C3 0.0152 0 0 68 64
E0 0.0143 0 0 69 62
C3 0.0113 169 27 193 51
H3 0.0085 0 0 69 62
A2 0.0082 26 94 355 215
A2 0.0078 110 110 341 213
A2 0.0066 105 137 313 213
A2 0.0056 44 54 227 190
B2 0.0050 3 222 43 244
C2 0.0049 314 107 353 153
C3 0.0043 271 90 323 140
F2 0.0041 50 55 225 151
C2 0.0037 246 53 287 95
A2 0.0034 96 67 362 225
F2 0.0034 134 149 316 211
F2 0.0034 14 24 302 138
C2 0.0026 97 37 135 59
C2 0.0024 272 90 324 140
C2 0.0024 260 20 280 65
B2 0.0024 99 37 135 58
F2 0.0023 47 107 305 211
A2 0.0022 172 -1 320 138
H3 0.0021 -7 -4 372 246
C2 0.0021 169 27 192 51
D2 0.0021 103 37 135 59
C3 0.0020 260 21 281 66
C2 0.0019 248 21 280 64
B2 0.0018 0 199 42 244
A2 0.0018 79 -1 295 121
C2 0.0018 219 117 235 163
B2 0.0018 261 20 281 66
A2 0.0016 75 18 385 243
A2 0.0015 131 -9 360 160
C2 0.0015 0 196 41 242
B2 0.0015 211 192 248 209
A2 0.0014 37 123 326 213
B2 0.0014 219 117 235 163
C3 0.0014 297 47 312 70
B2 0.0014 316 107 351 152
A2 0.0014 191 0 294 124
E2 0.0013 1 0 65 54
G3 0.0013 265 93 319 140
Q0 0.0012 251 -13 363 89
C2 0.0012 226 0 242 42
A2 0.0011 230 94 354 208
E0 0.0011 0 -4 361 89
F2 0.0011 262 84 320 142
E0 0.0011 2 2 65 87
C2 0.0011 225 2 256 46
E2 0.0011 0 4 17 49
A2 0.0011 233 6 318 122
C3 0.0011 206 11 230 48
O0 0.0010 2 0 69 86
C3 0.0010 237 3 256 45
A2 0.0010 146 0 381 220
C3 0.0010 0 124 18 159
