A2 0.9390 161 161 645 568
F3 0.0408 1 621 223 676
F3 0.0234 112 628 373 675
C3 0.0169 1 287 481 672
K0 0.0118 0 280 480 673
B2 0.0107 1 274 481 674
C2 0.0094 443 -2 663 52
F3 0.0051 25 627 327 676
G3 0.0049 571 40 698 152
C3 0.0034 440 -5 681 51
F3 0.0020 642 40 689 266
H3 0.0018 451 -1 697 51
F3 0.0017 616 44 688 262
F3 0.0016 145 4 423 116
F3 0.0016 676 26 693 271
F3 0.0013 659 39 692 262
F3 0.0013 435 636 695 680
F3 0.0012 559 84 680 315
H3 0.0010 8 613 475 680
F3 0.0010 -3 14 193 172
C2 0.0010 341 0 661 49
