L0 0.0572 29 85 631 554
A2 0.0498 -47 73 637 556
A2 0.0459 118 78 545 450
D2 0.0391 29 84 628 553
A2 0.0134 -119 10 749 644
G3 0.0108 301 482 346 500
A2 0.0060 27 249 708 586
A2 0.0051 128 125 650 573
G3 0.0048 355 272 415 301
G3 0.0047 44 96 63 139
H3 0.0047 19 93 643 585
G3 0.0045 164 198 204 251
B0 0.0038 24 85 638 569
G3 0.0034 191 340 225 372
G3 0.0032 177 454 221 480
G3 0.0031 202 340 225 368
G3 0.0031 216 436 243 506
G3 0.0029 342 340 399 389
A2 0.0024 153 84 515 356
G3 0.0020 45 124 63 143
G3 0.0019 168 200 204 233
G3 0.0017 342 350 378 389
G3 0.0016 302 452 347 500
G3 0.0016 165 446 220 480
G3 0.0015 384 458 416 494
A2 0.0015 149 267 654 556
E2 0.0014 -9 19 558 555
G3 0.0014 176 164 214 193
A2 0.0014 2 258 467 556
G3 0.0013 424 395 458 433
E3 0.0013 65 476 615 623
G3 0.0012 197 310 254 352
D2 0.0011 124 476 176 503
G3 0.0011 178 217 200 254
G3 0.0010 579 96 636 383
G3 0.0010 245 381 318 433
G3 0.0010 165 209 201 240
B2 0.0010 124 476 177 504
