L0 0.0459 7 91 700 628
A2 0.0250 -4 176 758 635
A2 0.0201 93 242 671 613
A2 0.0091 4 295 492 571
D2 0.0077 3 90 698 625
F2 0.0066 503 420 701 570
A0 0.0064 1 79 708 636
F2 0.0056 190 100 550 279
Q0 0.0055 163 -20 537 98
A2 0.0051 461 418 704 570
A2 0.0048 210 101 548 275
F2 0.0045 78 196 714 604
F2 0.0044 192 106 430 301
A2 0.0043 141 122 743 534
Q0 0.0042 65 -24 622 110
E3 0.0039 0 95 708 638
F2 0.0035 -47 151 582 543
A2 0.0034 265 362 710 594
F2 0.0034 -5 272 369 456
A2 0.0033 233 251 619 581
A2 0.0033 -49 67 667 609
A2 0.0029 276 159 709 483
F2 0.0028 0 217 336 525
A2 0.0027 -19 281 375 545
A2 0.0026 25 81 569 438
F2 0.0026 95 110 508 392
F2 0.0025 245 255 557 557
A2 0.0024 346 401 686 586
F2 0.0024 -73 94 686 605
B2 0.0023 10 445 97 489
G3 0.0023 40 604 616 670
F2 0.0023 162 92 578 339
A2 0.0022 342 431 597 587
F2 0.0021 235 101 502 245
F2 0.0021 -39 262 417 540
A2 0.0021 340 181 696 420
E3 0.0020 76 537 620 669
A2 0.0020 251 187 742 572
F2 0.0019 239 109 394 209
E3 0.0019 234 562 519 659
C0 0.0019 250 105 407 185
A2 0.0019 58 279 537 635
C3 0.0019 120 344 198 409
F2 0.0018 197 186 457 296
F2 0.0018 294 112 550 276
G3 0.0018 359 23 385 38
A2 0.0017 185 310 645 620
M0 0.0017 614 515 701 702
F2 0.0016 358 120 531 268
A2 0.0016 5 216 276 516
A2 0.0016 215 107 425 280
F2 0.0015 -27 276 526 466
F2 0.0015 187 166 441 339
F2 0.0015 227 270 747 613
B2 0.0014 445 374 553 429
A2 0.0014 106 125 523 404
A2 0.0013 73 319 362 563
F2 0.0013 339 117 593 291
C2 0.0013 521 423 612 505
C2 0.0013 448 378 556 428
A2 0.0013 366 465 565 585
C3 0.0012 253 186 318 231
C2 0.0012 0 328 72 385
E3 0.0012 155 609 540 673
D2 0.0012 444 374 555 428
G0 0.0012 50 590 569 672
F2 0.0012 146 153 553 367
F2 0.0011 266 147 326 213
G3 0.0011 581 0 668 109
A2 0.0010 106 153 221 290
F2 0.0010 293 496 596 620
F2 0.0010 191 109 375 224
F2 0.0010 168 112 333 302
A2 0.0010 110 161 578 469
