D2 0.0203 -4 39 364 482
E0 0.0199 -5 38 363 483
A2 0.0165 46 180 356 473
H3 0.0144 3 32 362 482
G3 0.0132 56 122 88 144
C3 0.0128 346 23 364 64
C2 0.0106 0 232 19 302
A2 0.0070 7 120 174 336
C3 0.0070 0 463 38 485
C3 0.0063 0 6 29 49
A2 0.0046 25 78 331 285
Q0 0.0045 -6 36 370 485
B2 0.0039 83 205 132 235
A2 0.0039 -20 131 366 453
F2 0.0038 13 125 367 480
C2 0.0038 288 374 345 413
F2 0.0036 73 155 348 444
C2 0.0035 271 286 326 339
J0 0.0035 56 0 169 56
A2 0.0033 -16 107 251 370
Q0 0.0027 -4 0 360 119
R0 0.0025 -4 -1 180 114
Q0 0.0025 -1 0 169 114
A2 0.0024 164 132 338 344
C2 0.0023 125 267 185 288
B2 0.0023 121 309 179 338
C2 0.0022 276 287 322 326
F0 0.0021 10 13 358 483
B2 0.0019 185 89 288 143
C3 0.0019 193 0 255 57
F2 0.0018 211 236 363 477
D2 0.0016 213 222 362 483
A2 0.0015 35 159 195 351
A2 0.0015 32 150 158 257
B2 0.0014 277 287 321 321
F2 0.0014 106 203 367 474
Q0 0.0014 189 0 365 121
C0 0.0014 0 95 381 289
A2 0.0014 104 96 364 412
A2 0.0013 221 144 334 300
B1 0.0013 166 125 332 319
D2 0.0013 276 287 320 322
A2 0.0013 118 199 359 427
F2 0.0013 72 86 279 178
C3 0.0012 43 0 187 58
C2 0.0012 29 340 90 412
A2 0.0012 57 81 288 222
F2 0.0012 182 88 289 142
A2 0.0012 74 176 355 389
A2 0.0012 68 87 289 174
E2 0.0012 15 259 301 495
R0 0.0012 -1 0 361 122
D2 0.0012 273 286 325 339
A2 0.0012 6 124 169 263
H3 0.0011 64 78 371 418
A2 0.0011 63 187 170 357
G3 0.0011 62 259 84 270
A2 0.0011 -44 92 329 385
C0 0.0011 66 129 346 421
A2 0.0011 5 181 274 425
B2 0.0011 126 267 185 288
A2 0.0010 22 79 257 256
A2 0.0010 2 167 138 327
B2 0.0010 203 255 361 479
C0 0.0010 184 89 288 142
