A2 0.4325 84 23 319 256
A2 0.0258 125 17 330 210
A2 0.0251 108 82 309 273
E0 0.0180 38 5 387 277
C2 0.0168 160 105 197 163
D2 0.0102 161 106 197 164
H3 0.0098 -2 -35 400 279
C2 0.0085 352 106 400 190
C2 0.0075 159 214 203 249
D2 0.0074 0 -33 396 281
A2 0.0062 97 142 291 273
A2 0.0056 136 23 313 153
I3 0.0055 353 101 399 196
B2 0.0044 158 212 202 248
B2 0.0040 161 107 194 155
A2 0.0040 58 9 269 220
A2 0.0034 162 41 328 185
O0 0.0034 353 101 400 197
A2 0.0033 87 88 145 183
A2 0.0031 150 24 286 132
C2 0.0029 99 89 143 158
B2 0.0029 109 165 175 206
A2 0.0026 91 58 266 266
C3 0.0024 352 102 399 196
C2 0.0023 125 206 167 262
Q0 0.0020 88 16 394 279
A2 0.0018 163 25 272 107
F2 0.0018 283 123 321 207
B2 0.0017 157 159 194 207
A2 0.0017 89 75 227 206
A2 0.0016 82 86 174 176
A2 0.0016 248 3 399 225
C2 0.0016 156 158 194 207
L0 0.0013 351 69 399 199
H3 0.0012 352 100 399 197
B2 0.0012 274 89 311 126
L0 0.0012 261 12 398 215
A2 0.0012 120 22 263 173
C3 0.0012 73 21 380 279
D2 0.0011 161 216 204 249
A2 0.0011 184 37 330 145
F2 0.0010 194 176 406 286
C2 0.0010 127 39 182 93
B2 0.0010 203 129 250 183
B2 0.0010 282 122 321 206
