A2 0.2053 62 51 466 340
A2 0.0685 223 95 475 334
A2 0.0613 -1 27 554 365
A2 0.0177 141 74 511 356
Q0 0.0176 8 52 524 343
E0 0.0166 11 49 516 342
A2 0.0135 107 46 436 275
A2 0.0110 134 56 377 235
G3 0.0098 283 109 346 121
A2 0.0078 62 137 250 327
A2 0.0067 210 178 424 332
G3 0.0062 367 207 382 281
G3 0.0062 292 86 358 119
C3 0.0061 253 264 327 330
D2 0.0060 253 264 327 329
B2 0.0057 259 241 326 302
B2 0.0055 253 258 327 329
A2 0.0054 149 60 355 180
A2 0.0049 56 88 296 331
A2 0.0049 171 106 397 211
G3 0.0049 111 166 130 181
C2 0.0044 254 264 327 329
G3 0.0043 324 211 370 302
A2 0.0042 185 97 412 249
B2 0.0042 288 220 339 288
G3 0.0042 258 127 353 160
B2 0.0040 387 272 459 309
G3 0.0037 201 63 234 101
D2 0.0037 111 165 130 181
A2 0.0035 159 153 294 337
A2 0.0035 69 143 503 346
A2 0.0034 201 113 376 199
A2 0.0034 282 51 466 224
G3 0.0033 273 169 336 204
A2 0.0031 294 68 477 309
A2 0.0029 193 34 491 296
C0 0.0029 222 55 299 105
C0 0.0028 156 66 232 131
A2 0.0028 167 60 288 159
A2 0.0028 151 78 414 196
A2 0.0028 149 164 462 341
C0 0.0026 223 55 344 113
G3 0.0026 289 155 342 196
C0 0.0025 169 58 277 141
C0 0.0025 189 62 261 114
H3 0.0025 29 52 529 339
A2 0.0024 158 60 304 222
B2 0.0024 289 220 330 265
A2 0.0024 68 165 211 316
H3 0.0024 12 -62 585 340
G3 0.0022 176 101 227 142
A2 0.0021 64 148 331 335
G3 0.0021 54 230 74 249
C3 0.0021 202 63 233 101
G3 0.0021 239 128 345 183
G3 0.0020 207 82 259 116
B2 0.0020 392 272 459 293
C3 0.0020 225 54 263 86
B2 0.0020 260 128 351 160
G3 0.0019 195 105 250 166
A2 0.0018 362 134 480 322
F2 0.0018 296 54 461 193
A2 0.0017 367 127 469 279
B2 0.0017 207 83 261 116
A2 0.0017 101 53 343 303
G3 0.0017 466 223 483 238
A2 0.0016 296 158 493 329
B2 0.0016 402 271 459 287
G3 0.0016 392 144 461 188
G3 0.0016 277 110 347 126
L0 0.0015 295 56 459 193
C0 0.0015 174 58 354 132
A2 0.0015 136 164 338 339
G3 0.0014 153 102 176 113
A2 0.0014 154 60 341 143
G3 0.0013 260 111 347 150
F2 0.0013 317 85 459 189
G3 0.0013 154 69 205 115
G3 0.0013 175 110 215 151
C0 0.0013 317 88 460 189
G3 0.0013 177 67 204 102
D2 0.0013 462 223 483 237
F2 0.0013 180 77 396 193
G3 0.0013 78 195 95 211
G3 0.0012 255 112 346 136
C0 0.0012 155 65 214 150
B2 0.0012 382 189 460 234
G3 0.0012 286 99 350 120
Q0 0.0010 -26 -98 581 123
G3 0.0010 173 117 207 153
E2 0.0010 536 197 598 398
A2 0.0010 340 148 461 315
