A2 0.9365 180 54 345 208
H3 0.1525 82 205 269 376
C3 0.0776 260 198 471 378
C3 0.0302 259 107 507 377
H3 0.0276 255 197 455 382
C3 0.0164 363 107 514 260
H3 0.0157 -1 122 155 283
I3 0.0150 259 199 449 379
C3 0.0134 86 208 264 373
H3 0.0120 0 125 265 375
D3 0.0100 261 106 511 378
H3 0.0091 347 106 512 261
I3 0.0088 88 208 264 371
C3 0.0058 32 154 270 374
H3 0.0057 396 106 514 218
I3 0.0039 365 103 513 261
C3 0.0025 394 108 515 218
C0 0.0022 259 106 515 379
E3 0.0016 401 111 515 215
H3 0.0016 258 107 513 378
I3 0.0016 397 109 516 214
