D2 0.3063 0 0 323 184
A2 0.2757 -37 86 581 590
A2 0.1557 261 342 582 578
B2 0.1182 -1 0 325 180
D2 0.0873 274 448 337 523
C2 0.0784 274 448 337 522
E0 0.0526 0 40 622 617
B2 0.0480 274 448 336 521
A2 0.0471 197 241 580 576
A2 0.0442 115 153 611 594
A2 0.0403 50 213 514 610
A2 0.0378 262 58 554 321
D2 0.0307 533 154 640 450
A2 0.0280 -71 -52 615 667
D2 0.0269 -4 38 644 618
A2 0.0219 264 373 507 568
Q0 0.0203 -2 2 314 176
C2 0.0197 335 329 433 394
C3 0.0184 533 159 639 447
H3 0.0184 -7 47 638 629
C2 0.0172 270 158 317 274
Q0 0.0166 0 42 647 625
G3 0.0158 270 158 317 275
D2 0.0140 270 158 318 276
E0 0.0124 306 85 650 551
B2 0.0123 272 380 363 459
B2 0.0113 335 329 432 394
F2 0.0110 5 45 655 633
D2 0.0100 335 329 432 394
A2 0.0097 162 367 537 586
E2 0.0086 1 0 311 180
C2 0.0079 271 381 363 462
A2 0.0068 24 325 581 608
A3 0.0059 0 0 285 180
A2 0.0054 22 36 519 446
B2 0.0053 181 482 284 546
A2 0.0047 262 376 455 514
C3 0.0044 0 -1 272 179
B2 0.0040 55 296 125 344
B2 0.0039 208 359 269 419
A2 0.0038 272 71 492 254
B2 0.0037 140 294 205 372
F2 0.0037 417 112 635 557
B2 0.0034 328 293 404 331
C2 0.0033 179 483 286 547
A2 0.0031 56 116 257 247
A2 0.0029 164 -13 605 558
C2 0.0028 533 160 639 452
B2 0.0028 271 154 318 284
B2 0.0026 354 385 420 442
D2 0.0023 263 147 334 284
A2 0.0023 223 -18 687 647
D2 0.0022 327 293 405 331
A2 0.0021 188 47 587 390
B2 0.0021 282 514 345 568
D2 0.0021 265 -4 657 582
A2 0.0021 201 355 437 562
H3 0.0019 229 -66 675 659
D2 0.0018 143 88 414 369
E3 0.0017 0 -2 312 180
A2 0.0017 0 65 411 574
D2 0.0016 51 444 550 621
B2 0.0016 105 399 153 468
C2 0.0016 284 61 359 152
D2 0.0016 198 77 462 387
D2 0.0016 228 130 402 305
F2 0.0015 30 396 569 628
A2 0.0015 109 301 504 554
A2 0.0015 51 62 316 250
B2 0.0015 407 242 476 303
B2 0.0015 191 362 270 444
A2 0.0014 274 143 524 352
E0 0.0014 425 126 636 556
A2 0.0013 167 350 618 633
F2 0.0013 174 98 448 397
A2 0.0012 232 131 546 435
A2 0.0012 317 21 659 581
B2 0.0012 99 -3 629 450
D2 0.0012 156 30 536 427
A2 0.0012 25 116 322 483
A2 0.0011 26 291 289 525
E2 0.0011 3 0 249 39
A2 0.0011 29 294 420 579
C2 0.0011 50 338 110 428
A2 0.0011 276 64 455 219
C2 0.0011 342 346 410 393
A2 0.0010 50 320 353 555
A2 0.0010 304 175 506 323
B2 0.0010 208 451 271 495
A2 0.0010 7 200 232 570
B2 0.0010 51 339 109 427
