A2 0.6209 133 85 405 266
H3 0.1713 361 -2 527 209
L0 0.1074 363 -7 527 208
I3 0.0506 0 220 101 297
E2 0.0487 362 -5 527 208
L0 0.0479 1 219 101 298
H3 0.0392 1 219 102 298
A2 0.0344 135 89 372 200
C3 0.0297 362 -8 526 205
I3 0.0281 362 -5 527 207
C3 0.0190 2 218 99 300
C2 0.0125 0 220 101 296
D2 0.0115 211 199 257 251
O0 0.0098 360 -3 528 205
D2 0.0088 215 211 282 255
E0 0.0085 104 55 431 288
C2 0.0084 216 211 280 254
A2 0.0066 125 95 313 229
B2 0.0066 312 153 370 191
C2 0.0065 155 154 221 220
H3 0.0058 3 7 523 298
B2 0.0057 215 206 282 254
A2 0.0055 119 61 438 193
H3 0.0054 101 62 433 288
B2 0.0053 155 151 224 219
B2 0.0052 252 139 323 182
C3 0.0046 139 92 415 293
B2 0.0046 316 156 367 176
Q0 0.0043 0 219 100 295
A2 0.0041 144 92 355 161
D2 0.0037 195 184 256 247
O0 0.0035 1 219 103 296
Q0 0.0032 362 -1 527 205
B2 0.0029 239 174 298 218
B2 0.0028 191 166 257 246
B2 0.0028 381 229 523 423
E0 0.0023 383 0 530 22
Q0 0.0023 103 56 437 288
Q0 0.0022 2 -21 521 295
C2 0.0019 195 196 255 245
F3 0.0018 379 0 525 32
A2 0.0017 126 100 274 205
A2 0.0015 105 62 352 273
B2 0.0014 320 187 374 229
B2 0.0014 159 177 213 220
A2 0.0014 201 66 425 285
B2 0.0011 226 132 317 184
O0 0.0010 -1 196 95 316
A2 0.0010 229 130 351 209
B2 0.0010 209 160 259 229
