A2 0.4094 95 51 390 292
E3 0.1052 9 44 406 297
Q0 0.0179 4 44 426 302
B2 0.0135 150 62 402 289
A2 0.0109 202 61 398 282
A2 0.0089 106 50 378 215
D2 0.0083 5 36 431 303
B2 0.0072 235 74 397 283
A2 0.0063 248 91 399 279
A2 0.0057 72 70 311 303
C0 0.0052 324 252 463 330
O0 0.0048 6 40 447 309
F2 0.0044 16 53 236 260
B2 0.0042 278 210 368 280
C2 0.0041 366 254 402 288
F2 0.0039 16 184 252 300
B2 0.0031 274 137 399 278
B2 0.0029 232 200 274 260
B2 0.0023 371 157 401 185
B2 0.0022 283 264 312 288
R0 0.0020 325 253 467 329
A2 0.0020 23 179 271 303
D1 0.0020 322 253 460 328
C2 0.0019 364 254 407 299
F2 0.0018 116 47 356 181
J0 0.0018 326 254 463 330
B2 0.0016 107 69 147 101
C2 0.0016 281 216 356 276
A2 0.0015 134 51 357 176
B2 0.0014 354 134 399 159
B2 0.0013 273 186 310 214
B2 0.0012 224 194 375 280
B2 0.0012 334 215 367 273
K0 0.0012 16 188 123 245
E2 0.0010 375 371 468 404
B2 0.0010 128 156 183 190
C0 0.0010 322 216 471 336
