A2 0.2351 0 88 407 233
A2 0.1619 25 77 377 293
C3 0.0904 62 209 334 297
A2 0.0622 89 85 369 224
E0 0.0453 3 91 396 299
L0 0.0375 47 211 343 297
D2 0.0354 41 200 344 296
A2 0.0313 25 88 310 222
D2 0.0248 4 87 394 298
Q0 0.0186 0 87 393 301
B2 0.0168 68 187 117 214
B2 0.0133 133 109 168 150
E2 0.0129 23 110 363 310
D2 0.0115 70 188 118 214
B2 0.0114 157 191 197 217
A2 0.0111 23 121 264 283
E0 0.0110 1 180 398 299
A2 0.0086 33 138 255 233
E0 0.0084 2 153 396 374
C2 0.0079 132 109 168 150
B2 0.0078 64 170 119 214
A2 0.0078 13 115 319 249
B2 0.0075 66 171 120 200
C2 0.0073 56 144 103 168
B2 0.0069 278 187 324 215
B2 0.0061 144 157 201 194
D2 0.0056 38 140 378 305
B2 0.0052 55 144 104 168
A2 0.0049 33 104 246 217
A2 0.0047 18 150 231 220
D2 0.0040 136 109 170 152
B2 0.0039 76 172 121 193
C2 0.0038 143 157 198 193
H3 0.0035 4 162 400 389
B2 0.0028 233 185 266 217
R0 0.0026 -6 251 401 403
B2 0.0021 65 167 123 193
B2 0.0017 83 189 117 214
J0 0.0017 183 311 395 406
D2 0.0015 155 191 198 217
A2 0.0015 219 144 384 233
B2 0.0015 52 165 128 212
B2 0.0015 204 206 238 218
B2 0.0015 37 185 72 209
Q0 0.0014 219 290 384 417
D2 0.0013 79 189 109 214
A2 0.0012 67 107 206 177
B2 0.0012 68 191 89 208
F3 0.0012 30 311 391 399
D2 0.0011 -17 165 365 289
A2 0.0011 85 93 232 201
B2 0.0011 338 169 360 183
D2 0.0011 39 187 67 210
A2 0.0011 63 108 428 266
B2 0.0011 112 181 155 214
B2 0.0011 69 189 103 211
A2 0.0011 177 83 354 218
A2 0.0010 177 86 322 176
A2 0.0010 139 100 400 300
A2 0.0010 90 109 178 160
