A2 0.5631 158 151 577 496
D2 0.0626 235 -1 490 42
A2 0.0596 142 142 584 382
D2 0.0587 453 352 554 392
G3 0.0568 453 352 553 392
A2 0.0492 268 158 583 369
G3 0.0448 289 348 384 426
A2 0.0204 74 30 664 424
D2 0.0200 291 352 385 427
E0 0.0170 4 -3 762 523
H3 0.0165 6 -3 766 523
D2 0.0151 8 -3 763 520
E2 0.0140 229 -3 498 47
B2 0.0132 293 350 384 426
A2 0.0131 66 134 613 446
A2 0.0109 348 165 580 350
A2 0.0097 291 162 589 463
A2 0.0084 192 156 360 322
G3 0.0074 312 384 355 471
A2 0.0074 213 305 562 481
A2 0.0073 161 154 425 366
B2 0.0070 327 284 404 327
A2 0.0070 378 166 553 309
B2 0.0067 159 340 224 387
B2 0.0066 258 271 372 329
B2 0.0064 380 330 449 361
A2 0.0063 192 24 654 335
A2 0.0062 152 146 547 313
A2 0.0060 258 237 582 485
G3 0.0059 379 330 448 360
B2 0.0058 229 394 315 429
A2 0.0056 240 141 618 330
B2 0.0053 454 352 548 391
C2 0.0051 0 467 126 524
E3 0.0050 0 2 212 522
C2 0.0049 224 -1 493 48
B2 0.0049 382 326 484 356
A2 0.0044 127 152 451 461
A2 0.0041 330 237 587 430
B2 0.0040 281 194 345 248
A2 0.0038 143 221 352 418
A2 0.0037 319 308 567 416
A2 0.0035 267 334 535 484
A2 0.0035 346 347 411 391
B0 0.0033 -5 -5 742 529
D2 0.0033 5 8 211 515
B2 0.0030 150 239 203 275
G3 0.0030 325 284 403 327
A2 0.0025 443 168 593 352
A2 0.0025 112 187 314 365
A2 0.0025 177 155 451 282
B2 0.0023 510 198 589 251
B2 0.0022 409 365 477 414
E3 0.0021 32 -3 769 523
D2 0.0021 229 394 314 430
B2 0.0020 224 355 299 403
A2 0.0018 213 330 477 479
B2 0.0017 328 395 380 444
D2 0.0017 3 -3 488 521
B2 0.0015 151 282 214 341
A2 0.0015 70 2 566 273
A2 0.0014 143 251 280 387
C3 0.0014 1 468 130 525
B2 0.0014 380 337 451 388
B2 0.0013 225 365 312 427
B2 0.0013 312 366 383 433
A2 0.0013 161 269 436 452
A2 0.0013 456 230 588 356
B2 0.0013 471 419 540 470
A2 0.0012 427 240 592 408
A2 0.0012 190 164 387 268
A2 0.0012 156 61 596 276
B2 0.0012 221 320 304 377
A2 0.0011 338 330 548 428
B2 0.0011 5 18 185 528
A2 0.0011 316 126 557 294
G3 0.0011 366 352 392 386
A2 0.0011 417 39 726 473
B2 0.0010 358 352 392 393
B2 0.0010 397 300 440 331
B2 0.0010 328 318 392 395
B2 0.0010 221 339 307 400
B2 0.0010 308 336 353 375
