A2 0.5718 36 10 484 353
A2 0.3791 -50 -11 543 406
A2 0.1612 5 55 425 396
A2 0.1299 75 25 432 295
A2 0.1099 117 75 463 360
E0 0.0478 -3 -16 493 405
A2 0.0191 55 132 448 384
B2 0.0185 95 95 129 142
A2 0.0134 96 259 246 381
A2 0.0112 50 45 329 349
B2 0.0105 92 269 154 315
H3 0.0105 5 -5 495 409
A2 0.0091 130 28 367 160
D2 0.0089 7 -3 496 405
B2 0.0077 170 220 232 257
G3 0.0060 303 126 344 177
B2 0.0049 361 257 418 324
B2 0.0046 409 140 454 186
B2 0.0046 85 141 121 166
A2 0.0041 194 116 449 359
A2 0.0040 242 271 318 359
A2 0.0037 177 30 316 125
C2 0.0036 92 270 153 316
C3 0.0034 2 7 502 408
A2 0.0034 44 68 385 270
A2 0.0033 89 244 345 383
A2 0.0033 127 204 377 383
A2 0.0031 305 181 445 330
D2 0.0029 304 126 344 177
A2 0.0029 130 22 424 197
A2 0.0028 144 289 242 379
A2 0.0026 130 30 309 140
A2 0.0026 57 141 154 259
B2 0.0025 96 95 127 128
B2 0.0025 304 126 344 177
A2 0.0024 202 40 307 113
A2 0.0024 48 147 316 386
A2 0.0021 284 98 450 341
A2 0.0020 67 211 253 384
A2 0.0019 160 9 476 312
A2 0.0017 149 155 435 376
B2 0.0017 240 321 291 368
B2 0.0017 389 185 444 202
A2 0.0016 334 97 444 177
B2 0.0015 392 98 428 129
A2 0.0015 58 107 249 287
A2 0.0015 208 46 460 271
D2 0.0015 239 321 292 370
A2 0.0014 351 187 447 318
A2 0.0014 309 101 436 195
A2 0.0013 90 69 188 151
A2 0.0012 87 60 225 150
C2 0.0012 165 309 237 373
B2 0.0012 172 310 237 373
A2 0.0012 48 10 275 312
A2 0.0012 292 88 448 241
B2 0.0011 159 101 219 136
A2 0.0011 271 72 450 278
A2 0.0010 190 196 400 371
A2 0.0010 300 238 394 355
