A2 0.5710 140 71 499 380
C2 0.1251 232 95 313 180
C2 0.1176 319 90 438 138
D2 0.0843 322 92 435 138
D2 0.0756 232 95 313 181
C2 0.0451 262 197 368 290
B2 0.0295 323 91 433 137
C2 0.0266 238 224 295 292
A2 0.0193 207 159 496 383
E2 0.0190 314 83 443 164
E0 0.0189 98 0 545 437
C2 0.0183 235 211 336 291
A2 0.0150 132 52 482 287
A2 0.0133 211 36 541 397
B2 0.0113 312 83 444 164
A2 0.0106 171 75 458 241
C2 0.0097 322 107 438 163
H3 0.0094 94 1 549 437
A2 0.0093 303 131 494 376
A2 0.0086 135 118 404 384
C2 0.0083 142 193 194 269
A2 0.0073 264 83 509 386
Q0 0.0065 95 1 548 439
B2 0.0064 330 121 439 163
A2 0.0060 150 132 367 271
B2 0.0056 177 154 240 233
B2 0.0054 414 150 466 214
A2 0.0049 310 82 447 164
B2 0.0047 380 122 443 162
E2 0.0047 1 -62 96 172
C3 0.0044 117 91 501 391
A2 0.0042 152 36 401 333
C2 0.0040 176 153 240 252
A2 0.0037 211 80 458 179
A2 0.0036 199 73 525 302
B2 0.0035 203 117 237 149
B2 0.0034 143 192 182 267
C2 0.0033 378 185 460 275
D2 0.0031 204 117 237 149
B2 0.0029 387 187 460 265
H3 0.0029 2 -62 635 455
B2 0.0028 238 97 311 178
B2 0.0026 317 81 362 112
C2 0.0026 344 219 445 337
B2 0.0024 144 193 200 270
C2 0.0023 237 53 314 127
B2 0.0022 207 196 299 261
E2 0.0020 189 267 432 382
F2 0.0019 254 80 449 173
B2 0.0018 438 237 482 306
D2 0.0018 327 102 439 165
C3 0.0017 239 53 313 129
A2 0.0016 221 52 315 182
B2 0.0016 317 117 416 161
B2 0.0015 187 155 238 198
F2 0.0015 226 50 313 171
C2 0.0015 208 190 316 263
A2 0.0015 179 52 360 237
C2 0.0014 315 86 407 133
D2 0.0014 239 259 292 293
B2 0.0014 224 50 315 179
A2 0.0014 199 245 483 382
C3 0.0014 92 7 552 444
B2 0.0013 295 127 380 189
B2 0.0012 380 300 438 360
B2 0.0011 207 209 269 260
B2 0.0011 221 190 322 251
C2 0.0010 326 236 442 353
A2 0.0010 176 48 427 210
B2 0.0010 208 171 322 214
B2 0.0010 438 270 481 305
