A2 0.3245 69 53 409 284
A2 0.2487 39 17 493 315
D2 0.0905 0 155 39 195
H3 0.0839 0 196 61 296
G3 0.0734 408 232 488 292
D2 0.0687 0 119 47 169
D2 0.0565 352 244 409 281
C2 0.0557 0 120 47 168
C2 0.0531 217 34 287 66
G3 0.0484 0 183 51 217
L0 0.0455 0 197 61 296
D2 0.0443 0 183 51 217
A2 0.0440 50 31 454 223
D2 0.0435 47 234 89 264
A2 0.0426 -1 68 87 252
D2 0.0417 0 84 68 136
D2 0.0387 58 258 130 295
C2 0.0372 -1 86 68 135
D2 0.0343 28 210 70 239
B2 0.0334 317 244 373 287
C2 0.0329 0 155 40 194
E0 0.0325 36 26 484 297
D2 0.0321 318 245 378 287
G3 0.0318 413 269 487 296
E0 0.0311 0 197 61 295
B2 0.0269 28 210 69 238
B2 0.0243 47 234 89 264
B2 0.0220 0 155 40 194
C2 0.0215 -1 199 59 297
C2 0.0198 351 244 409 282
C2 0.0192 56 127 121 183
C3 0.0191 0 196 62 295
A2 0.0189 95 123 467 298
A2 0.0174 77 33 434 170
B2 0.0173 59 258 131 295
A2 0.0162 91 163 377 294
C2 0.0161 317 245 367 287
C2 0.0156 59 258 121 293
B2 0.0150 353 244 408 279
D2 0.0149 61 138 122 184
D2 0.0145 -1 67 92 258
C2 0.0115 28 210 70 239
B2 0.0112 0 119 47 167
A2 0.0108 136 53 481 298
H3 0.0097 17 15 485 295
B2 0.0095 57 129 122 183
G3 0.0092 0 154 39 195
C2 0.0086 48 235 89 264
B2 0.0085 127 191 205 235
A2 0.0074 126 188 412 292
B2 0.0070 108 125 151 159
G3 0.0056 0 132 41 168
Q0 0.0055 4 9 483 293
B2 0.0053 1 183 50 216
B2 0.0051 64 145 129 188
E2 0.0051 -2 181 64 295
G3 0.0050 288 124 366 179
B2 0.0047 336 170 395 207
C2 0.0047 285 124 366 179
C2 0.0046 99 282 164 296
F2 0.0039 81 36 377 147
D2 0.0039 6 -3 482 290
Q0 0.0039 268 -1 486 140
D2 0.0038 287 125 367 179
C2 0.0036 416 231 487 286
E3 0.0036 267 -1 483 139
E2 0.0033 394 229 485 297
D2 0.0029 398 231 486 294
B2 0.0029 346 186 399 211
C2 0.0029 156 213 228 275
B2 0.0028 376 194 441 242
C2 0.0028 470 193 486 236
C2 0.0028 122 191 206 235
B2 0.0028 27 211 90 264
C2 0.0027 60 142 118 192
B2 0.0027 208 259 237 287
G3 0.0027 78 12 102 49
A2 0.0025 209 90 464 297
B2 0.0025 345 204 384 246
B2 0.0023 120 141 179 184
D2 0.0023 377 194 443 244
D2 0.0023 0 133 38 169
D2 0.0022 402 131 485 295
D2 0.0022 345 204 385 246
B2 0.0022 404 210 447 249
C2 0.0022 0 100 55 134
E2 0.0020 394 271 482 296
C2 0.0020 57 124 105 164
B2 0.0019 60 259 108 290
B2 0.0018 159 213 235 272
B2 0.0016 335 179 383 207
B2 0.0016 58 125 115 169
D2 0.0016 400 190 486 294
F2 0.0016 106 29 406 88
A2 0.0015 114 185 326 290
B2 0.0015 401 131 485 295
C2 0.0015 0 134 39 166
D2 0.0014 395 272 483 297
D2 0.0014 207 259 236 286
D2 0.0014 303 136 367 179
C2 0.0013 0 193 33 300
D2 0.0013 78 12 102 49
G3 0.0013 1 141 36 167
F2 0.0013 63 16 434 96
G3 0.0013 370 157 466 186
D2 0.0013 329 218 484 401
G3 0.0012 292 192 487 394
B2 0.0012 354 178 406 211
B2 0.0012 377 202 414 240
B2 0.0011 100 281 163 296
E2 0.0011 403 113 485 298
G3 0.0011 346 204 386 247
C2 0.0011 120 143 177 184
G3 0.0010 399 178 489 298
B2 0.0010 87 84 133 119
G3 0.0010 434 271 485 295
E2 0.0010 391 254 483 296
D2 0.0010 102 281 164 296
B2 0.0010 0 61 83 187
A2 0.0010 226 169 460 296
B2 0.0010 218 35 308 65
B2 0.0010 57 145 130 212
F2 0.0010 260 -1 482 132
