A2 0.6285 41 75 372 244
L0 0.3064 43 0 230 73
H3 0.1858 42 -1 232 73
A2 0.1237 -23 56 449 251
H3 0.1049 359 37 450 195
A2 0.0883 140 87 368 238
E0 0.0739 360 36 450 196
A2 0.0653 235 127 361 234
I3 0.0635 39 -1 233 74
L0 0.0627 362 36 450 195
A2 0.0511 56 76 232 232
A2 0.0282 255 137 363 221
E0 0.0251 19 34 393 279
C3 0.0198 360 0 432 58
A2 0.0194 131 141 344 241
C3 0.0191 42 -1 232 75
A2 0.0189 241 170 313 234
A2 0.0179 55 75 328 189
I3 0.0175 360 37 450 194
A2 0.0154 212 164 308 235
E0 0.0146 268 -1 443 70
G3 0.0138 226 156 254 226
C3 0.0136 361 34 450 198
A2 0.0104 181 154 257 239
B2 0.0104 250 123 298 159
A2 0.0098 82 76 217 170
B2 0.0089 61 120 103 176
E0 0.0087 131 37 381 137
E0 0.0084 89 41 347 102
A2 0.0083 189 77 366 216
A2 0.0080 278 157 450 284
A2 0.0074 7 64 404 200
F2 0.0072 123 37 385 136
A2 0.0067 199 83 312 164
F2 0.0063 87 42 344 105
H3 0.0062 21 39 397 280
E0 0.0056 361 0 432 56
A2 0.0055 55 125 251 233
D2 0.0055 17 42 398 280
A2 0.0052 56 150 337 245
B2 0.0051 242 184 301 233
A2 0.0047 144 153 267 240
A2 0.0045 0 0 76 149
Q0 0.0041 4 33 444 281
A2 0.0039 82 76 292 162
E0 0.0038 189 42 346 108
A2 0.0037 0 -11 78 266
B2 0.0036 209 88 249 141
G3 0.0033 281 118 304 130
B2 0.0029 310 141 363 200
A2 0.0028 192 78 354 159
A2 0.0028 61 78 189 216
B2 0.0028 110 198 147 230
Q0 0.0027 270 0 449 69
B2 0.0027 118 151 183 183
D2 0.0027 285 273 321 285
K0 0.0026 360 0 434 54
A2 0.0026 -15 130 393 246
B2 0.0025 266 190 301 228
B2 0.0025 147 195 185 234
E2 0.0024 222 0 304 56
C3 0.0024 289 112 378 130
B2 0.0024 0 -21 79 296
B2 0.0023 286 122 324 150
B2 0.0022 124 150 158 172
C3 0.0022 271 0 434 72
B2 0.0021 278 191 301 228
A2 0.0021 222 97 370 230
B2 0.0021 315 168 364 215
E0 0.0021 291 113 378 130
A2 0.0020 57 105 168 220
B2 0.0020 78 168 121 208
G3 0.0019 174 101 195 112
B2 0.0019 134 180 173 218
B2 0.0018 13 250 43 273
C3 0.0017 313 114 380 130
B2 0.0017 280 273 321 285
C3 0.0017 28 187 352 285
B2 0.0017 142 78 199 114
B2 0.0017 117 150 160 180
E0 0.0017 192 39 374 126
O0 0.0016 364 41 453 195
A2 0.0016 31 145 353 286
Q0 0.0016 281 160 451 280
B2 0.0016 192 165 226 199
B2 0.0015 257 182 302 229
C3 0.0015 343 0 419 12
B2 0.0014 0 5 17 140
E2 0.0014 1 -7 81 281
B2 0.0014 198 158 233 183
B2 0.0014 0 2 38 120
A2 0.0014 91 76 201 151
C3 0.0013 156 39 386 132
C3 0.0013 370 0 450 62
E2 0.0013 31 175 350 284
B2 0.0012 174 101 195 112
B2 0.0012 1 245 44 284
A2 0.0012 280 118 306 128
E0 0.0011 313 76 449 147
D2 0.0011 20 255 44 273
F2 0.0011 204 229 449 384
D2 0.0011 43 271 63 284
G3 0.0011 205 255 450 362
B2 0.0011 243 193 288 233
D2 0.0011 49 42 386 133
E0 0.0011 330 -2 435 55
D2 0.0010 0 271 17 285
A2 0.0010 0 8 18 152
B2 0.0010 138 115 190 154
B2 0.0010 0 0 77 164
