A2 0.2877 70 100 629 563
A2 0.1599 -31 66 714 601
E0 0.0937 16 12 716 656
D2 0.0410 244 404 332 470
Q0 0.0286 1 9 739 661
C2 0.0230 243 405 332 468
B2 0.0211 243 404 331 468
A2 0.0204 99 208 616 615
C2 0.0200 527 616 587 663
D2 0.0192 375 495 452 578
B2 0.0192 375 494 451 577
A2 0.0177 127 109 589 330
H3 0.0171 6 7 726 653
D2 0.0137 5 -2 730 649
D2 0.0119 296 433 377 526
D2 0.0112 358 131 575 354
C2 0.0110 373 496 453 575
B2 0.0106 360 133 574 349
B2 0.0105 202 219 274 280
C2 0.0103 435 461 510 552
C2 0.0093 347 333 463 438
A2 0.0089 75 133 452 556
D2 0.0070 528 616 586 663
D2 0.0063 336 424 405 515
C2 0.0060 294 434 374 525
C2 0.0055 182 495 276 564
B2 0.0055 183 492 285 568
C2 0.0055 432 367 519 457
C2 0.0051 89 379 174 446
B2 0.0050 442 368 518 439
D2 0.0049 436 367 518 453
A2 0.0047 225 269 670 605
A2 0.0044 346 129 574 355
A2 0.0041 107 124 507 395
A2 0.0041 49 82 525 477
B2 0.0034 90 379 175 447
A2 0.0032 217 99 688 634
C2 0.0031 438 464 497 538
B2 0.0031 342 420 416 510
D2 0.0031 315 435 401 519
C2 0.0029 103 328 187 398
B2 0.0029 442 461 508 534
C2 0.0029 336 424 408 512
D2 0.0026 496 430 721 671
D2 0.0024 509 487 567 578
A2 0.0024 141 102 601 430
A2 0.0023 0 50 488 572
A2 0.0023 260 115 589 353
A2 0.0023 300 173 671 563
C2 0.0023 508 485 566 577
C2 0.0022 481 341 597 445
F2 0.0022 289 30 731 405
B2 0.0022 511 430 720 670
B2 0.0022 105 326 185 397
D2 0.0021 105 328 188 400
E2 0.0020 292 13 727 375
B2 0.0020 281 109 361 166
C2 0.0020 348 363 454 442
A2 0.0020 383 42 699 547
H3 0.0020 384 51 699 508
B2 0.0020 331 487 404 540
B2 0.0019 222 150 325 233
A2 0.0019 163 107 489 303
R0 0.0018 245 424 723 672
D2 0.0017 407 328 623 484
B2 0.0017 177 458 281 556
D2 0.0017 281 110 369 172
D2 0.0017 470 460 508 538
C2 0.0016 512 457 609 572
E3 0.0016 358 426 735 675
A2 0.0015 481 333 677 474
A2 0.0015 149 318 584 622
C3 0.0015 497 433 723 674
C2 0.0014 196 219 274 285
D2 0.0014 91 377 174 456
B2 0.0014 227 157 300 226
B2 0.0014 362 327 445 417
F2 0.0014 440 -33 732 -1
B2 0.0013 472 460 507 528
B2 0.0013 163 447 223 508
B2 0.0013 234 381 332 466
C2 0.0013 183 502 256 556
D2 0.0012 300 284 686 626
D2 0.0012 494 338 600 442
F2 0.0012 -27 -34 361 -2
B2 0.0012 300 432 375 520
E2 0.0012 496 424 719 668
D2 0.0012 198 220 274 280
A2 0.0011 110 102 433 351
A2 0.0011 77 283 487 623
A2 0.0011 79 241 403 540
C2 0.0011 346 357 424 437
A2 0.0011 341 224 639 539
C2 0.0011 181 505 286 580
C2 0.0011 688 190 740 331
A2 0.0011 389 316 685 554
D2 0.0010 330 490 403 541
B2 0.0010 457 533 517 579
B2 0.0010 443 462 486 523
B2 0.0010 373 336 469 436
B2 0.0010 174 396 295 460
C2 0.0010 220 152 325 248
B2 0.0010 322 434 402 527
B2 0.0010 243 0 380 33
