A2 0.3857 184 58 353 213
E0 0.2312 95 164 225 295
C2 0.1918 117 188 173 243
E0 0.1460 186 57 354 214
L0 0.0780 187 57 353 214
H3 0.0727 115 187 174 245
C3 0.0630 117 188 172 242
E0 0.0567 115 187 175 246
I3 0.0513 115 187 173 244
C3 0.0419 94 160 226 295
H3 0.0383 103 167 225 283
C3 0.0117 187 58 353 214
B2 0.0079 269 101 326 143
H3 0.0047 21 57 476 293
H3 0.0045 4 -87 480 295
E2 0.0034 112 170 183 260
C2 0.0033 259 101 325 146
C2 0.0031 218 116 296 184
R0 0.0025 21 81 487 300
G0 0.0025 0 81 485 298
E2 0.0023 95 157 227 275
R0 0.0021 318 80 482 286
Q0 0.0021 17 78 479 300
C3 0.0021 34 115 60 140
B2 0.0020 214 96 264 130
C3 0.0018 219 153 349 240
E2 0.0018 217 146 350 239
O0 0.0016 91 167 230 297
C3 0.0016 172 235 204 267
C3 0.0015 33 83 105 142
E2 0.0015 244 -51 490 89
H3 0.0014 -2 -81 486 100
Q0 0.0013 90 169 229 295
L0 0.0012 33 84 104 137
B2 0.0012 220 105 299 184
R0 0.0012 -9 -76 490 115
Q0 0.0011 -2 -83 485 99
B2 0.0011 215 105 253 130
B2 0.0010 173 235 204 266
