A2 0.2227 -34 166 481 475
A2 0.1968 -48 132 625 513
E0 0.1201 3 132 563 499
A2 0.0870 98 199 631 484
A2 0.0688 167 235 591 462
A3 0.0462 251 6 454 243
A2 0.0345 -107 96 752 559
C2 0.0289 362 13 451 110
A2 0.0212 -84 231 581 483
A2 0.0212 278 256 556 443
D2 0.0184 2 133 560 503
H3 0.0160 5 131 558 499
C2 0.0160 354 403 396 444
A2 0.0129 354 262 549 427
Q0 0.0114 -1 2 358 173
G3 0.0091 247 6 453 245
K0 0.0077 363 8 451 112
O0 0.0070 -1 -1 107 196
A3 0.0055 271 51 440 235
A2 0.0050 -10 196 369 439
A2 0.0037 -14 265 471 474
C3 0.0035 361 7 450 113
D2 0.0035 4 135 566 299
C2 0.0033 352 401 413 445
K0 0.0032 280 71 436 239
E0 0.0031 -3 -3 367 177
C2 0.0028 367 10 442 82
A2 0.0026 238 193 583 419
D2 0.0023 -1 0 378 176
F2 0.0023 259 0 453 253
G3 0.0022 235 0 538 321
A2 0.0022 -14 226 717 519
Q0 0.0022 428 0 565 253
C3 0.0020 252 84 428 241
D2 0.0018 0 24 568 306
G3 0.0018 374 125 429 236
C2 0.0018 361 68 427 112
D2 0.0017 413 169 565 361
Q0 0.0016 466 321 565 503
E0 0.0016 -3 -8 395 293
B0 0.0015 8 -34 556 497
N0 0.0015 -4 -6 135 198
Q0 0.0015 0 -12 515 265
K0 0.0015 234 69 527 256
A2 0.0015 63 365 483 466
C2 0.0014 360 45 442 111
A2 0.0013 421 283 553 420
C3 0.0013 401 169 563 367
B2 0.0013 337 287 387 323
G3 0.0013 423 1 562 243
D2 0.0013 3 100 558 370
A2 0.0013 8 334 542 471
H3 0.0012 193 112 628 402
Q0 0.0012 10 -1 543 168
D2 0.0011 375 147 427 239
C2 0.0010 374 139 427 236
Q0 0.0010 428 8 564 168
