E2 0.6884 91 71 491 410
F2 0.1017 86 75 478 409
D2 0.0147 125 322 168 359
A2 0.0134 134 71 501 390
C2 0.0090 124 322 168 359
B2 0.0074 125 322 168 358
Q0 0.0064 84 75 489 390
E2 0.0062 213 83 481 395
D2 0.0060 85 73 486 391
D2 0.0031 422 405 445 417
D2 0.0029 21 31 613 443
D2 0.0027 400 395 447 417
H3 0.0027 6 -18 639 470
A2 0.0023 249 91 486 389
E2 0.0022 -2 -72 90 222
B2 0.0017 244 344 290 385
G3 0.0014 537 -56 603 47
F2 0.0011 95 71 429 316
A2 0.0011 -13 -67 95 221
D2 0.0011 0 -75 84 157
E0 0.0010 136 274 517 462
