E2 0.3520 140 171 567 419
E2 0.1648 63 151 183 222
C2 0.1351 285 316 356 385
C2 0.1093 71 230 163 309
C2 0.0977 191 139 290 205
B2 0.0929 118 240 565 411
C2 0.0667 60 151 184 222
E2 0.0613 -10 133 302 325
E2 0.0515 190 139 288 204
A3 0.0514 146 171 593 309
C2 0.0504 0 216 60 288
E2 0.0482 155 177 570 342
F2 0.0394 147 172 579 308
F2 0.0388 139 257 577 412
E2 0.0289 0 209 202 321
C2 0.0232 17 217 113 324
B2 0.0228 1 212 115 324
F2 0.0190 0 209 202 324
C2 0.0179 156 156 200 198
D2 0.0169 127 171 591 412
D2 0.0168 2 136 602 458
F2 0.0164 1 213 120 324
E2 0.0163 0 151 218 326
E2 0.0142 44 141 283 225
B2 0.0123 156 155 200 197
D2 0.0118 157 156 200 198
A3 0.0113 118 169 609 408
E2 0.0090 3 211 112 327
B2 0.0085 0 198 78 306
B2 0.0084 288 317 354 386
C0 0.0083 0 198 83 304
L0 0.0082 0 132 603 465
E3 0.0073 129 170 594 414
C2 0.0072 139 197 211 237
E2 0.0070 0 198 83 304
E2 0.0068 143 136 288 235
E2 0.0060 43 216 225 315
E2 0.0060 0 196 79 249
B2 0.0060 139 197 212 237
F2 0.0056 34 136 294 328
E2 0.0024 2 125 341 420
C0 0.0023 0 242 14 307
C2 0.0022 0 198 68 249
C2 0.0020 2 213 57 251
C2 0.0019 140 206 183 236
B2 0.0018 173 260 493 412
E2 0.0017 -7 178 265 440
F2 0.0016 129 241 437 408
E2 0.0016 0 148 198 248
B2 0.0016 195 140 287 203
C2 0.0015 74 237 141 306
B2 0.0015 204 271 591 415
Q0 0.0014 126 169 593 388
E2 0.0013 3 202 161 370
E2 0.0012 100 130 289 323
E2 0.0011 92 129 511 216
C0 0.0011 1 203 56 308
L0 0.0011 1 139 296 363
D2 0.0011 195 140 287 204
C2 0.0010 0 244 13 306
C2 0.0010 498 225 599 293
B2 0.0010 0 243 13 306
B2 0.0010 0 196 75 252
