E3 0.5613 284 86 1032 775
A3 0.4550 263 75 1021 799
R0 0.3389 264 73 1053 779
R0 0.2460 17 19 1287 897
Q0 0.0479 275 81 1058 785
G0 0.0380 -2 -12 1289 920
G0 0.0284 290 92 1055 771
C3 0.0235 293 105 950 795
C2 0.0181 107 429 192 506
C2 0.0154 1006 130 1089 207
R0 0.0119 5 293 1295 948
G0 0.0108 -8 560 1295 952
R0 0.0103 0 580 1291 959
G0 0.0078 -11 326 1304 940
G0 0.0077 -3 -113 243 553
R0 0.0074 -2 525 1291 1107
Q0 0.0070 76 16 1174 832
G0 0.0068 847 96 1302 834
C2 0.0062 407 732 489 806
C2 0.0048 17 863 87 943
G0 0.0040 -4 -89 393 580
C2 0.0037 77 97 226 236
C0 0.0032 874 -140 1286 475
G0 0.0031 0 -83 272 796
C2 0.0031 437 649 597 768
G0 0.0028 -4 -67 491 441
G0 0.0027 -13 -127 277 346
C3 0.0027 74 93 225 241
D1 0.0026 2 -84 264 500
C2 0.0023 1005 731 1092 808
C3 0.0023 16 865 87 944
G0 0.0022 -3 -104 408 346
G0 0.0022 793 46 1298 643
C3 0.0019 406 733 489 807
G0 0.0019 -2 -94 201 327
D1 0.0016 2 -7 250 371
I3 0.0016 873 -195 1289 475
G0 0.0014 -5 -65 474 747
R0 0.0013 848 347 1298 855
A3 0.0013 694 624 891 768
A3 0.0012 417 616 902 777
C3 0.0012 689 620 893 773
E2 0.0011 4 614 542 1167
F2 0.0011 419 616 902 775
