C2 0.3811 623 213 819 462
D2 0.3768 620 159 817 484
C2 0.2833 803 431 920 581
C2 0.1684 819 337 1000 428
C2 0.1498 256 233 360 322
C2 0.1255 334 189 432 279
C2 0.0996 541 483 737 672
E2 0.0916 112 19 643 540
O0 0.0891 623 155 817 484
A3 0.0863 525 475 753 686
E2 0.0858 248 123 612 522
C2 0.0765 272 309 372 408
K0 0.0751 802 429 920 584
C3 0.0739 816 336 995 430
D2 0.0649 525 476 753 683
E2 0.0613 527 475 753 686
C2 0.0603 369 335 470 440
B2 0.0598 801 430 919 584
C3 0.0586 804 429 918 584
G3 0.0517 804 430 918 586
D2 0.0473 804 431 919 582
A3 0.0458 800 430 918 583
B3 0.0398 623 154 816 487
E3 0.0386 89 14 639 539
A3 0.0356 85 18 640 530
D2 0.0343 820 336 993 430
C3 0.0332 529 475 751 684
C2 0.0290 256 233 377 405
B2 0.0260 820 337 992 429
E2 0.0259 801 430 919 587
C2 0.0223 443 289 537 386
D2 0.0213 609 151 961 493
C2 0.0177 556 535 719 677
C2 0.0138 365 286 530 437
C2 0.0134 424 222 520 305
B2 0.0131 253 172 636 530
C2 0.0113 325 190 493 361
C2 0.0106 534 554 636 667
C2 0.0102 259 233 445 410
C2 0.0098 304 394 434 494
C2 0.0095 271 284 423 410
K0 0.0090 815 332 991 432
C2 0.0077 540 555 682 672
K0 0.0075 801 334 992 587
C2 0.0072 622 217 747 457
C2 0.0071 609 148 977 495
C2 0.0051 279 312 356 389
C2 0.0050 550 492 718 629
C2 0.0047 318 183 439 373
C2 0.0046 636 216 813 388
C2 0.0046 593 546 732 673
E2 0.0044 815 332 990 433
D2 0.0042 710 157 742 219
C2 0.0041 534 524 662 653
C2 0.0038 532 530 625 645
B2 0.0038 615 550 736 672
G3 0.0031 710 158 742 219
K0 0.0028 807 302 984 446
E2 0.0027 607 480 736 659
C2 0.0027 420 215 527 380
L0 0.0027 602 146 999 505
C2 0.0026 338 259 447 357
K0 0.0022 802 376 1059 591
B2 0.0022 649 545 738 658
C2 0.0022 269 281 467 436
C2 0.0021 533 567 597 656
B2 0.0021 603 516 741 659
E2 0.0021 556 65 825 495
D2 0.0020 646 218 809 342
B3 0.0018 484 134 836 506
C2 0.0016 630 219 759 383
C2 0.0016 820 339 944 420
B2 0.0015 608 579 702 678
C2 0.0015 541 580 665 680
C2 0.0014 387 281 536 405
C2 0.0014 564 505 693 588
B2 0.0013 642 512 743 640
C2 0.0013 577 577 697 680
C3 0.0013 801 410 1074 604
C2 0.0012 346 206 510 325
L0 0.0012 798 367 1098 609
L0 0.0012 561 132 1006 631
C2 0.0012 359 299 475 438
C2 0.0012 539 502 664 624
C2 0.0011 312 260 448 388
C3 0.0011 504 66 596 192
B2 0.0011 663 533 741 635
C2 0.0011 634 214 789 348
E2 0.0011 807 444 898 616
E2 0.0011 404 97 864 514
B2 0.0010 675 518 739 575
C2 0.0010 321 266 485 420
L0 0.0010 618 149 842 543
A0 0.0010 16 6 1099 732
B2 0.0010 633 584 704 674
L0 0.0010 25 14 1108 725
C0 0.0010 627 150 991 513
C0 0.0010 661 300 981 592
E2 0.0010 158 171 660 537
D2 0.0010 880 342 989 425
K0 0.0010 716 424 925 586
