D2 0.4283 471 299 934 713
C2 0.2443 886 505 986 586
C2 0.2326 -1 560 123 690
C2 0.1668 215 672 305 746
C2 0.1568 845 687 1015 763
E2 0.1168 469 298 937 720
C2 0.1156 477 297 927 717
D2 0.1088 216 672 305 746
C2 0.1064 145 602 232 685
D2 0.1061 206 645 278 704
C2 0.1058 542 695 658 766
D2 0.1003 904 643 1022 704
D2 0.0961 -7 520 578 766
D2 0.0948 732 700 845 764
C2 0.0842 326 555 415 607
C2 0.0839 809 664 890 723
C2 0.0825 480 630 607 699
C2 0.0813 206 645 279 704
D2 0.0772 -2 560 124 692
D2 0.0752 544 695 658 765
D2 0.0739 253 579 332 629
C2 0.0678 253 579 331 629
A3 0.0649 470 300 934 704
C2 0.0614 813 620 914 697
D2 0.0611 374 676 446 750
C2 0.0586 269 707 347 765
C2 0.0585 732 699 844 764
C2 0.0579 952 552 1024 605
D2 0.0575 227 608 295 654
D2 0.0568 814 603 869 660
D2 0.0549 952 553 1024 606
D2 0.0505 328 561 414 613
E2 0.0489 860 441 1023 620
C2 0.0488 317 517 416 572
D2 0.0470 146 605 232 685
E2 0.0462 955 399 1025 518
D2 0.0458 436 712 511 767
D2 0.0455 480 630 608 700
E2 0.0443 811 426 1027 685
C2 0.0434 969 476 1024 516
D2 0.0433 135 696 223 739
E2 0.0429 0 560 126 692
D2 0.0426 862 689 1018 762
C2 0.0409 814 602 869 660
D2 0.0404 332 579 415 619
C2 0.0399 369 602 462 659
D2 0.0386 269 707 347 765
C2 0.0378 227 608 296 654
D2 0.0362 742 730 856 766
D2 0.0355 961 583 1023 645
C2 0.0343 435 713 512 767
C2 0.0325 135 582 220 649
D2 0.0315 378 712 441 765
G3 0.0298 952 436 1024 493
C2 0.0294 829 442 1022 635
C2 0.0292 822 571 926 652
C2 0.0291 310 619 376 684
E2 0.0281 222 610 789 768
D2 0.0281 729 570 1019 764
D2 0.0278 952 401 1023 524
D2 0.0271 222 609 799 767
C2 0.0263 961 584 1023 646
D2 0.0263 136 583 219 649
D2 0.0261 818 621 914 693
C2 0.0258 902 646 1019 701
C2 0.0255 740 730 855 766
D2 0.0247 313 656 387 732
C2 0.0234 546 701 638 758
D2 0.0221 310 619 376 684
D2 0.0211 474 681 541 728
E2 0.0210 -77 506 674 793
D2 0.0203 836 572 926 635
B2 0.0199 435 713 511 766
C2 0.0193 724 668 797 727
D2 0.0170 64 662 139 711
E2 0.0170 781 438 1022 786
C2 0.0169 157 718 236 751
B2 0.0168 723 667 797 727
D2 0.0166 925 635 1014 671
B2 0.0158 473 681 541 728
D2 0.0158 724 668 796 727
D2 0.0152 121 676 179 712
C2 0.0149 311 655 387 731
E2 0.0142 380 561 1074 776
C2 0.0140 916 444 985 524
L0 0.0132 4 490 1021 764
C2 0.0130 277 645 327 696
D2 0.0129 916 443 985 523
C2 0.0127 975 504 1024 567
C2 0.0122 843 571 925 633
D2 0.0119 344 678 405 728
C2 0.0118 645 694 729 760
E2 0.0116 -41 589 894 790
D2 0.0111 158 718 236 751
D2 0.0110 277 646 327 696
D2 0.0100 547 702 616 750
B2 0.0098 64 662 139 711
C2 0.0085 952 505 1025 607
E2 0.0082 153 617 1104 773
B2 0.0081 251 564 332 629
C2 0.0080 473 638 578 726
C2 0.0076 959 -6 1023 40
C2 0.0075 968 471 1024 548
D2 0.0075 646 695 731 763
B2 0.0074 918 444 983 523
C2 0.0073 64 661 140 710
B2 0.0073 56 700 129 740
E2 0.0068 215 551 548 703
C2 0.0067 814 573 921 681
E2 0.0067 270 557 498 693
C2 0.0065 653 696 722 742
C2 0.0064 883 650 1013 736
E2 0.0064 360 670 843 770
D2 0.0064 326 555 444 605
E2 0.0063 793 583 1019 760
C3 0.0062 983 397 1024 452
E2 0.0062 -6 516 538 764
E2 0.0062 522 681 744 771
D2 0.0060 653 696 726 745
B2 0.0058 544 703 614 758
D2 0.0057 56 701 129 741
D2 0.0056 3 541 351 756
D2 0.0056 928 637 992 667
B2 0.0055 158 717 236 750
E2 0.0051 581 458 1031 777
E2 0.0050 336 617 540 771
B2 0.0050 479 684 594 756
Q0 0.0050 -4 120 1017 640
D2 0.0049 63 539 351 704
D2 0.0049 937 628 1017 661
C2 0.0048 306 668 358 734
C2 0.0048 685 549 844 693
E2 0.0047 261 641 989 771
D2 0.0046 601 543 1022 773
B2 0.0046 0 674 67 732
L0 0.0045 7 319 1017 770
E2 0.0043 863 537 898 580
C2 0.0043 431 571 484 608
D2 0.0042 475 631 603 755
E2 0.0042 955 415 1024 574
D2 0.0042 0 675 68 732
C2 0.0042 917 443 959 502
D2 0.0042 1 479 1027 760
B2 0.0040 953 438 1023 497
D2 0.0040 2 288 1021 769
C2 0.0040 810 653 902 710
D2 0.0039 83 643 150 684
B2 0.0039 504 699 583 764
C2 0.0039 641 742 713 767
E2 0.0038 49 538 801 805
B2 0.0037 936 748 1026 766
C2 0.0037 372 572 487 658
D2 0.0037 587 300 922 637
D2 0.0037 154 608 297 692
C3 0.0037 406 512 475 568
C2 0.0036 851 693 971 762
Q0 0.0036 467 303 927 715
C2 0.0036 154 638 215 684
D2 0.0036 917 443 959 501
E2 0.0035 543 299 908 612
C2 0.0035 921 579 974 640
C2 0.0035 905 574 943 620
D2 0.0034 123 682 194 726
C2 0.0033 396 625 450 689
C2 0.0033 324 552 458 605
C2 0.0032 542 704 615 764
C2 0.0032 182 606 295 696
E2 0.0031 865 544 894 585
D2 0.0030 404 748 442 766
E2 0.0030 277 610 659 758
D2 0.0030 120 697 166 733
E2 0.0029 637 565 1015 772
B2 0.0029 917 443 959 501
B2 0.0028 509 713 575 765
C2 0.0028 922 585 1021 643
C2 0.0028 1 570 93 683
D2 0.0027 313 584 411 673
C2 0.0027 473 672 547 724
B2 0.0026 485 630 607 699
Q0 0.0026 0 305 545 617
C2 0.0026 886 443 986 555
E2 0.0026 191 548 672 744
E2 0.0026 1 539 147 754
C2 0.0025 90 642 151 682
D2 0.0025 443 646 480 727
Q0 0.0025 -8 208 770 631
D2 0.0024 198 569 249 601
B2 0.0024 935 703 1023 766
B2 0.0024 430 570 483 607
C2 0.0024 934 749 1028 767
D2 0.0024 431 570 483 608
E3 0.0023 11 773 1023 897
D2 0.0023 691 728 739 766
E2 0.0023 817 485 1020 740
D2 0.0022 373 686 423 751
D2 0.0022 935 601 976 638
C2 0.0022 216 684 318 763
C2 0.0022 933 597 974 640
E2 0.0022 950 537 1022 617
C2 0.0022 291 610 358 663
C2 0.0021 829 697 883 752
C2 0.0020 304 681 349 735
E2 0.0020 590 494 951 735
E2 0.0019 782 641 1015 763
C2 0.0018 223 699 272 749
D2 0.0018 940 688 1018 747
D2 0.0018 341 676 404 753
D2 0.0018 931 639 1020 692
C2 0.0018 155 623 235 698
D2 0.0017 645 729 729 766
E2 0.0017 1 560 221 694
C2 0.0017 0 675 66 730
R0 0.0017 -5 -1 1016 460
C2 0.0017 110 588 159 638
C2 0.0016 735 724 833 764
C3 0.0016 949 398 1024 487
E2 0.0016 63 582 565 775
E2 0.0016 485 307 778 709
D2 0.0016 929 606 968 640
E2 0.0016 312 554 453 619
B2 0.0016 405 513 475 568
E2 0.0016 6 542 340 761
D2 0.0015 406 675 446 720
D2 0.0015 152 539 341 621
C2 0.0015 982 398 1024 451
Q0 0.0015 -3 37 766 280
G3 0.0015 984 32 1023 186
D2 0.0015 549 694 592 722
C2 0.0015 438 613 483 689
B2 0.0015 915 437 987 483
E3 0.0015 391 788 942 902
D2 0.0014 922 654 1019 709
B2 0.0014 686 -129 801 -73
R0 0.0014 -3 -50 924 285
E3 0.0014 -12 695 1026 893
D2 0.0014 686 -127 799 -72
C2 0.0014 847 690 996 746
D2 0.0014 864 544 895 582
C2 0.0013 864 545 895 582
E2 0.0013 833 662 1018 767
C2 0.0013 614 426 691 569
C2 0.0013 927 585 968 630
C2 0.0013 682 -130 794 -74
D2 0.0013 438 610 484 712
M0 0.0013 862 467 1019 1018
B2 0.0013 232 532 288 572
E2 0.0013 301 526 484 622
E2 0.0013 6 648 226 757
C2 0.0013 381 644 415 683
B2 0.0013 318 519 414 571
C2 0.0013 965 506 1022 585
E2 0.0012 279 553 463 664
C2 0.0012 444 647 481 726
C2 0.0012 318 635 419 725
C2 0.0012 639 411 713 557
C2 0.0012 439 578 483 615
C2 0.0012 133 698 215 739
L0 0.0011 389 345 1019 745
C2 0.0011 395 645 429 686
E2 0.0011 309 510 466 566
C2 0.0011 119 564 212 641
C2 0.0011 580 664 648 710
E2 0.0011 3 591 231 757
E2 0.0011 945 433 992 476
C2 0.0011 707 551 836 646
E2 0.0011 126 614 648 772
D2 0.0011 906 640 933 673
D2 0.0011 295 589 415 633
L0 0.0011 5 518 743 759
C2 0.0011 686 525 862 617
B2 0.0011 346 680 404 724
E2 0.0011 1 554 298 710
D2 0.0010 146 583 218 624
D2 0.0010 73 599 124 659
D2 0.0010 80 706 127 740
E2 0.0010 791 419 962 689
D2 0.0010 304 610 355 634
D2 0.0010 641 742 715 766
E2 0.0010 6 716 196 768
D2 0.0010 911 693 1019 760
B2 0.0010 958 433 1024 533
D2 0.0010 924 636 960 664
C2 0.0010 238 737 275 766
C2 0.0010 822 614 919 673
E2 0.0010 924 396 1022 514
B2 0.0010 196 555 287 599
