A3 0.1426 -5 19 190 175
E3 0.1340 1 22 177 177
A0 0.0694 1 25 178 177
A3 0.0385 11 49 170 173
A3 0.0364 12 26 174 146
L0 0.0195 2 0 196 187
Q0 0.0192 1 10 198 196
R0 0.0187 1 13 197 198
D2 0.0150 0 0 197 186
D2 0.0140 15 25 175 137
E2 0.0111 16 58 162 174
C2 0.0082 43 144 78 172
D2 0.0073 1 85 72 200
L0 0.0069 4 44 166 173
A2 0.0062 13 22 181 142
C3 0.0048 41 141 84 175
B2 0.0034 4 73 83 173
G3 0.0025 126 40 139 98
Q0 0.0023 1 0 197 55
G3 0.0023 133 48 146 97
D2 0.0023 69 0 214 68
F2 0.0021 3 66 84 172
D2 0.0020 3 64 88 173
D2 0.0018 7 63 135 174
E2 0.0017 141 0 198 13
D2 0.0017 88 0 201 45
B2 0.0017 0 62 51 205
D2 0.0017 42 142 82 173
F2 0.0016 4 44 135 180
D2 0.0016 126 0 200 43
E2 0.0014 19 141 169 203
D2 0.0014 126 -1 199 78
A3 0.0014 42 142 82 173
G3 0.0013 119 36 129 90
D2 0.0013 1 132 45 199
D2 0.0013 0 68 51 203
C3 0.0013 26 56 181 174
E3 0.0013 2 160 201 199
R0 0.0012 2 1 196 103
C2 0.0012 0 161 3 164
L0 0.0012 2 1 197 118
E3 0.0012 16 176 195 199
Q0 0.0011 -2 0 200 32
Q0 0.0011 1 0 201 89
G3 0.0011 127 41 140 77
F2 0.0011 123 106 199 202
E2 0.0011 111 0 198 130
G3 0.0010 98 33 114 83
E2 0.0010 140 9 202 167
R0 0.0010 0 1 198 47
E2 0.0010 54 -3 222 81
F2 0.0010 130 71 200 184
