E3 0.3098 54 62 723 539
A3 0.1387 111 59 679 540
D0 0.0973 332 528 467 655
B1 0.0367 331 529 466 652
Q0 0.0222 54 60 718 532
A0 0.0191 25 49 746 627
R0 0.0176 23 46 744 618
D1 0.0142 454 574 785 655
D1 0.0094 331 528 468 656
B2 0.0086 420 260 737 561
C3 0.0072 113 87 677 533
I0 0.0053 456 569 799 653
L0 0.0048 2 258 775 655
B1 0.0042 454 574 751 654
L0 0.0042 9 89 746 625
J0 0.0041 329 526 465 660
C2 0.0024 625 256 735 472
H3 0.0021 327 525 468 657
C2 0.0018 381 572 422 613
C0 0.0017 331 529 469 656
G0 0.0016 458 571 801 661
G0 0.0015 455 525 808 665
I0 0.0013 9 244 760 658
G0 0.0012 454 443 803 653
C2 0.0012 325 531 468 621
G3 0.0011 439 571 800 663
