A3 0.9516 39 156 876 516
A3 0.9394 5 545 482 733
A3 0.6725 1 280 273 660
A3 0.2767 352 408 1061 733
A3 0.1671 1 39 173 318
E2 0.1244 983 630 1101 735
A3 0.0821 1069 396 1100 622
A3 0.0732 14 404 1037 732
E2 0.0725 999 161 1100 478
E2 0.0620 577 0 1101 652
A3 0.0500 999 164 1100 521
A3 0.0414 580 3 1096 247
E2 0.0334 580 3 1094 253
A3 0.0286 579 41 1102 653
A3 0.0238 1070 222 1099 652
A3 0.0201 27 1 633 269
E2 0.0182 1008 153 1099 623
A3 0.0105 1057 383 1100 640
A3 0.0105 1038 219 1099 646
B2 0.0087 1060 185 1099 654
E2 0.0074 21 402 1040 735
B2 0.0069 1038 172 1099 653
E2 0.0065 1073 400 1100 666
F2 0.0054 -8 401 1050 729
A3 0.0038 698 167 1100 658
E2 0.0035 871 7 1097 198
F2 0.0033 7 -3 641 308
A3 0.0033 1005 184 1101 425
A3 0.0030 985 252 1098 635
E2 0.0024 1070 281 1099 663
A3 0.0023 851 169 1097 647
F2 0.0022 596 5 1096 261
A3 0.0019 1037 384 1100 652
F3 0.0019 824 196 1098 648
F2 0.0017 580 59 1095 654
F3 0.0017 1 288 268 647
M0 0.0016 955 623 1101 735
E2 0.0016 1010 46 1100 414
D2 0.0014 576 4 1106 244
E2 0.0014 1041 423 1100 670
D2 0.0014 11 542 467 734
E2 0.0012 354 412 1043 735
E2 0.0012 1065 428 1100 752
E2 0.0012 1003 186 1100 398
E2 0.0011 1079 294 1100 647
