E3 0.4685 236 87 662 456
A3 0.3218 257 87 647 407
C2 0.1749 408 344 492 423
C2 0.0648 830 463 901 511
E3 0.0612 219 292 673 441
F2 0.0549 229 348 669 459
L0 0.0397 232 87 663 463
E3 0.0334 177 355 717 461
C2 0.0328 139 426 199 452
C3 0.0239 886 361 900 391
C3 0.0169 728 357 785 382
A3 0.0162 227 315 670 457
C2 0.0117 885 361 900 390
L0 0.0095 228 239 667 453
E3 0.0093 322 301 467 354
Q0 0.0084 13 172 158 266
C3 0.0081 828 462 900 514
C3 0.0079 224 83 656 453
F2 0.0079 245 382 654 463
C3 0.0068 605 314 628 327
E2 0.0062 886 362 900 391
C3 0.0058 749 294 783 307
E3 0.0046 171 257 837 476
G3 0.0043 749 294 783 307
E3 0.0034 738 295 800 313
E3 0.0029 38 110 681 479
C2 0.0028 0 375 16 405
Q0 0.0026 6 66 131 337
O0 0.0026 171 350 872 498
A3 0.0024 608 315 628 327
G3 0.0024 175 458 212 475
C3 0.0024 298 342 334 358
E3 0.0023 206 175 888 482
E3 0.0023 33 305 678 453
A3 0.0022 726 357 783 381
C3 0.0022 250 376 420 424
C3 0.0021 0 376 16 403
E3 0.0021 73 268 613 396
E3 0.0020 497 261 902 452
E3 0.0019 616 273 879 416
Q0 0.0017 13 49 167 314
E3 0.0016 558 250 864 408
C3 0.0015 170 283 199 300
A3 0.0014 0 378 17 405
Q0 0.0014 11 130 113 315
E3 0.0014 26 232 515 444
E3 0.0013 687 124 866 429
C3 0.0013 175 459 211 475
A3 0.0013 295 87 607 332
C0 0.0012 750 294 781 307
G3 0.0012 835 281 853 294
C2 0.0012 298 342 333 358
E3 0.0011 695 261 875 414
G3 0.0011 605 313 627 327
A3 0.0011 368 95 637 380
E3 0.0011 708 292 812 321
A3 0.0010 480 164 535 247
E3 0.0010 316 186 738 415
E3 0.0010 490 295 899 510
