A3 0.2059 -6 135 395 415
E2 0.1914 4 116 382 427
E3 0.0960 13 21 417 497
D2 0.0655 10 28 417 498
Q0 0.0207 7 13 425 492
E2 0.0168 -47 119 449 495
C3 0.0061 35 137 423 471
B2 0.0060 73 32 359 137
E2 0.0059 19 147 328 485
D2 0.0047 72 32 355 129
D2 0.0037 33 27 407 341
D2 0.0033 72 30 383 175
A3 0.0031 80 121 420 457
A3 0.0029 6 24 414 343
G3 0.0027 409 24 434 92
E2 0.0025 51 27 408 341
E0 0.0023 6 132 436 490
C3 0.0021 -12 24 412 342
A3 0.0021 70 32 350 127
D2 0.0013 32 97 446 424
E3 0.0013 9 387 434 507
E2 0.0011 17 214 419 494
G3 0.0010 416 21 438 97
