A3 0.9121 776 305 912 425
A3 0.9103 406 387 501 481
A3 0.8521 693 123 803 250
A3 0.7641 638 317 747 386
A3 0.7261 492 516 591 606
A3 0.6618 501 359 578 464
C2 0.6534 233 408 377 481
A3 0.3110 238 406 377 482
A3 0.2665 415 259 517 320
A3 0.2458 597 248 666 341
C2 0.0380 608 425 693 505
A3 0.0342 607 424 694 506
A3 0.0297 583 116 646 223
C2 0.0140 418 259 515 318
A3 0.0090 679 546 765 632
C2 0.0071 681 548 763 631
E2 0.0037 946 -85 1021 175
C2 0.0036 281 409 372 480
C2 0.0032 234 418 286 474
M0 0.0016 75 -125 375 17
A3 0.0015 234 420 282 474
A3 0.0011 459 358 577 475
