E2 0.5216 685 521 936 733
A3 0.4865 427 426 661 594
E2 0.4031 615 180 876 372
A3 0.3400 361 102 565 318
A3 0.2897 131 529 385 725
A3 0.2576 615 179 876 372
C3 0.2474 133 530 382 722
E2 0.2348 359 101 565 319
E2 0.2091 427 425 664 598
I3 0.1733 74 264 308 483
F0 0.1150 75 264 309 485
E0 0.0909 131 529 386 721
C3 0.0802 74 263 307 482
A3 0.0591 73 264 311 486
L0 0.0459 74 263 308 484
C3 0.0454 363 101 565 317
P0 0.0384 72 261 309 489
E2 0.0289 71 261 311 489
C3 0.0095 423 421 665 598
H3 0.0088 7 -75 1029 795
C2 0.0085 360 102 569 306
G3 0.0063 347 597 368 621
P0 0.0059 124 526 380 723
C3 0.0051 2 510 420 777
C3 0.0038 611 167 883 381
F0 0.0030 125 524 390 722
C2 0.0024 148 534 375 713
D2 0.0023 3 -92 1018 823
E2 0.0014 593 503 949 753
E2 0.0013 401 124 577 341
C0 0.0012 819 -103 1026 -15
C2 0.0012 80 265 309 427
E2 0.0011 426 157 907 412
K0 0.0011 25 498 401 766
E2 0.0010 587 100 973 392
C3 0.0010 432 475 655 590
E2 0.0010 413 343 673 597
H3 0.0010 84 266 319 461
