A3 0.9537 546 255 738 413
A3 0.8593 191 301 313 361
A3 0.8591 16 275 143 362
A3 0.8554 147 346 298 425
A3 0.7618 103 318 183 374
A3 0.3085 99 307 228 372
A3 0.2766 148 303 315 425
A3 0.1099 167 303 320 373
A3 0.0340 113 324 179 367
A3 0.0278 142 307 212 365
A3 0.0036 43 294 150 360
A3 0.0027 118 322 201 365
H3 0.0023 611 358 799 703
A3 0.0022 69 305 156 363
A3 0.0022 67 299 316 400
E2 0.0021 -21 292 489 597
A3 0.0020 686 359 797 702
A3 0.0017 18 278 196 366
F3 0.0015 4 341 267 609
E2 0.0014 8 294 323 601
E2 0.0012 0 342 62 647
A3 0.0010 753 354 800 675
C2 0.0010 51 297 279 372
F3 0.0010 471 361 800 701
