F2 0.2364 156 59 529 394
A3 0.1913 147 66 529 399
B2 0.0410 159 71 522 401
F2 0.0190 150 15 484 334
D2 0.0138 81 11 527 398
E3 0.0120 92 11 525 398
L0 0.0111 85 12 525 397
E2 0.0085 420 -20 639 415
B2 0.0051 162 16 375 168
O0 0.0050 91 10 535 398
F2 0.0043 161 17 376 169
Q0 0.0039 81 7 538 404
E2 0.0030 194 45 540 401
F2 0.0028 62 -6 441 403
L0 0.0027 197 -3 640 394
F2 0.0019 205 -5 638 391
C2 0.0019 404 0 485 73
F2 0.0018 118 24 394 315
F2 0.0015 158 16 423 265
B0 0.0014 36 7 643 404
F2 0.0014 143 -25 725 250
C2 0.0014 257 123 329 223
C2 0.0014 426 260 521 390
B2 0.0011 258 112 520 410
