D2 0.5619 1004 -5 1661 427
D2 0.4920 826 451 1319 1080
E2 0.4352 406 19 1037 464
D2 0.4204 432 419 841 1040
D2 0.4077 407 20 1030 464
D2 0.3294 1310 444 1791 1052
B2 0.3146 1005 -6 1665 421
E2 0.2736 -2 278 205 660
E0 0.2425 1318 448 1785 1054
B2 0.2380 406 18 1026 460
E2 0.2324 1004 -5 1663 423
D2 0.2106 -2 280 204 659
C3 0.1931 1318 445 1785 1052
C3 0.1310 437 420 839 1036
C2 0.0909 442 451 790 889
C2 0.0662 833 452 1319 1073
C3 0.0660 834 447 1317 1073
C2 0.0645 -3 292 197 646
A2 0.0192 827 452 1323 1078
C2 0.0185 941 516 1235 879
C2 0.0176 888 445 1272 863
C2 0.0174 1372 589 1671 910
C2 0.0157 893 580 1235 926
G3 0.0123 338 386 564 462
C2 0.0114 22 365 192 572
E2 0.0079 1 263 203 933
E2 0.0071 -6 62 301 679
C2 0.0068 1332 552 1631 948
C3 0.0061 340 388 561 462
C2 0.0055 63 311 275 500
C2 0.0049 1385 575 1616 850
E2 0.0047 443 -26 1526 589
C2 0.0045 2 286 189 511
C2 0.0041 945 543 1268 992
A2 0.0040 431 413 816 1045
C2 0.0038 337 216 552 461
E2 0.0038 433 411 810 1042
C2 0.0034 338 387 563 462
C2 0.0032 424 370 760 984
E2 0.0032 828 440 1311 1002
C3 0.0030 340 233 553 465
Q0 0.0029 1314 455 1791 1049
C3 0.0028 841 465 1134 1076
E2 0.0028 996 -11 1441 427
E2 0.0028 538 14 1198 482
Q0 0.0027 15 20 1921 1077
D2 0.0026 2 0 1926 1073
D2 0.0026 41 82 563 542
E2 0.0025 531 490 804 847
C2 0.0023 164 62 281 577
E2 0.0021 54 69 285 540
C3 0.0020 1192 432 1651 1067
D2 0.0020 1296 442 1615 1061
E2 0.0019 39 67 564 607
C2 0.0019 1354 440 1716 862
A2 0.0019 43 77 560 520
G3 0.0018 184 81 280 533
E2 0.0018 1279 441 1623 1062
C2 0.0017 823 482 1236 966
C2 0.0017 441 385 670 962
C2 0.0016 1686 0 1923 193
C3 0.0016 74 306 272 496
K0 0.0016 446 412 672 972
E0 0.0015 9 7 1914 1073
C2 0.0015 1317 434 1464 986
A2 0.0015 6 119 568 1092
O0 0.0014 1307 455 1784 1051
C3 0.0013 342 327 554 459
E2 0.0013 441 425 822 836
E2 0.0012 962 428 1688 1083
C2 0.0012 467 39 1017 461
B2 0.0012 2 428 200 641
C2 0.0012 69 412 244 495
C2 0.0012 -2 422 207 654
C2 0.0011 63 192 277 514
Q0 0.0010 816 449 1334 1074
E2 0.0010 12 219 354 678
