A2 0.2024 160 267 661 625
E0 0.0853 133 85 706 616
C3 0.0602 136 60 754 566
E0 0.0530 157 44 821 537
C3 0.0501 133 247 677 625
C3 0.0202 194 39 845 464
A3 0.0174 145 49 782 527
H3 0.0150 202 47 853 674
K0 0.0128 130 78 699 559
A2 0.0104 171 41 846 468
D2 0.0098 102 47 850 648
F2 0.0093 179 139 691 604
C2 0.0091 350 389 455 463
C3 0.0091 255 97 837 660
E0 0.0089 56 32 850 709
O0 0.0086 34 35 872 671
C3 0.0083 323 273 654 607
C2 0.0077 484 425 597 542
C2 0.0076 351 349 492 470
F2 0.0063 143 46 763 524
Q0 0.0052 60 47 834 695
A2 0.0050 286 248 655 550
H3 0.0046 3 -2 1024 761
C2 0.0031 354 354 451 450
C3 0.0018 134 373 443 585
B2 0.0012 353 357 499 474
C2 0.0011 228 413 408 568
C2 0.0010 444 456 550 580
C3 0.0010 126 366 550 608
C2 0.0010 132 388 252 516
C2 0.0010 352 313 492 438
