A3 0.2373 19 136 121 251
B2 0.1261 137 70 365 260
F2 0.1101 18 136 121 250
F2 0.1039 135 71 370 265
A3 0.0612 141 116 344 256
B2 0.0477 20 136 121 250
F2 0.0472 -12 93 234 164
F2 0.0215 114 75 244 213
F2 0.0202 106 75 322 178
F2 0.0147 127 78 237 169
F2 0.0146 142 152 339 258
F2 0.0140 1 114 121 219
F2 0.0140 116 72 315 246
F2 0.0114 13 91 224 191
B2 0.0110 138 150 341 257
F2 0.0109 1 89 214 232
K0 0.0085 29 119 118 158
F2 0.0081 1 73 390 257
A3 0.0081 132 96 203 134
C3 0.0074 20 136 120 250
K0 0.0070 137 151 323 257
B2 0.0067 230 74 299 140
A3 0.0062 28 118 122 157
K0 0.0057 4 114 124 182
F2 0.0056 111 92 212 213
F2 0.0055 121 96 204 152
B2 0.0055 111 95 186 212
A3 0.0053 0 111 122 191
F2 0.0051 18 133 208 253
F2 0.0051 124 89 208 181
F2 0.0050 3 80 313 223
K0 0.0048 134 107 336 260
C2 0.0045 28 120 121 159
D2 0.0042 4 74 392 259
A3 0.0040 -20 100 201 161
B2 0.0035 199 74 300 144
F2 0.0033 137 92 196 172
K0 0.0033 136 96 202 131
F2 0.0032 213 89 376 256
F2 0.0028 192 76 240 146
F2 0.0025 200 73 299 145
F2 0.0025 163 71 316 155
K0 0.0023 116 82 233 170
O0 0.0022 4 122 117 231
K0 0.0020 21 137 96 252
Q0 0.0019 133 75 375 256
F2 0.0019 110 107 181 213
F2 0.0017 17 94 214 149
C3 0.0014 272 163 397 263
F2 0.0013 111 163 175 213
A3 0.0013 232 73 297 138
A3 0.0011 125 83 239 131
F2 0.0011 179 71 383 225
R0 0.0011 258 117 396 262
B2 0.0010 238 110 372 256
F2 0.0010 0 145 391 261
F2 0.0010 166 79 245 138
