A3 0.4760 195 174 599 371
E3 0.1704 198 184 596 476
D2 0.1225 185 160 604 486
C2 0.1182 193 157 599 484
A3 0.0959 187 165 605 479
E2 0.0563 198 158 589 480
C2 0.0299 199 171 596 377
E2 0.0063 207 204 570 377
E2 0.0039 218 230 480 367
C3 0.0030 209 265 586 484
E3 0.0029 90 69 679 522
G3 0.0024 793 238 821 771
E3 0.0022 29 188 759 514
C2 0.0022 243 245 426 357
O0 0.0021 212 191 609 456
G3 0.0018 798 192 820 514
G3 0.0017 221 189 614 436
G3 0.0013 323 -69 352 -58
E2 0.0012 210 273 561 485
F0 0.0012 323 -70 349 -60
E3 0.0010 155 118 661 460
