L0 0.1384 43 90 547 529
B1 0.1169 25 112 500 506
A3 0.1034 58 119 583 551
A3 0.0515 -19 41 628 594
M0 0.0476 45 86 562 531
O0 0.0426 40 85 563 540
E2 0.0322 -24 124 611 552
A3 0.0272 23 95 512 477
E0 0.0110 29 85 563 551
B0 0.0106 21 32 564 551
F0 0.0091 49 99 470 469
C3 0.0081 105 183 552 538
A3 0.0080 152 182 543 543
E2 0.0075 138 180 537 540
B3 0.0059 35 99 457 485
G3 0.0050 40 538 579 601
Q0 0.0050 -17 1 563 125
C2 0.0049 77 257 185 371
F2 0.0036 14 74 535 433
Q0 0.0030 -9 -1 590 87
F3 0.0028 46 536 510 599
I3 0.0020 43 96 451 471
Q0 0.0017 -22 -2 606 253
Q0 0.0016 267 55 291 84
B3 0.0013 -21 114 536 564
F2 0.0013 61 0 479 40
G3 0.0012 130 514 582 599
Q0 0.0011 39 5 345 115
I0 0.0011 0 0 505 252
D2 0.0011 5 96 590 591
I0 0.0010 15 6 348 189
