A3 0.4751 558 220 957 522
L0 0.0680 560 217 964 520
C3 0.0195 555 216 971 521
E3 0.0091 565 229 946 532
R0 0.0034 3 494 1033 692
E3 0.0032 27 -99 526 286
R0 0.0031 -5 235 1042 541
E3 0.0025 564 206 994 674
R0 0.0023 -5 -13 1032 549
L0 0.0022 86 -168 662 152
L0 0.0021 -3 496 1027 695
R0 0.0021 3 465 1014 887
R0 0.0019 125 -165 685 158
B0 0.0019 -2 183 1017 550
G3 0.0019 -16 230 1042 577
R0 0.0018 29 -50 491 307
R0 0.0017 -12 626 1023 862
L0 0.0017 -13 216 1039 717
G0 0.0017 -16 -108 492 295
E2 0.0017 282 488 1092 685
R0 0.0016 -26 293 1056 662
E3 0.0016 582 578 1026 885
E3 0.0015 22 -61 947 313
R0 0.0015 698 562 1003 856
B0 0.0014 -6 204 1036 721
E3 0.0014 -3 489 1027 696
H3 0.0014 20 646 1023 855
A0 0.0014 -8 46 1014 553
G0 0.0013 27 39 394 262
E3 0.0013 15 28 1003 400
L0 0.0012 -5 198 1017 558
D0 0.0012 509 677 1016 850
E3 0.0012 233 206 995 728
E3 0.0011 573 303 1032 1075
R0 0.0011 -15 320 823 581
R0 0.0011 578 636 1026 853
