A3 0.3847 632 398 832 589
C2 0.1327 622 401 840 576
C3 0.1115 634 395 830 595
Q0 0.0778 633 397 832 595
Q0 0.0367 5 -5 485 654
E2 0.0295 11 -19 507 639
F2 0.0244 4 -7 489 662
R0 0.0242 1 -9 491 660
C3 0.0219 706 507 830 597
R0 0.0106 -2 -14 1037 674
J0 0.0099 708 508 830 597
Q0 0.0083 604 343 905 676
Q0 0.0069 0 -30 1038 655
H0 0.0055 25 -47 494 687
C0 0.0052 709 507 829 598
Q0 0.0042 682 37 1019 339
C3 0.0039 714 551 795 595
B2 0.0037 32 -54 498 684
F2 0.0023 10 -8 1013 667
Q0 0.0021 491 388 890 632
C2 0.0017 633 413 757 573
B1 0.0017 982 -42 1024 386
Q0 0.0017 594 296 863 627
G3 0.0013 663 703 711 731
Q0 0.0012 463 -44 1094 490
C3 0.0012 640 485 824 599
