A3 0.3896 214 200 910 617
D2 0.2643 198 202 939 601
A3 0.2420 46 542 730 768
E2 0.1912 39 540 686 768
A3 0.1434 626 449 1025 747
E2 0.1377 224 190 900 636
C3 0.1003 225 191 878 635
D2 0.0860 624 461 1026 745
A3 0.0805 -2 331 328 673
E2 0.0661 623 486 1027 746
C2 0.0455 0 158 165 398
A3 0.0452 0 158 166 399
E3 0.0343 631 374 1025 753
C2 0.0213 861 470 1025 592
D2 0.0193 297 119 860 328
E2 0.0185 2 521 348 719
A3 0.0166 755 589 1025 766
C2 0.0165 290 123 862 321
C3 0.0151 761 591 1022 764
C3 0.0139 301 121 853 313
E3 0.0134 -6 552 769 766
R0 0.0131 2 550 778 770
E3 0.0127 216 202 917 628
F2 0.0105 621 352 1027 753
B2 0.0084 -2 328 332 674
Q0 0.0082 -1 -22 924 370
A3 0.0071 860 470 1024 592
E2 0.0068 0 164 161 402
E3 0.0067 625 182 1025 758
D2 0.0066 -1 158 166 397
E3 0.0057 728 512 1031 759
E2 0.0056 863 468 1024 592
E2 0.0046 195 585 524 751
E2 0.0044 738 467 1022 763
E3 0.0042 851 177 1027 590
Q0 0.0041 -7 -53 1050 740
E2 0.0040 755 583 1023 764
E2 0.0039 614 350 1011 745
L0 0.0038 -6 550 789 766
C2 0.0034 890 357 1025 497
G3 0.0034 0 697 626 894
R0 0.0033 0 -32 1046 760
E3 0.0031 790 187 1026 663
E2 0.0031 -40 295 631 712
G3 0.0030 869 -90 977 49
Q0 0.0030 313 121 884 366
E2 0.0029 16 458 693 746
L0 0.0028 -10 62 1062 767
D2 0.0027 -2 -39 975 755
E3 0.0027 703 496 1037 847
F2 0.0026 -3 -30 957 389
R0 0.0023 281 647 567 731
E2 0.0022 846 459 1024 696
E2 0.0022 0 323 323 670
E2 0.0022 1 455 344 693
A3 0.0018 283 118 856 324
Q0 0.0018 -3 330 327 660
G3 0.0018 -17 584 778 876
E2 0.0017 268 121 888 447
L0 0.0016 -7 275 833 769
R0 0.0016 -24 544 947 839
C3 0.0016 7 534 621 771
Q0 0.0016 130 85 979 676
D2 0.0016 -5 549 782 765
E3 0.0015 -21 298 958 775
A3 0.0015 854 353 1024 597
D2 0.0015 -2 169 866 762
Q0 0.0015 -3 163 168 399
C2 0.0014 -1 321 357 647
C3 0.0013 907 186 1026 381
G3 0.0012 873 -68 943 15
E3 0.0012 -4 328 329 664
Q0 0.0011 -3 546 819 758
E3 0.0011 670 383 1048 990
E2 0.0010 -94 479 882 756
G3 0.0010 494 571 1045 911
G3 0.0010 0 163 169 399
