A3 0.4092 66 85 545 554
P0 0.2010 24 543 324 730
A3 0.1986 21 544 330 733
K0 0.1316 22 542 328 731
D2 0.1102 23 542 328 730
A3 0.0959 309 326 939 913
E3 0.0726 357 320 981 922
C3 0.0713 77 90 538 553
B2 0.0688 22 543 327 730
A0 0.0652 6 -1 1021 982
C3 0.0414 22 538 328 730
C2 0.0265 653 905 733 976
Q0 0.0252 1 5 1035 990
G3 0.0226 71 545 304 718
Q0 0.0186 223 204 997 917
L0 0.0113 8 -2 1017 830
D2 0.0112 -70 266 841 971
Q0 0.0097 62 87 537 544
D2 0.0094 358 323 998 935
E0 0.0091 -73 249 807 934
L0 0.0089 -157 242 842 944
H0 0.0078 -129 294 818 954
H0 0.0077 321 -40 1099 542
C3 0.0074 28 79 848 605
C3 0.0066 93 551 314 718
E2 0.0059 -101 294 815 976
H0 0.0057 107 -113 1316 591
E0 0.0054 -50 13 835 1064
A3 0.0053 30 46 910 597
K0 0.0053 110 94 704 552
C3 0.0052 333 329 882 907
A3 0.0047 210 111 567 525
A3 0.0044 -58 -95 1074 733
C2 0.0044 23 585 177 709
F2 0.0043 12 0 1010 616
E2 0.0038 -73 -14 916 407
C2 0.0034 77 728 137 778
A3 0.0034 468 301 995 938
C3 0.0030 -103 -29 1092 695
A3 0.0028 -65 -79 849 1114
E2 0.0027 -262 -96 1073 1182
R0 0.0026 341 319 1005 939
Q0 0.0025 6 -1 1026 574
E2 0.0024 -115 -54 1075 507
D2 0.0022 15 335 350 762
H3 0.0020 -11 -13 1021 1037
C2 0.0019 37 548 266 712
D2 0.0019 -188 26 1036 1161
Q0 0.0015 51 28 757 620
H0 0.0013 -28 392 754 1065
Q0 0.0012 0 11 607 935
C2 0.0012 75 723 140 808
K0 0.0012 41 529 430 735
E2 0.0012 506 0 933 33
C2 0.0011 93 186 277 372
L0 0.0010 -332 98 979 1017
