D2 0.2046 277 192 787 719
A3 0.1518 270 180 749 723
D2 0.0713 267 199 480 496
C3 0.0624 287 205 773 716
B2 0.0370 290 213 789 715
Q0 0.0351 266 185 782 712
C2 0.0343 269 212 382 362
C2 0.0268 344 223 485 399
C3 0.0146 270 198 483 501
A3 0.0097 383 233 790 701
E2 0.0085 268 193 484 498
D2 0.0042 265 197 474 375
D2 0.0040 261 192 685 601
E2 0.0033 269 195 461 389
E2 0.0032 269 201 385 374
A3 0.0030 266 178 586 721
A3 0.0029 269 198 507 587
E2 0.0027 260 192 599 729
R0 0.0024 9 576 310 911
R0 0.0023 10 533 326 1053
E3 0.0022 670 587 1031 937
B2 0.0021 450 190 544 252
E2 0.0020 495 201 667 282
Q0 0.0020 160 148 942 769
Q0 0.0017 423 323 664 540
C2 0.0016 446 462 503 529
C2 0.0016 268 215 331 313
C3 0.0014 446 462 503 529
C2 0.0014 269 214 346 354
C3 0.0014 450 191 546 254
B2 0.0013 267 213 329 301
E3 0.0013 703 399 1024 955
B2 0.0012 270 208 402 367
Q0 0.0011 79 660 934 941
D2 0.0011 281 187 645 447
B2 0.0011 250 190 609 735
B2 0.0010 445 462 502 529
E2 0.0010 442 194 676 303
