A3 0.4063 35 92 428 405
E2 0.2684 38 91 426 407
E2 0.0399 0 -3 40 73
D2 0.0207 0 111 49 265
E2 0.0112 129 0 461 60
D2 0.0097 0 87 54 327
E2 0.0057 0 0 35 104
D2 0.0041 0 85 41 435
D3 0.0024 11 84 430 430
D2 0.0024 0 102 31 396
C2 0.0023 37 92 429 401
C2 0.0023 0 0 150 169
E2 0.0017 0 0 144 167
E2 0.0016 0 0 37 152
D0 0.0016 120 0 467 60
E2 0.0016 19 0 402 38
C2 0.0015 3 0 279 33
D2 0.0015 0 158 4 353
E2 0.0015 3 0 185 39
D2 0.0014 146 0 461 58
D2 0.0013 0 88 22 447
D2 0.0013 0 0 145 152
H0 0.0012 0 2 38 174
D2 0.0011 0 100 58 408
D2 0.0011 0 134 29 240
G0 0.0011 154 0 466 55
