A0 0.3321 170 7 619 324
A3 0.2605 381 486 706 703
E0 0.2529 379 486 716 704
D2 0.2244 165 7 615 324
A3 0.1890 588 201 1010 581
A2 0.1874 591 201 1005 582
C3 0.1652 381 485 706 701
D2 0.1274 593 199 1005 581
A3 0.1034 138 352 459 522
A2 0.0731 165 8 616 329
A3 0.0707 164 8 611 327
A2 0.0679 137 352 461 519
C3 0.0638 591 199 1010 580
E2 0.0620 161 4 628 323
B2 0.0492 140 352 456 518
D2 0.0467 135 352 460 517
C3 0.0409 136 352 459 518
C2 0.0302 470 494 698 662
K0 0.0296 443 486 707 699
B2 0.0258 170 -3 620 323
E2 0.0185 583 197 997 583
K0 0.0088 141 350 453 514
O0 0.0053 153 10 613 327
H3 0.0045 7 -15 1023 702
D2 0.0044 14 -15 1018 700
E2 0.0043 108 156 780 630
E2 0.0040 140 348 463 526
C2 0.0036 159 354 432 498
Q0 0.0033 580 209 1000 576
O0 0.0029 581 210 1005 582
C2 0.0023 388 499 578 673
C3 0.0022 491 496 703 676
E0 0.0022 376 319 717 703
F3 0.0019 52 685 896 869
E3 0.0019 25 602 880 880
O0 0.0016 130 8 757 380
C3 0.0015 478 478 751 705
A3 0.0012 147 180 715 587
H0 0.0012 721 495 1012 894
G3 0.0011 18 637 941 877
E2 0.0011 591 187 846 584
E2 0.0011 595 -46 1048 496
C3 0.0011 178 9 610 326
K0 0.0010 370 480 648 705
B2 0.0010 731 273 841 343
E2 0.0010 345 263 735 724
C2 0.0010 391 498 655 688
