E3 0.4069 186 8 1055 754
R0 0.1616 178 -17 1071 765
A3 0.1108 179 7 994 773
Q0 0.0476 190 3 1066 735
C2 0.0146 666 620 825 757
A3 0.0141 127 -126 1173 818
C2 0.0091 388 623 509 751
E2 0.0082 264 35 1057 739
E2 0.0072 395 616 819 757
F2 0.0064 383 617 832 758
C3 0.0060 681 618 823 757
C3 0.0048 200 84 907 778
A3 0.0042 385 613 834 757
D2 0.0034 684 621 821 755
C3 0.0028 379 616 554 757
A3 0.0026 375 409 831 765
E3 0.0025 350 617 880 769
B2 0.0021 355 610 849 773
C3 0.0021 381 442 832 764
Q0 0.0017 317 82 924 583
A3 0.0015 382 527 831 759
E3 0.0012 932 67 1201 948
A3 0.0010 385 621 543 751
