A3 0.9618 203 1107 457 1303
A3 0.9563 1075 6 1300 335
A3 0.9512 55 223 1183 1147
A3 0.9071 226 -1 522 104
A3 0.8295 0 2 194 291
A3 0.0391 1245 724 1298 1167
A3 0.0322 185 -1 660 97
C2 0.0189 1253 813 1300 1052
A3 0.0139 1249 796 1301 1074
J0 0.0129 -7 -3 610 322
A3 0.0101 1231 684 1297 1239
A3 0.0100 187 2 554 80
D2 0.0088 1248 814 1300 1106
E2 0.0047 -10 656 467 1307
A3 0.0036 1227 540 1300 1149
A3 0.0034 2 0 200 76
A3 0.0030 93 2 867 77
J0 0.0025 -13 663 470 1306
A3 0.0024 1265 752 1299 1066
J0 0.0023 -4 21 630 896
A3 0.0022 999 229 1297 1239
A3 0.0019 -1 -1 172 51
A3 0.0017 201 0 392 18
A3 0.0013 6 1 590 98
D2 0.0013 505 0 675 22
A3 0.0011 264 1115 438 1300
D2 0.0011 0 -1 51 30
D2 0.0011 -6 0 126 29
A3 0.0010 1280 722 1301 1020
