A3 0.4591 153 103 517 222
A3 0.3990 78 209 451 390
B2 0.1741 83 208 444 384
E3 0.1630 156 104 525 221
E3 0.0769 59 206 434 385
B2 0.0640 143 101 518 221
B0 0.0608 60 194 427 395
P0 0.0449 66 199 429 386
L0 0.0274 156 99 498 221
G3 0.0270 61 208 435 385
E3 0.0158 138 100 535 283
G3 0.0147 156 104 538 223
G3 0.0140 196 127 343 199
E3 0.0110 81 118 530 383
L0 0.0089 70 202 442 385
L0 0.0077 85 112 472 392
F2 0.0060 89 148 450 394
A3 0.0058 170 225 441 385
G3 0.0051 105 219 234 315
G3 0.0033 142 224 243 318
G3 0.0018 131 223 321 333
E3 0.0017 129 66 547 236
E3 0.0016 151 177 477 394
G3 0.0015 146 226 278 327
L0 0.0014 160 107 500 311
E3 0.0014 221 113 522 246
G3 0.0011 84 99 546 326
