A3 0.4109 370 118 1258 1093
E2 0.2931 377 122 1257 1097
E3 0.2640 383 117 1235 1083
A3 0.1424 533 904 847 1120
A2 0.1390 369 115 1273 1023
F2 0.0977 372 121 1267 1003
E2 0.0554 533 901 839 1123
Q0 0.0460 375 121 1266 1080
C3 0.0224 532 898 842 1126
C2 0.0206 535 912 816 1108
B2 0.0197 532 902 842 1117
F2 0.0179 530 835 1089 1121
B2 0.0142 534 839 1090 1119
C3 0.0086 882 853 1081 1040
D2 0.0070 884 859 1079 1040
B2 0.0058 483 142 1244 1077
B2 0.0045 898 848 1079 1038
C2 0.0028 540 916 717 1103
E3 0.0024 524 823 1098 1120
A2 0.0020 490 121 1228 805
Q0 0.0017 2 724 609 1176
E2 0.0015 532 912 725 1115
E3 0.0015 868 1005 1552 1426
F2 0.0015 538 638 1089 1125
A3 0.0014 742 165 1236 1039
B2 0.0011 762 181 1232 1026
C2 0.0011 899 152 984 523
A2 0.0011 810 134 1235 1050
E3 0.0010 475 816 1327 1178
