A3 0.4241 309 513 905 877
B2 0.1100 331 512 876 872
E3 0.0421 330 515 888 874
C2 0.0302 337 631 477 784
O0 0.0239 328 508 900 875
L0 0.0105 367 -27 909 474
Q0 0.0093 331 516 887 877
C2 0.0084 345 616 517 792
M0 0.0076 325 510 882 876
E3 0.0052 361 -6 933 473
A3 0.0046 453 -15 898 460
Q0 0.0038 423 3 879 471
F2 0.0031 449 -21 894 471
F2 0.0029 415 393 752 481
E3 0.0021 311 -3 986 652
B2 0.0017 420 392 751 482
G3 0.0015 151 420 221 496
E3 0.0014 143 7 1009 894
A0 0.0014 74 0 992 931
C3 0.0013 419 391 752 484
D2 0.0013 97 3 520 234
H0 0.0012 4 518 58 1018
A0 0.0012 -12 -32 395 251
L0 0.0011 -1 675 1030 1003
Q0 0.0011 105 541 1006 891
A2 0.0011 459 -19 889 469
C3 0.0010 399 499 897 884
Q0 0.0010 215 -6 987 479
C0 0.0010 28 -40 408 0
I3 0.0010 -34 -46 467 267
E3 0.0010 56 -7 1008 532
D2 0.0010 3 614 1031 975
