D0 0.2769 0 160 143 384
R0 0.1340 0 159 144 385
R0 0.0589 0 83 261 368
H3 0.0541 2 86 260 349
G0 0.0483 2 88 271 382
Q0 0.0293 1 92 268 382
B3 0.0292 1 157 139 385
I3 0.0155 1 161 140 386
H3 0.0135 1 161 141 384
B1 0.0113 34 103 274 384
Q0 0.0112 344 226 509 438
Q0 0.0079 334 262 505 404
D0 0.0069 118 108 268 378
G0 0.0066 0 159 145 382
B1 0.0044 116 90 268 384
Q0 0.0041 304 -26 515 389
C3 0.0035 303 14 312 22
I0 0.0034 0 161 145 382
Q0 0.0030 -1 154 155 377
R0 0.0029 0 89 512 384
Q0 0.0026 267 294 509 383
R0 0.0024 264 -4 498 390
R0 0.0023 348 191 505 410
O0 0.0021 1 163 146 381
R0 0.0020 280 299 501 384
Q0 0.0018 262 -6 501 305
Q0 0.0016 284 3 480 170
H3 0.0016 139 101 270 374
C0 0.0016 347 47 360 57
C0 0.0016 31 181 56 219
R0 0.0016 -1 109 185 377
C2 0.0015 322 15 331 22
H3 0.0014 66 71 268 389
G3 0.0013 32 181 57 219
C3 0.0012 321 15 331 22
E3 0.0011 352 139 506 444
R0 0.0011 293 234 508 389
D2 0.0011 344 -63 398 -37
C2 0.0011 342 -64 396 -37
C0 0.0011 320 0 334 9
B2 0.0011 344 -64 399 -37
F0 0.0010 358 265 366 273
H3 0.0010 3 101 184 338
