B0 0.2203 104 175 455 382
K0 0.0951 97 170 440 382
C3 0.0829 122 186 471 382
O0 0.0520 100 173 504 384
G3 0.0450 99 176 510 385
D0 0.0413 105 181 454 382
B1 0.0408 108 182 474 381
M0 0.0377 95 170 503 383
Q0 0.0337 315 9 512 368
N0 0.0259 97 172 500 382
Q0 0.0139 31 -18 510 385
B0 0.0119 97 173 339 381
K0 0.0106 101 173 317 379
Q0 0.0099 98 166 508 382
B2 0.0097 326 14 512 326
K0 0.0058 99 174 211 299
F2 0.0039 319 19 513 271
P0 0.0033 98 173 278 381
N0 0.0024 72 25 511 388
C2 0.0022 412 223 508 363
K0 0.0022 179 192 466 384
B0 0.0018 98 175 265 361
Q0 0.0018 -16 -12 427 298
D2 0.0016 385 204 509 370
O0 0.0015 100 174 332 375
E2 0.0014 398 -42 509 91
Q0 0.0014 193 19 522 390
F2 0.0012 411 17 510 250
C3 0.0011 426 352 511 383
Q0 0.0011 340 9 509 276
L0 0.0011 104 148 451 364
E3 0.0010 311 42 518 390
K0 0.0010 98 176 240 339
