B0 0.2133 237 -1 323 314
B1 0.0857 -27 12 246 368
M0 0.0815 236 9 327 335
N0 0.0812 235 8 327 333
D1 0.0665 239 33 323 361
B1 0.0664 29 20 221 334
B3 0.0575 240 67 321 353
M0 0.0372 24 18 213 340
H3 0.0278 16 13 221 319
B0 0.0261 12 9 219 264
N0 0.0245 25 16 212 339
P0 0.0186 232 -6 326 372
B0 0.0053 50 -32 217 367
H3 0.0043 9 -1 341 347
A0 0.0034 6 0 320 351
B1 0.0033 77 -8 226 386
B3 0.0032 94 -13 226 392
C2 0.0027 267 10 294 24
B0 0.0025 12 -1 339 346
B3 0.0025 234 -6 326 388
N0 0.0022 5 0 296 348
B1 0.0019 -65 -39 297 472
B1 0.0017 22 32 157 320
B0 0.0015 17 -40 186 318
B1 0.0015 95 -51 265 425
B1 0.0015 144 -52 292 380
B0 0.0013 153 -55 290 373
B1 0.0012 17 -27 181 349
B2 0.0011 267 10 294 24
E0 0.0011 23 152 219 351
C3 0.0010 31 63 65 95
C2 0.0010 31 65 65 94
