B0 0.2786 244 73 424 428
M0 0.1935 244 58 427 438
N0 0.1790 242 59 428 439
O0 0.1563 243 57 426 447
P0 0.1064 244 73 425 431
B1 0.0721 241 71 422 431
B3 0.0342 244 65 425 450
C2 0.0067 256 223 316 292
Q0 0.0064 472 80 597 448
N0 0.0043 185 48 458 451
Q0 0.0041 436 157 594 442
O0 0.0038 183 47 465 446
E3 0.0036 469 129 596 447
G0 0.0031 406 196 595 450
C3 0.0020 256 225 316 292
E3 0.0019 407 149 599 468
I0 0.0017 392 259 588 441
N0 0.0015 73 28 543 444
Q0 0.0010 525 169 598 418
C2 0.0010 199 199 242 253
