B0 0.1721 106 6 371 267
G0 0.0996 124 32 507 372
K0 0.0870 104 1 353 275
R0 0.0737 215 31 519 311
D1 0.0626 215 34 517 296
I0 0.0452 213 36 511 376
B0 0.0409 102 8 511 375
C3 0.0272 490 178 511 224
E2 0.0242 212 75 505 362
B1 0.0234 105 1 390 276
A0 0.0212 215 52 508 350
R0 0.0176 123 23 514 378
O0 0.0151 110 7 349 263
D1 0.0107 103 3 398 272
C3 0.0107 206 55 493 355
D0 0.0106 200 33 483 339
D1 0.0098 190 215 486 379
C3 0.0083 295 23 330 48
O0 0.0083 95 -4 519 376
P0 0.0066 107 4 307 273
C3 0.0049 105 5 311 275
C3 0.0045 489 156 511 283
D1 0.0038 109 -4 470 328
C3 0.0036 158 29 193 47
F2 0.0035 209 218 488 378
K0 0.0033 111 4 295 214
G3 0.0032 492 180 510 352
C2 0.0032 421 121 494 179
F3 0.0027 493 185 511 343
C3 0.0027 298 277 475 377
D1 0.0026 265 35 510 229
D1 0.0023 491 178 511 228
J0 0.0023 230 46 515 280
C0 0.0022 489 177 511 280
F2 0.0022 490 176 511 290
D1 0.0022 198 29 415 315
C3 0.0021 419 121 494 179
Q0 0.0020 207 40 514 376
G3 0.0020 295 24 330 47
G3 0.0019 -2 312 523 451
C3 0.0019 495 359 512 387
B1 0.0018 308 36 505 239
R0 0.0016 -20 289 526 457
F3 0.0016 475 179 510 374
B0 0.0015 111 12 510 251
B1 0.0015 61 2 513 254
F2 0.0012 253 257 482 378
G3 0.0011 139 348 494 450
L0 0.0011 489 176 512 294
F2 0.0010 142 432 287 448
