B0 0.1065 207 14 416 410
M0 0.0555 208 14 434 380
N0 0.0386 204 18 428 379
B2 0.0067 221 45 421 386
B0 0.0051 377 -115 510 247
B3 0.0027 226 46 442 379
Q0 0.0025 0 -11 261 382
N0 0.0024 87 7 475 379
Q0 0.0024 187 13 503 380
Q0 0.0021 2 -51 77 182
R0 0.0021 359 40 510 389
R0 0.0020 0 13 265 383
P0 0.0018 208 -10 363 419
H3 0.0017 428 -45 511 388
B3 0.0014 448 -95 512 219
K0 0.0013 228 -65 358 -9
M0 0.0013 234 -43 409 426
B0 0.0012 205 -45 339 450
B3 0.0012 221 -37 451 447
L0 0.0011 356 7 510 389
M0 0.0011 117 0 466 388
H3 0.0010 372 -73 514 421
O0 0.0010 429 -31 512 206
