B0 0.4165 112 144 528 357
C2 0.2735 426 273 491 325
P0 0.1592 92 136 548 365
N0 0.0588 112 149 509 362
B3 0.0484 121 143 477 355
F3 0.0316 108 150 509 363
G3 0.0250 110 151 511 365
B0 0.0150 101 146 446 319
B3 0.0150 218 169 515 365
K0 0.0115 106 145 387 316
R0 0.0108 107 146 518 375
P0 0.0092 196 167 520 371
R0 0.0083 79 271 511 375
B1 0.0077 267 175 516 364
R0 0.0037 8 253 516 451
H3 0.0034 108 145 380 314
C3 0.0017 71 79 80 87
G0 0.0017 106 128 512 358
H3 0.0016 66 109 516 370
G3 0.0011 71 79 80 87
B0 0.0010 247 174 515 363
N0 0.0010 213 167 512 351
