B0 0.1555 94 -6 430 340
O0 0.0771 114 196 239 325
G3 0.0624 109 -7 511 328
I3 0.0485 114 197 239 326
C3 0.0476 256 243 425 382
D1 0.0331 113 20 432 325
K0 0.0274 256 244 423 382
D1 0.0243 55 -14 525 324
E0 0.0193 256 245 424 382
R0 0.0146 108 -11 515 374
C2 0.0097 257 245 425 381
C0 0.0086 92 -14 507 332
D1 0.0084 146 -18 480 285
B0 0.0083 15 -8 516 360
B0 0.0081 114 195 239 326
D1 0.0078 239 109 345 197
Q0 0.0062 116 0 465 221
P0 0.0055 111 192 240 329
N0 0.0043 115 183 240 310
Q0 0.0040 97 -6 509 298
O0 0.0036 256 245 426 380
Q0 0.0033 113 0 323 214
K0 0.0027 110 -5 368 227
E3 0.0018 51 3 302 215
Q0 0.0017 255 245 421 379
E3 0.0016 260 247 437 380
F2 0.0015 160 -17 500 264
G3 0.0015 256 246 422 381
E3 0.0015 113 -2 335 212
R0 0.0015 186 -26 500 277
B0 0.0015 106 53 364 340
C3 0.0014 406 118 417 126
P0 0.0013 91 15 356 341
K0 0.0012 101 -34 387 320
B3 0.0012 114 190 255 328
F0 0.0012 116 194 237 326
B2 0.0010 341 -64 398 -38
