E3 0.3829 133 -2 359 308
E3 0.1091 78 -9 481 369
A3 0.0961 178 -14 366 289
O0 0.0691 131 -8 341 316
K0 0.0404 133 11 219 317
E3 0.0349 132 -7 281 315
B0 0.0268 133 5 220 317
C3 0.0249 169 -20 360 290
P0 0.0246 133 22 218 312
F2 0.0152 123 -14 328 297
F2 0.0150 159 -5 510 377
P0 0.0129 129 -45 245 318
K0 0.0110 130 -54 258 330
F2 0.0109 184 -10 363 281
C2 0.0098 464 303 512 382
C2 0.0083 297 0 350 24
Q0 0.0081 131 -3 357 289
K0 0.0054 122 -45 333 319
H3 0.0049 185 -8 517 384
N0 0.0044 140 126 218 284
A3 0.0033 129 -6 328 276
P0 0.0029 92 -17 230 323
N0 0.0021 147 162 217 303
C3 0.0021 298 0 349 24
Q0 0.0019 175 -3 515 380
P0 0.0018 135 97 237 314
R0 0.0017 321 173 513 384
N0 0.0016 150 136 215 255
C3 0.0016 464 301 511 385
K0 0.0015 134 99 234 317
Q0 0.0014 126 -10 291 319
R0 0.0010 376 219 491 329
C3 0.0010 129 24 367 329
