D0 0.4382 173 67 404 291
H3 0.2414 170 64 414 295
B0 0.1531 159 37 463 261
A0 0.0572 28 36 464 345
C0 0.0439 162 51 461 285
B1 0.0392 36 86 384 330
N0 0.0308 27 36 460 346
K0 0.0264 308 35 460 234
B0 0.0262 28 58 376 338
B0 0.0260 271 34 460 237
H3 0.0246 22 34 476 355
O0 0.0240 23 29 485 340
D1 0.0225 26 99 398 328
B1 0.0191 162 37 463 281
R0 0.0174 7 35 513 370
C0 0.0161 169 79 398 301
Q0 0.0137 26 36 463 338
K0 0.0101 32 85 233 345
K0 0.0069 4 90 407 345
C0 0.0066 17 97 445 330
B0 0.0065 16 38 498 352
K0 0.0042 239 34 464 249
C3 0.0037 33 148 229 341
C2 0.0035 299 238 364 268
B0 0.0032 25 63 265 350
C0 0.0030 -8 47 486 369
B3 0.0021 16 126 400 354
H3 0.0019 258 337 512 384
Q0 0.0019 89 -57 388 73
R0 0.0017 259 334 512 382
R0 0.0017 -1 206 512 385
P0 0.0016 -5 124 395 355
N0 0.0015 139 40 464 312
C3 0.0014 31 172 144 340
C3 0.0013 299 238 363 269
P0 0.0011 28 64 234 357
H3 0.0010 133 45 403 346
