B0 0.2014 161 109 513 340
B0 0.1121 177 110 435 300
B1 0.0889 170 104 511 347
H3 0.0685 177 108 435 304
G0 0.0327 171 112 510 342
D1 0.0201 170 122 513 342
H3 0.0140 175 107 513 345
R0 0.0109 2 110 513 384
H3 0.0086 1 -2 511 380
B0 0.0065 2 111 509 381
R0 0.0060 174 117 515 374
B0 0.0040 1 -41 514 384
C3 0.0038 0 307 31 382
C0 0.0035 0 195 28 379
C0 0.0030 0 187 41 355
Q0 0.0030 19 327 252 446
D0 0.0027 0 -47 515 386
Q0 0.0021 -1 158 32 378
B1 0.0021 302 133 506 346
C0 0.0021 0 173 31 335
C2 0.0020 0 306 30 383
B1 0.0018 357 151 510 339
E3 0.0018 0 290 248 471
R0 0.0016 0 53 33 366
F3 0.0015 0 163 31 374
G3 0.0015 446 -26 467 1
R0 0.0014 0 12 49 363
B0 0.0013 102 83 568 313
C0 0.0012 0 307 33 384
E3 0.0012 15 315 307 448
D1 0.0012 360 154 510 339
N0 0.0011 176 107 506 334
C3 0.0010 336 104 352 119
R0 0.0010 -5 263 511 488
C0 0.0010 2 251 31 373
