C0 0.0978 74 26 406 341
E0 0.0653 80 34 408 347
L0 0.0375 51 -3 432 377
O0 0.0352 54 -11 442 383
B0 0.0269 47 -4 432 379
C0 0.0196 60 -51 421 400
A0 0.0166 51 -6 436 380
B0 0.0101 74 0 363 265
C0 0.0079 73 -1 365 278
D1 0.0051 72 26 268 319
C3 0.0035 60 29 412 390
K0 0.0031 68 26 310 321
B0 0.0031 139 -63 422 413
B0 0.0027 52 -5 393 196
G3 0.0027 429 -43 483 37
F2 0.0025 242 -3 379 194
B2 0.0025 151 -63 231 -45
C1 0.0024 51 -4 394 197
H3 0.0021 160 -11 456 428
B0 0.0021 67 14 302 313
B2 0.0020 167 35 210 62
B1 0.0019 245 -3 380 196
F2 0.0019 100 -26 384 295
K0 0.0017 177 92 436 387
R0 0.0016 49 -7 399 379
E0 0.0015 124 6 466 417
R0 0.0015 0 19 30 186
Q0 0.0014 53 -5 411 378
B2 0.0014 161 -62 246 -47
C3 0.0013 168 35 210 62
F2 0.0013 72 0 389 167
B2 0.0013 242 -5 379 196
A1 0.0012 431 -43 471 28
B0 0.0012 247 0 382 193
B0 0.0012 224 -1 435 396
E0 0.0012 188 61 438 391
O0 0.0012 167 12 435 375
C1 0.0011 49 -6 410 378
B2 0.0011 204 110 246 140
C3 0.0011 53 -1 131 70
D2 0.0011 155 -63 234 -41
C2 0.0010 143 -63 206 -50
