B0 0.4809 64 59 355 312
O0 0.2655 69 53 359 306
P0 0.2113 69 68 350 309
M0 0.1442 68 49 365 310
B3 0.0897 54 59 353 310
B1 0.0485 54 56 361 303
N0 0.0218 67 60 353 306
B0 0.0171 110 57 346 261
J0 0.0091 358 264 512 383
D0 0.0076 358 265 510 383
O0 0.0069 43 33 432 351
B0 0.0040 31 25 388 345
R0 0.0039 5 26 511 379
R0 0.0036 357 266 514 380
N0 0.0035 28 34 487 361
B0 0.0032 10 32 507 376
C3 0.0032 357 264 511 381
H3 0.0024 358 264 511 384
B0 0.0024 195 54 368 295
Q0 0.0024 357 264 512 379
R0 0.0019 336 91 509 303
B0 0.0018 176 57 345 235
R0 0.0016 2 206 516 377
C3 0.0013 304 189 368 286
A0 0.0013 341 103 510 301
K0 0.0013 0 162 34 386
C3 0.0012 0 165 17 280
N0 0.0012 -1 169 31 381
B0 0.0012 -4 264 530 381
R0 0.0011 178 265 514 382
C2 0.0010 304 189 367 285
Q0 0.0010 321 99 511 291
