D1 0.3888 33 204 380 349
G0 0.2225 27 213 396 346
G0 0.1365 10 124 512 352
L0 0.0624 3 115 509 339
D1 0.0520 3 119 369 185
C1 0.0434 1 119 510 344
I0 0.0422 26 212 398 347
R0 0.0399 4 121 510 342
D1 0.0386 2 108 375 169
F2 0.0379 9 122 376 222
C0 0.0377 11 120 382 222
D1 0.0335 -1 118 378 220
R0 0.0288 27 212 401 348
D1 0.0276 4 112 439 345
B1 0.0227 -51 115 472 220
H3 0.0137 41 74 512 363
F3 0.0096 5 60 507 335
G0 0.0079 11 197 492 357
D1 0.0062 -85 97 523 223
R0 0.0055 2 17 507 330
G0 0.0054 2 1 509 337
B0 0.0054 33 101 523 296
C3 0.0052 -38 71 536 303
F2 0.0048 21 78 537 293
A3 0.0048 241 118 506 329
C3 0.0047 -2 114 480 241
D1 0.0045 -42 96 436 180
C2 0.0044 388 178 471 300
E3 0.0042 5 -37 326 109
R0 0.0036 1 -13 351 118
F2 0.0033 -11 110 450 256
R0 0.0030 -5 275 501 361
D1 0.0028 10 160 408 241
C0 0.0026 -25 115 475 258
R0 0.0026 -2 330 516 376
A3 0.0025 84 105 504 338
G3 0.0025 488 38 512 47
R0 0.0024 -8 -18 509 211
D1 0.0024 -62 54 523 365
R0 0.0023 -5 226 513 380
C3 0.0017 254 38 272 50
L0 0.0016 6 41 388 192
K0 0.0015 294 113 512 334
B1 0.0015 40 128 432 222
B1 0.0015 -11 105 557 238
D1 0.0014 174 132 259 156
R0 0.0013 -21 -36 482 112
F2 0.0012 16 155 385 223
C3 0.0012 476 191 511 259
K0 0.0011 469 188 512 262
C1 0.0011 -5 121 479 236
R0 0.0010 33 209 105 331
A3 0.0010 -10 102 523 244
R0 0.0010 4 188 123 333
