B0 0.1448 203 33 397 394
E3 0.1421 200 -5 398 378
A3 0.0772 268 -1 393 172
B0 0.0378 188 -92 399 439
P0 0.0350 198 -56 404 427
P0 0.0090 207 62 398 391
C3 0.0058 265 3 394 183
E3 0.0058 231 -3 389 296
A3 0.0047 257 -14 393 300
B0 0.0039 201 -8 402 270
F2 0.0035 196 -15 401 281
E3 0.0032 110 -23 470 389
B0 0.0031 254 -50 394 400
B2 0.0031 202 -59 398 470
E3 0.0029 245 0 378 202
C3 0.0028 214 -1 403 197
B2 0.0026 207 100 395 388
C0 0.0024 260 -22 393 349
B3 0.0021 232 -60 394 399
E3 0.0017 57 260 256 377
K0 0.0016 266 -22 394 312
P0 0.0015 194 -99 331 441
Q0 0.0011 47 24 185 346
