B1 0.1625 272 153 358 323
B1 0.1527 288 160 348 317
B1 0.1455 303 154 358 322
B1 0.1124 263 170 297 287
B1 0.0906 219 175 254 290
B1 0.0849 276 162 317 300
B1 0.0805 250 171 282 286
B1 0.0663 236 171 272 288
B1 0.0507 207 177 234 294
B1 0.0337 149 91 472 322
B1 0.0274 313 147 374 300
B1 0.0268 328 152 380 295
G0 0.0230 126 94 510 336
B1 0.0227 271 130 378 297
B1 0.0208 268 164 333 318
B1 0.0170 336 149 399 288
B1 0.0170 183 175 228 303
G3 0.0157 264 175 292 286
D1 0.0132 156 98 461 292
G3 0.0132 287 168 319 283
G3 0.0117 276 166 305 285
G3 0.0115 209 182 239 289
D0 0.0103 124 92 513 335
B1 0.0099 358 146 414 272
D1 0.0096 264 166 332 320
B1 0.0093 80 97 567 318
G3 0.0093 311 161 345 272
G3 0.0088 221 181 249 290
N0 0.0085 123 96 509 335
B1 0.0082 199 121 402 310
D1 0.0079 178 224 482 338
G3 0.0071 300 165 332 283
Q0 0.0057 125 95 516 339
R0 0.0055 123 96 514 344
G3 0.0054 190 182 225 296
D1 0.0053 295 159 361 311
B1 0.0052 194 165 256 297
G3 0.0049 323 161 359 270
G3 0.0044 233 176 264 285
B1 0.0044 354 133 435 276
C3 0.0042 215 288 287 328
G3 0.0042 252 178 278 286
D1 0.0041 107 93 461 213
H3 0.0035 114 81 510 342
B1 0.0032 421 94 511 292
C2 0.0032 215 289 287 327
G3 0.0032 201 185 230 295
D1 0.0030 160 105 445 180
K0 0.0029 128 145 223 335
D1 0.0028 314 150 403 309
G3 0.0026 334 158 371 267
D1 0.0026 180 107 439 157
G3 0.0025 289 150 328 288
K0 0.0021 463 97 513 288
C3 0.0021 129 157 219 336
B1 0.0021 298 130 436 283
E3 0.0020 26 294 535 456
C2 0.0019 465 96 512 129
B1 0.0018 364 116 467 288
B3 0.0018 182 163 230 313
G3 0.0016 365 149 409 266
R0 0.0016 18 292 530 385
K0 0.0015 479 107 510 285
B1 0.0014 127 133 230 340
C3 0.0013 465 96 512 130
H3 0.0013 29 0 512 342
K0 0.0012 432 96 511 293
R0 0.0012 156 280 499 391
D1 0.0011 282 150 410 324
Q0 0.0011 304 338 335 364
G3 0.0011 346 141 390 270
B3 0.0010 127 139 226 339
B1 0.0010 369 91 501 296
C3 0.0010 119 360 129 368
