B1 0.2457 97 68 448 272
B0 0.2437 95 67 439 269
D1 0.1326 95 91 461 292
B0 0.0550 35 65 396 220
N0 0.0470 28 75 473 291
B0 0.0425 25 128 474 289
G3 0.0394 27 131 468 287
B3 0.0376 126 117 455 289
P0 0.0334 -35 70 491 277
R0 0.0292 6 228 503 390
B0 0.0254 -5 106 425 262
P0 0.0239 32 141 145 197
B3 0.0185 31 141 146 197
B0 0.0110 29 131 381 237
B1 0.0110 -3 108 468 278
D1 0.0101 27 127 385 260
G3 0.0097 38 142 164 195
B0 0.0093 32 142 146 194
C0 0.0075 99 61 413 174
D1 0.0066 103 63 397 169
B1 0.0061 32 141 146 196
D1 0.0049 87 171 468 300
C0 0.0037 103 10 408 184
D1 0.0033 13 136 367 214
B0 0.0032 16 136 365 207
B3 0.0028 2 112 427 273
B0 0.0027 82 62 402 174
B1 0.0024 144 57 423 214
D1 0.0024 155 149 368 261
R0 0.0023 14 282 434 394
C2 0.0022 426 12 511 171
B1 0.0022 156 102 465 294
B1 0.0021 110 21 487 307
D1 0.0014 27 72 381 229
B0 0.0014 1 136 511 376
D1 0.0013 112 9 403 168
R0 0.0012 -9 232 504 467
D2 0.0011 426 12 509 179
N0 0.0011 32 142 313 228
