N0 0.1293 158 96 341 381
B1 0.1107 158 100 344 380
B0 0.0955 161 100 351 389
M0 0.0489 160 93 341 384
B1 0.0308 224 107 340 374
D1 0.0269 158 100 349 386
I0 0.0236 160 92 341 385
D1 0.0219 244 159 340 381
C3 0.0161 270 19 280 28
C0 0.0139 270 19 280 28
D1 0.0104 165 97 255 383
B1 0.0075 164 103 254 380
B3 0.0046 161 129 252 380
M0 0.0041 217 101 343 360
D1 0.0036 235 90 350 384
R0 0.0036 341 187 508 382
R0 0.0028 156 107 345 386
Q0 0.0028 72 76 376 377
B0 0.0023 163 102 266 383
N0 0.0023 298 183 336 402
G0 0.0021 321 163 502 383
N0 0.0020 34 -11 475 386
F2 0.0017 271 20 280 28
R0 0.0012 39 92 370 380
Q0 0.0012 382 207 505 401
Q0 0.0012 0 -46 511 385
Q0 0.0012 168 -51 339 -2
N0 0.0012 136 46 396 376
B1 0.0010 256 147 344 385
