E3 0.2458 194 0 395 378
R0 0.0930 191 -5 397 380
K0 0.0873 247 -19 324 398
Q0 0.0778 193 -5 397 383
K0 0.0657 239 -35 370 411
K0 0.0300 226 18 341 385
C2 0.0267 256 116 308 215
K0 0.0260 195 -22 334 411
K0 0.0219 251 7 316 224
B2 0.0186 190 -5 217 292
R0 0.0180 47 -13 472 389
C3 0.0152 255 124 308 214
R0 0.0090 -3 137 144 344
K0 0.0088 222 -62 409 427
R0 0.0081 -4 40 147 360
Q0 0.0077 200 -3 388 138
K0 0.0068 254 -2 396 139
K0 0.0061 308 -64 453 115
K0 0.0056 248 -27 352 240
K0 0.0053 252 -33 399 316
B2 0.0052 201 -9 242 303
B2 0.0044 306 -75 398 421
K0 0.0042 298 -49 399 336
Q0 0.0041 -6 -1 184 375
K0 0.0040 253 -1 315 144
C3 0.0038 330 4 390 96
C2 0.0037 328 0 388 94
Q0 0.0035 -3 174 149 359
Q0 0.0033 -9 83 172 323
K0 0.0032 191 -11 241 281
F2 0.0028 303 -97 396 409
K0 0.0027 318 -3 393 130
F2 0.0027 315 -15 399 312
C0 0.0026 327 -2 393 101
K0 0.0026 279 89 355 379
P0 0.0026 273 -117 399 464
K0 0.0025 189 -15 348 274
B2 0.0022 203 27 252 338
C3 0.0022 127 312 140 327
K0 0.0022 243 -2 338 136
K0 0.0021 190 -27 302 300
R0 0.0021 -3 191 169 380
K0 0.0021 189 -3 220 267
K0 0.0021 214 88 364 379
K0 0.0021 196 -37 266 325
K0 0.0020 274 -85 398 434
G3 0.0018 193 98 213 272
C3 0.0016 191 229 213 287
R0 0.0016 24 7 213 372
E3 0.0015 200 -7 393 150
Q0 0.0015 171 -65 379 -10
Q0 0.0014 101 193 117 209
B2 0.0014 328 11 399 406
Q0 0.0014 49 0 187 296
F2 0.0014 105 193 116 204
K0 0.0014 224 -13 394 171
R0 0.0013 7 102 74 319
Q0 0.0012 187 -2 257 364
R0 0.0011 9 -8 295 384
K0 0.0011 314 -62 402 108
C0 0.0011 128 314 140 327
B2 0.0010 176 -29 219 313
G3 0.0010 426 -49 485 36
Q0 0.0010 8 99 82 273
