G3 0.1501 0 -4 415 325
L0 0.1414 0 -4 417 325
F2 0.0755 15 -5 325 245
F2 0.0728 79 -5 385 262
B1 0.0574 101 11 434 315
F2 0.0353 44 -22 432 307
C1 0.0323 -2 -6 422 324
B2 0.0243 16 16 304 232
K0 0.0241 71 51 412 304
B0 0.0191 7 -4 335 215
K0 0.0173 0 -3 256 197
R0 0.0170 0 -4 429 339
D1 0.0166 118 64 422 327
R0 0.0142 -3 240 510 501
B1 0.0131 186 57 418 327
D1 0.0117 1 -2 152 146
G0 0.0061 -4 255 509 465
K0 0.0049 0 -2 166 151
B1 0.0044 250 141 415 327
B0 0.0039 0 -4 409 313
R0 0.0031 12 265 467 439
G3 0.0026 2 -2 322 267
C3 0.0022 32 0 140 43
F2 0.0021 54 -3 298 172
B2 0.0019 372 262 416 320
G3 0.0019 103 29 423 310
L0 0.0019 182 21 417 317
B3 0.0018 235 127 415 329
K0 0.0017 56 -4 272 155
Q0 0.0017 1 -3 416 236
Q0 0.0017 7 251 235 381
G0 0.0017 7 247 459 406
R0 0.0015 39 275 401 405
Q0 0.0013 14 254 222 437
I0 0.0012 19 193 512 426
O0 0.0012 248 152 415 326
G3 0.0012 193 327 510 452
R0 0.0011 -1 249 328 379
R0 0.0010 4 152 178 393
G3 0.0010 72 17 491 260
