B0 0.4405 141 104 481 279
D1 0.1769 132 101 490 306
P0 0.1242 135 100 506 298
G3 0.0795 144 105 507 360
B3 0.0678 127 101 488 288
N0 0.0593 148 98 511 365
Q0 0.0228 137 -4 510 189
B0 0.0207 135 100 512 368
D1 0.0192 138 115 551 352
B0 0.0170 148 106 354 243
G3 0.0144 224 128 333 231
R0 0.0144 126 101 514 380
Q0 0.0109 135 102 512 373
R0 0.0095 13 149 510 392
D1 0.0087 186 113 508 269
O0 0.0064 145 105 360 241
R0 0.0064 310 171 508 352
D1 0.0058 134 67 482 253
P0 0.0055 146 105 362 243
B3 0.0054 146 106 384 250
N0 0.0047 18 0 520 377
B1 0.0045 311 164 510 353
J0 0.0041 314 171 510 349
Q0 0.0037 139 -19 512 347
R0 0.0031 11 -20 520 395
G0 0.0031 141 -4 509 359
H3 0.0030 7 -30 519 388
G3 0.0029 173 110 385 240
Q0 0.0025 22 69 514 391
Q0 0.0020 10 225 506 395
G3 0.0017 211 107 350 233
Q0 0.0015 39 257 257 384
Q0 0.0014 119 7 470 137
J0 0.0014 253 147 515 358
J0 0.0014 124 32 500 260
Q0 0.0013 309 4 503 152
G3 0.0012 152 114 316 200
B1 0.0012 238 126 513 358
B2 0.0011 335 -66 395 -37
D1 0.0011 295 163 506 261
C3 0.0010 267 158 514 366
C2 0.0010 331 -67 392 -37
