B0 0.3681 412 68 619 935
M0 0.1689 408 107 621 890
P0 0.1630 414 45 620 939
N0 0.0741 411 82 618 859
B3 0.0498 414 182 618 880
B1 0.0102 420 270 613 861
O0 0.0100 422 281 611 857
M0 0.0087 372 57 699 897
G3 0.0052 473 123 566 371
P0 0.0048 420 107 525 891
M0 0.0028 266 33 781 927
Q0 0.0027 717 109 1025 835
F2 0.0014 712 194 1025 793
B0 0.0013 412 91 615 636
B0 0.0013 337 45 841 909
B1 0.0013 421 153 497 878
N0 0.0012 324 62 856 901
N0 0.0012 448 484 601 834
Q0 0.0011 708 475 1026 916
