B0 0.4236 281 109 469 822
P0 0.1605 284 120 471 837
M0 0.1406 274 93 478 844
N0 0.0988 274 89 479 843
B3 0.0494 282 129 470 846
M0 0.0177 185 43 604 967
N0 0.0171 184 38 590 933
N0 0.0087 59 16 706 932
H3 0.0079 20 21 773 1011
M0 0.0054 37 14 747 1018
M0 0.0027 329 23 491 904
I0 0.0023 37 907 836 1027
G3 0.0023 117 96 171 207
C3 0.0022 254 968 323 1023
B3 0.0021 349 92 496 860
I0 0.0019 7 838 784 1019
G3 0.0017 174 58 247 148
G3 0.0016 116 59 172 265
G3 0.0016 113 -73 177 384
I0 0.0013 240 878 420 999
R0 0.0013 8 13 767 1035
P0 0.0012 204 104 465 857
F0 0.0010 -8 2 772 880
B2 0.0010 254 969 322 1024
I0 0.0010 32 922 659 1022
