F2 0.1478 250 66 500 379
E0 0.1442 105 -10 445 223
L0 0.1393 105 -5 511 371
F2 0.0571 103 -13 460 310
F2 0.0482 66 -49 511 368
B0 0.0438 115 -28 410 291
F2 0.0426 233 37 510 288
B1 0.0420 244 50 502 385
G3 0.0415 111 -6 511 380
C2 0.0361 463 216 512 292
G3 0.0227 235 63 510 383
D1 0.0172 248 89 513 397
Q0 0.0125 243 59 511 381
B0 0.0117 115 -11 518 385
H3 0.0113 24 -21 517 382
E3 0.0096 -12 289 485 447
B0 0.0090 88 -17 457 201
F2 0.0086 187 24 477 324
C3 0.0080 122 3 474 359
Q0 0.0073 87 308 493 450
E0 0.0071 126 -29 457 351
E3 0.0054 86 332 466 448
E3 0.0054 -2 307 483 407
Q0 0.0053 53 313 460 392
E3 0.0041 -2 296 254 406
B1 0.0036 290 116 509 387
E3 0.0036 -2 297 207 382
C3 0.0034 133 0 235 67
Q0 0.0034 118 0 511 377
F2 0.0034 119 -5 486 204
F2 0.0029 1 309 189 367
E3 0.0025 -11 271 295 445
Q0 0.0025 182 326 477 445
C3 0.0022 445 365 484 385
F2 0.0021 166 343 177 352
E3 0.0021 52 385 466 442
Q0 0.0018 -6 289 495 397
C3 0.0017 166 342 177 352
G3 0.0017 117 -3 203 73
Q0 0.0016 0 299 190 369
F2 0.0016 136 22 528 413
Q0 0.0015 194 315 440 412
Q0 0.0015 299 342 325 378
Q0 0.0015 -3 277 208 407
E3 0.0015 195 354 459 451
F2 0.0015 157 28 557 252
G3 0.0014 29 383 460 442
F2 0.0014 194 134 523 382
D1 0.0014 296 141 509 386
G3 0.0011 430 -46 482 33
Q0 0.0011 0 147 188 369
K0 0.0011 109 0 232 67
F2 0.0010 299 166 509 383
