H3 0.0785 48 74 429 558
M0 0.0663 97 21 418 595
B0 0.0350 86 -9 420 460
N0 0.0318 96 18 423 598
H3 0.0200 95 16 418 339
B1 0.0085 317 585 468 612
C3 0.0077 97 438 409 592
E0 0.0074 112 25 398 189
D1 0.0060 312 584 470 613
B0 0.0052 64 135 410 592
H3 0.0050 110 24 403 200
K0 0.0045 111 25 392 183
H3 0.0031 98 -45 404 459
B3 0.0025 63 140 406 601
D0 0.0025 85 113 392 610
E0 0.0023 103 432 411 586
B0 0.0022 93 -94 429 622
B0 0.0020 20 3 494 599
C3 0.0019 84 217 400 606
H3 0.0016 156 56 421 608
H3 0.0015 67 -35 384 648
H3 0.0014 19 4 494 609
C2 0.0014 295 588 478 612
C2 0.0013 180 148 330 187
