D1 0.0883 23 51 416 344
Q0 0.0300 3 -9 507 380
B0 0.0284 -1 -11 508 376
H3 0.0277 8 -10 509 377
F3 0.0245 0 6 443 378
L0 0.0223 3 -10 509 375
R0 0.0173 -12 32 413 315
R0 0.0089 0 154 271 382
B1 0.0058 65 -4 457 236
R0 0.0048 35 -13 521 382
D1 0.0047 68 85 468 386
N0 0.0032 1 -7 507 341
C3 0.0028 66 -22 443 285
C3 0.0024 30 71 460 400
F2 0.0022 45 -15 517 250
B1 0.0019 116 -4 513 374
R0 0.0019 1 -12 274 384
R0 0.0019 2 254 248 375
C3 0.0017 172 -10 468 243
C2 0.0014 165 234 238 306
C3 0.0013 144 -34 478 320
C3 0.0013 200 26 525 362
D1 0.0013 -1 31 384 279
C3 0.0012 11 49 369 356
R0 0.0011 2 61 450 386
Q0 0.0011 6 -3 501 253
Q0 0.0010 176 -7 513 365
B0 0.0010 2 -8 292 383
C3 0.0010 142 -18 558 395
