B0 0.1736 85 22 146 233
B0 0.0940 90 -12 145 194
P0 0.0702 83 21 147 250
M0 0.0541 86 0 147 223
P0 0.0224 89 78 144 228
N0 0.0196 83 0 148 221
D1 0.0162 81 19 146 254
B3 0.0118 85 64 145 231
E3 0.0084 79 -1 155 222
P0 0.0064 82 -22 148 199
D1 0.0051 79 -15 133 274
Q0 0.0048 157 40 225 194
R0 0.0046 155 4 225 209
D1 0.0037 82 25 128 238
B0 0.0035 91 -4 143 138
P0 0.0025 80 -44 137 271
Q0 0.0017 -5 -2 105 225
B1 0.0013 84 20 113 242
M0 0.0012 90 -12 144 142
C3 0.0011 84 5 154 228
P0 0.0011 84 34 128 244
D1 0.0010 81 -19 108 278
