D1 0.2224 160 109 502 245
B0 0.1960 174 105 497 296
G3 0.1121 177 110 508 333
K0 0.0820 180 100 498 306
L0 0.0589 176 108 509 333
P0 0.0503 173 105 494 292
B1 0.0466 201 102 500 307
D1 0.0436 153 99 512 198
B2 0.0157 168 102 480 301
R0 0.0074 150 104 512 378
C1 0.0060 140 103 501 332
C1 0.0060 -3 85 526 364
B0 0.0044 177 123 517 366
Q0 0.0044 31 271 253 453
D1 0.0042 445 201 512 333
B0 0.0033 18 91 520 345
R0 0.0032 -9 85 528 381
L0 0.0032 183 34 509 225
G3 0.0021 350 285 368 336
F2 0.0019 219 112 506 201
E3 0.0018 -12 73 521 368
Q0 0.0016 28 213 216 473
G3 0.0016 14 71 524 349
B1 0.0016 445 196 512 334
R0 0.0016 37 174 516 395
G3 0.0015 425 -45 484 28
R0 0.0015 13 264 528 446
E3 0.0015 245 334 495 445
Q0 0.0015 22 277 345 439
K0 0.0014 226 151 494 307
Q0 0.0014 -32 265 515 472
F2 0.0013 215 103 506 294
F3 0.0011 33 92 227 298
G0 0.0010 438 276 508 484
B0 0.0010 417 140 514 331
R0 0.0010 117 280 509 418
B0 0.0010 168 -30 514 340
