B0 0.3683 200 112 354 224
D0 0.3318 200 113 353 221
B1 0.2935 201 113 354 223
D0 0.1855 150 240 288 346
B1 0.1568 150 240 288 347
O0 0.1518 200 113 354 223
B3 0.0605 150 240 286 346
B0 0.0504 107 100 356 348
B3 0.0370 198 113 355 226
D1 0.0351 148 239 288 348
R0 0.0262 55 95 508 384
C0 0.0216 201 107 465 255
Q0 0.0166 106 106 502 382
C0 0.0164 205 111 363 225
E3 0.0144 43 102 506 384
C0 0.0132 150 239 290 345
D1 0.0127 83 90 561 397
A0 0.0123 45 99 507 384
B0 0.0122 40 93 516 384
C0 0.0122 78 85 537 393
N0 0.0120 155 243 284 335
M0 0.0119 51 96 516 385
K0 0.0118 110 103 228 288
K0 0.0116 111 92 323 365
B3 0.0109 110 100 330 364
O0 0.0096 38 98 519 383
D1 0.0071 154 106 503 337
Q0 0.0061 45 -19 509 372
D1 0.0053 189 100 492 271
B1 0.0051 82 107 561 412
K0 0.0048 109 99 288 306
C3 0.0048 113 107 388 361
H3 0.0046 13 -16 516 384
B0 0.0040 7 -41 516 388
N0 0.0038 242 130 347 215
B1 0.0037 201 133 506 388
B0 0.0037 215 140 505 383
P0 0.0036 179 115 524 388
B3 0.0035 145 90 372 321
N0 0.0033 111 111 504 379
C3 0.0031 88 84 447 392
Q0 0.0031 396 52 513 301
R0 0.0026 1 -43 509 386
D1 0.0025 136 185 290 341
C0 0.0025 207 140 504 393
C0 0.0019 136 82 386 351
B0 0.0019 173 101 527 307
Q0 0.0017 79 -64 388 0
Q0 0.0017 479 56 512 293
H3 0.0017 197 108 348 231
N0 0.0016 201 126 373 218
C0 0.0016 153 233 355 361
P0 0.0016 111 84 253 344
D1 0.0015 123 197 466 391
K0 0.0015 116 187 298 353
H3 0.0014 126 82 376 324
B3 0.0012 93 139 528 415
C0 0.0012 180 122 372 247
N0 0.0011 206 112 323 211
P0 0.0010 261 30 284 81
