B0 0.3665 20 68 398 214
P0 0.2199 -6 68 414 213
B1 0.1782 36 63 455 208
D1 0.1583 118 34 517 197
B1 0.1572 185 38 511 198
B0 0.1556 120 35 526 198
M0 0.1343 1 37 510 208
N0 0.1164 0 40 511 208
B3 0.0726 31 65 440 214
B1 0.0381 120 59 418 196
B1 0.0368 -9 53 564 197
B0 0.0329 -26 57 534 200
B0 0.0177 0 17 508 276
H3 0.0087 0 0 514 378
R0 0.0062 309 171 519 394
B3 0.0046 165 59 377 196
M0 0.0040 3 0 513 338
C0 0.0035 262 38 507 197
Q0 0.0028 6 238 229 404
Q0 0.0027 18 217 222 473
C0 0.0024 342 46 506 197
E2 0.0024 301 159 519 386
B0 0.0021 0 73 277 208
J0 0.0018 297 166 522 395
C0 0.0016 354 95 503 191
H3 0.0012 327 43 508 198
R0 0.0011 2 -22 516 385
C3 0.0011 12 121 132 170
H3 0.0011 -1 -59 506 222
R0 0.0011 2 -55 514 141
C0 0.0011 0 127 27 358
Q0 0.0010 2 -54 495 97
