M0 0.0928 150 -5 338 379
B0 0.0688 155 -32 289 376
N0 0.0609 150 -3 337 378
P0 0.0601 150 -42 293 406
B0 0.0512 145 -43 329 424
B3 0.0192 253 -64 341 415
M0 0.0184 255 -68 343 421
B3 0.0167 133 8 332 390
P0 0.0158 131 -62 358 450
P0 0.0141 242 -81 338 432
C3 0.0125 411 195 512 377
B0 0.0122 256 -52 338 364
R0 0.0113 405 -13 511 250
B1 0.0103 410 3 512 282
B3 0.0079 407 27 512 307
P0 0.0068 174 -48 335 385
M0 0.0063 222 -110 385 458
K0 0.0057 410 198 511 377
P0 0.0057 257 -34 340 361
Q0 0.0051 392 -14 511 378
M0 0.0040 52 -16 476 386
R0 0.0038 392 -14 515 384
F0 0.0033 410 201 511 379
B3 0.0025 156 175 322 385
B0 0.0024 388 3 510 362
E3 0.0021 395 -16 510 268
I3 0.0019 154 169 322 383
R0 0.0016 308 -18 521 385
P0 0.0015 163 -19 284 320
Q0 0.0014 372 203 512 381
R0 0.0011 370 203 514 384
K0 0.0011 415 195 510 249
