A0 0.1209 1 -12 438 301
B1 0.0517 -27 -2 401 302
F2 0.0427 -5 -5 391 307
Q0 0.0334 0 -6 434 298
H3 0.0297 -3 -16 453 304
H3 0.0283 157 -4 447 290
C0 0.0251 0 31 394 307
E0 0.0180 -8 0 405 303
C3 0.0169 -8 18 421 311
H3 0.0098 -2 45 350 301
F2 0.0065 51 -11 379 236
L0 0.0041 -24 37 358 306
H3 0.0036 72 -15 391 261
N0 0.0027 0 -5 451 299
Q0 0.0022 2 240 259 415
R0 0.0022 -11 255 420 384
Q0 0.0021 224 284 508 389
F2 0.0021 0 77 302 292
C0 0.0021 6 101 345 303
K0 0.0020 163 11 450 303
Q0 0.0017 6 263 350 374
C0 0.0016 177 -12 446 315
R0 0.0016 0 118 505 388
Q0 0.0014 460 14 512 164
R0 0.0013 79 292 471 389
Q0 0.0011 0 208 208 391
Q0 0.0011 0 108 68 382
R0 0.0010 0 108 82 391
H3 0.0010 102 -60 396 333
R0 0.0010 278 239 489 382
