B0 0.3373 35 5 298 948
P0 0.1904 40 53 300 1010
M0 0.1054 34 68 302 1000
N0 0.0771 22 4 309 1005
M0 0.0109 50 -21 299 728
B3 0.0095 40 292 297 1037
P0 0.0068 45 -8 292 746
N0 0.0063 -1 642 37 1030
G3 0.0025 0 598 35 1036
G3 0.0024 -139 836 281 1015
N0 0.0021 -53 786 294 1015
M0 0.0018 -6 -11 66 1012
P0 0.0017 46 366 298 1016
E3 0.0015 0 894 306 1027
Q0 0.0015 -387 16 78 1010
N0 0.0014 0 507 36 1086
Q0 0.0014 250 3 677 1023
N0 0.0012 -110 708 256 1015
N0 0.0011 -313 -5 111 1025
M0 0.0011 -148 -25 74 1021
R0 0.0011 -362 -1 84 1014
E3 0.0011 25 847 326 1022
M0 0.0010 243 16 676 1027
