C0 0.2686 0 76 39 127
D0 0.2193 0 76 39 128
C2 0.1485 0 140 35 204
B0 0.1206 72 25 242 316
C0 0.1079 0 140 35 206
H3 0.1019 0 77 39 126
C3 0.0923 0 140 35 204
C2 0.0769 136 2 183 31
C0 0.0733 232 81 323 220
H3 0.0599 69 27 243 228
C3 0.0596 136 2 183 31
A0 0.0573 66 -30 244 322
K0 0.0541 0 138 35 209
H3 0.0420 68 -8 237 306
C3 0.0362 206 0 280 52
B3 0.0307 76 68 236 308
O0 0.0304 67 28 241 295
B1 0.0248 67 37 238 306
C0 0.0213 206 0 281 51
H3 0.0199 232 80 321 220
A0 0.0186 53 -59 281 368
B1 0.0163 231 81 322 225
A0 0.0163 71 64 236 309
B0 0.0148 108 0 208 32
C3 0.0147 234 47 282 62
C0 0.0147 236 84 320 179
C3 0.0143 -2 23 62 51
C0 0.0136 1 69 48 129
C0 0.0128 0 22 61 51
I3 0.0115 206 0 281 51
C0 0.0110 236 3 323 145
B3 0.0108 108 0 207 32
F0 0.0100 205 0 281 51
K0 0.0100 107 0 209 31
C2 0.0098 206 0 283 49
J0 0.0095 15 124 81 233
B0 0.0093 44 -51 321 369
P0 0.0089 108 0 208 32
O0 0.0087 206 0 280 51
C0 0.0076 208 -1 293 66
C0 0.0073 17 123 81 230
C0 0.0067 233 124 324 216
C2 0.0065 -1 23 62 51
D0 0.0065 16 123 80 232
B3 0.0063 206 0 280 52
N0 0.0059 105 0 211 35
B0 0.0058 53 23 336 289
C3 0.0057 299 160 325 203
C0 0.0056 0 59 71 131
K0 0.0055 205 0 281 50
M0 0.0054 62 26 245 302
C0 0.0049 237 52 322 156
H3 0.0048 204 0 325 55
H3 0.0048 54 -5 340 311
C0 0.0045 204 0 326 56
H3 0.0045 24 -54 364 367
C0 0.0045 3 57 62 157
B0 0.0044 205 0 281 50
C0 0.0040 303 1 324 143
C0 0.0036 238 47 320 104
R0 0.0035 5 9 325 394
R0 0.0034 0 25 83 237
R0 0.0031 70 145 243 395
C3 0.0031 124 0 209 30
N0 0.0030 66 28 242 291
H3 0.0030 72 141 241 396
H3 0.0030 16 121 81 225
C0 0.0030 299 50 323 204
H3 0.0029 0 22 62 53
G3 0.0029 307 55 322 132
R0 0.0029 73 198 326 399
B1 0.0029 205 0 280 50
C3 0.0029 15 123 81 234
Q0 0.0028 59 192 327 398
C2 0.0028 124 0 208 28
A0 0.0028 71 51 255 228
C3 0.0027 147 120 207 142
M0 0.0023 107 0 210 34
H3 0.0023 28 51 328 400
H3 0.0022 77 94 236 299
R0 0.0021 0 21 76 136
R0 0.0020 15 122 80 230
E0 0.0019 74 95 235 299
H3 0.0019 234 79 319 167
C0 0.0019 0 19 77 142
N0 0.0018 108 0 251 42
B0 0.0018 42 65 309 235
Q0 0.0018 51 30 294 273
H3 0.0018 236 16 323 112
C3 0.0018 235 51 280 75
H3 0.0018 59 -94 218 400
C0 0.0017 253 0 324 54
J0 0.0016 10 56 82 230
H3 0.0016 245 19 323 59
B0 0.0015 58 -50 221 372
Q0 0.0015 109 0 286 50
C0 0.0014 306 45 323 141
Q0 0.0014 57 52 327 397
C0 0.0014 1 13 84 77
A0 0.0014 71 58 324 279
B2 0.0014 148 123 206 142
C0 0.0013 1 24 82 236
N0 0.0013 94 1 214 46
C3 0.0012 232 125 322 221
H3 0.0011 75 28 234 154
H3 0.0011 236 6 324 202
H3 0.0011 12 178 328 396
C0 0.0011 0 91 23 117
C0 0.0011 0 78 38 94
B3 0.0010 117 0 288 53
B0 0.0010 134 0 285 48
C3 0.0010 236 57 276 74
C0 0.0010 261 20 324 55
