M0 0.1782 83 2 346 810
B0 0.1426 86 -31 340 767
N0 0.1401 75 0 349 804
B1 0.0700 72 65 347 895
C3 0.0294 173 147 278 246
P0 0.0224 86 -43 263 826
M0 0.0167 181 62 342 791
B3 0.0161 182 69 342 828
B0 0.0153 157 38 335 811
B3 0.0147 81 26 322 885
B3 0.0105 92 208 355 820
O0 0.0087 91 17 344 820
B1 0.0075 177 156 344 829
B1 0.0069 84 75 252 871
C2 0.0068 174 146 279 246
P0 0.0063 149 208 339 813
Q0 0.0045 5 631 411 814
P0 0.0044 81 -35 340 581
E3 0.0038 23 634 413 816
P0 0.0027 86 70 221 875
B0 0.0017 81 -10 333 514
B3 0.0013 91 135 220 862
C3 0.0012 175 94 275 249
M0 0.0011 84 -25 335 530
N0 0.0010 175 28 277 268
E3 0.0010 -119 671 429 820
