B0 0.0752 20 19 438 635
H3 0.0698 -17 10 453 641
B0 0.0446 43 50 422 462
B0 0.0256 63 155 412 665
O0 0.0235 13 54 420 618
M0 0.0202 11 56 420 617
R0 0.0080 285 0 492 247
H3 0.0075 32 44 381 595
C0 0.0053 25 55 409 666
B3 0.0046 77 254 394 630
C2 0.0039 18 0 108 63
Q0 0.0031 19 0 323 83
C3 0.0029 30 443 113 509
K0 0.0029 28 67 371 652
C0 0.0029 389 0 495 50
B2 0.0026 23 86 169 596
C2 0.0025 0 467 80 525
Q0 0.0023 71 -1 394 93
B0 0.0021 139 -74 436 718
C2 0.0020 96 0 144 73
E3 0.0019 0 124 144 611
R0 0.0019 125 0 304 75
E2 0.0019 19 0 108 61
J0 0.0018 19 0 108 67
I3 0.0018 20 0 108 63
Q0 0.0017 5 0 446 113
C3 0.0016 96 0 144 74
D2 0.0016 0 86 443 623
K0 0.0016 7 116 300 618
C0 0.0016 467 0 497 78
C3 0.0014 22 0 107 64
D2 0.0014 0 124 144 611
J0 0.0014 129 0 301 76
C3 0.0014 128 0 304 76
B2 0.0014 21 163 212 570
H3 0.0013 285 0 461 235
R0 0.0012 382 5 497 245
H3 0.0012 385 0 495 57
B2 0.0012 8 80 197 707
C3 0.0012 467 -1 497 42
H3 0.0012 284 0 497 104
B0 0.0012 287 4 497 235
K0 0.0011 -1 118 95 509
C3 0.0011 3 194 69 239
K0 0.0011 24 41 242 603
B1 0.0011 283 0 495 107
Q0 0.0011 282 0 496 237
N0 0.0011 5 76 441 621
B2 0.0010 1 457 85 524
B2 0.0010 96 0 143 72
Q0 0.0010 281 0 495 143
B2 0.0010 24 0 105 61
C0 0.0010 -61 125 3 450
