B0 0.2124 142 17 364 373
M0 0.0705 141 25 362 414
O0 0.0527 140 26 363 415
B3 0.0282 138 -15 369 449
N0 0.0189 134 27 363 413
Q0 0.0146 304 -1 512 324
N0 0.0051 45 6 464 431
M0 0.0043 42 9 476 439
R0 0.0042 0 304 510 442
H3 0.0034 3 307 511 441
D1 0.0030 217 411 498 445
B0 0.0029 138 -31 330 441
H3 0.0029 5 12 515 445
R0 0.0028 338 -33 511 396
A0 0.0025 338 -20 512 367
B0 0.0021 184 -38 366 469
Q0 0.0019 0 308 512 439
B0 0.0018 0 307 511 439
B0 0.0015 221 4 366 415
Q0 0.0012 215 374 520 434
F3 0.0011 211 401 516 448
Q0 0.0010 209 400 515 440
M0 0.0010 299 -2 516 338
Q0 0.0010 220 307 516 440
