O0 0.0960 18 28 266 357
L0 0.0349 28 32 246 257
I3 0.0348 33 39 256 267
H3 0.0276 33 29 251 260
Q0 0.0246 0 159 94 357
I3 0.0218 18 28 264 357
F0 0.0122 39 40 239 304
Q0 0.0110 19 26 266 354
R0 0.0063 0 155 96 360
E0 0.0059 39 57 237 325
B0 0.0059 29 53 244 284
I3 0.0039 88 49 262 299
Q0 0.0027 56 0 268 42
Q0 0.0022 0 124 272 357
E3 0.0021 4 302 269 358
R0 0.0019 -5 152 272 361
C3 0.0018 67 270 120 319
Q0 0.0018 75 3 217 26
E3 0.0017 84 297 272 358
C2 0.0015 180 207 224 251
F2 0.0015 43 76 240 387
B1 0.0015 45 120 246 377
Q0 0.0014 5 32 141 164
D2 0.0013 42 60 246 419
Q0 0.0013 65 307 272 359
L0 0.0012 52 1 234 41
B0 0.0012 52 74 245 390
Q0 0.0011 193 104 270 359
Q0 0.0011 -32 134 109 365
H3 0.0011 30 61 214 336
F0 0.0010 91 131 186 216
