K0 0.1728 231 -6 403 279
B0 0.1669 98 90 291 534
B0 0.0893 124 2 252 372
B0 0.0834 94 -33 240 432
K0 0.0326 234 -1 386 175
B0 0.0281 237 109 289 310
P0 0.0281 264 152 320 338
B0 0.0279 156 -3 271 367
M0 0.0269 96 -4 294 527
B0 0.0268 65 -34 277 538
N0 0.0252 272 160 316 266
K0 0.0226 242 -1 318 159
L0 0.0205 232 -14 395 332
P0 0.0198 154 -34 288 381
E3 0.0192 95 -2 294 531
N0 0.0178 95 -4 295 536
P0 0.0172 237 110 288 312
B0 0.0148 207 -43 288 369
E0 0.0146 232 -14 395 325
P0 0.0144 86 -54 236 465
B0 0.0143 262 156 318 339
B0 0.0136 230 -30 298 352
B1 0.0133 270 157 317 267
K0 0.0118 223 -13 296 346
M0 0.0115 260 156 320 340
B3 0.0093 260 155 321 340
K0 0.0091 162 -9 283 380
P0 0.0086 224 -22 385 361
P0 0.0086 200 25 284 343
G3 0.0074 274 159 315 266
N0 0.0067 238 109 288 289
G3 0.0065 180 150 214 320
C2 0.0064 272 161 316 265
P0 0.0061 131 -32 243 381
K0 0.0058 270 0 397 158
B2 0.0056 141 -11 220 406
B2 0.0051 169 0 250 373
K0 0.0050 229 -14 323 289
B1 0.0049 236 80 288 309
B0 0.0048 254 123 331 272
B0 0.0041 264 149 325 266
B3 0.0028 231 -18 386 356
R0 0.0026 -3 167 161 579
B2 0.0023 171 14 225 368
B1 0.0023 288 -2 395 159
G3 0.0021 186 115 213 302
Q0 0.0021 236 -2 397 320
K0 0.0020 298 -4 398 209
E0 0.0018 103 179 285 536
P0 0.0018 102 179 291 535
B0 0.0017 149 -20 294 438
B0 0.0017 235 -1 397 319
O0 0.0017 102 21 295 537
C2 0.0016 254 28 306 131
N0 0.0016 216 0 392 418
P0 0.0016 215 -38 293 367
E0 0.0015 118 4 264 553
B0 0.0012 248 -1 319 144
P0 0.0012 233 88 292 378
P0 0.0011 24 -61 265 528
N0 0.0010 256 24 307 127
P0 0.0010 99 76 231 575
