O0 0.0936 19 2 304 342
F2 0.0628 -12 0 278 270
F2 0.0342 -31 -47 312 318
B0 0.0141 19 -1 307 342
H3 0.0116 -1 -7 275 247
B0 0.0111 -15 -2 288 260
F2 0.0106 30 56 335 381
H3 0.0079 15 11 311 348
F2 0.0076 12 148 318 353
F2 0.0071 31 -116 320 418
B0 0.0068 133 22 306 273
B0 0.0068 22 -6 156 300
E0 0.0063 13 141 304 351
F2 0.0062 31 -3 272 126
F2 0.0050 -46 34 381 349
F2 0.0045 62 -18 305 292
H3 0.0042 81 -10 309 281
I3 0.0035 126 16 307 280
B0 0.0031 7 -18 233 298
B2 0.0030 22 -9 146 342
F2 0.0028 19 -10 164 339
P0 0.0026 22 6 147 325
F2 0.0023 48 186 281 343
P0 0.0018 8 -14 242 278
Q0 0.0018 141 270 315 356
F2 0.0016 79 107 305 354
F3 0.0015 2 332 267 358
F2 0.0015 136 0 303 319
C2 0.0015 148 21 214 63
P0 0.0013 125 -7 311 312
D0 0.0013 129 320 310 357
C3 0.0013 35 188 293 345
B0 0.0013 -6 329 321 359
F2 0.0012 9 15 207 310
H3 0.0011 22 -19 131 366
