B0 0.2873 108 85 350 1035
B0 0.2325 105 19 350 738
P0 0.1946 113 171 347 1028
P0 0.1208 109 -42 351 887
M0 0.1003 100 15 360 1003
N0 0.0738 95 17 365 998
B3 0.0295 115 276 347 1022
C2 0.0221 157 378 334 475
C3 0.0184 164 378 333 475
R0 0.0095 1 772 419 1023
Q0 0.0095 5 775 410 1020
C3 0.0073 189 743 270 843
C2 0.0051 188 743 269 842
B2 0.0022 189 742 269 841
O0 0.0019 119 440 342 996
C2 0.0015 170 25 280 124
E2 0.0015 1 753 429 1028
N0 0.0012 118 37 336 646
M0 0.0012 111 -31 351 697
Q0 0.0011 448 259 722 749
B2 0.0010 192 382 329 473
F3 0.0010 -41 781 379 1017
