B0 0.3651 83 87 408 302
B1 0.3192 87 85 424 321
B0 0.1965 114 106 470 340
G3 0.1003 76 84 509 384
D1 0.0962 91 110 488 375
L0 0.0435 73 82 513 385
B0 0.0420 72 83 516 386
B1 0.0414 11 106 461 342
B0 0.0341 113 102 324 298
C1 0.0327 71 81 515 385
D1 0.0160 76 112 343 330
B0 0.0136 75 87 337 257
F2 0.0126 113 190 472 374
R0 0.0096 66 108 516 391
D1 0.0086 190 150 521 381
O0 0.0078 393 302 505 383
R0 0.0072 -8 215 529 473
Q0 0.0040 51 237 208 455
F3 0.0036 172 357 484 445
R0 0.0035 41 322 513 455
Q0 0.0032 21 262 209 416
N0 0.0029 73 82 499 381
R0 0.0029 19 245 378 454
P0 0.0028 78 86 315 253
I3 0.0027 394 304 505 381
L0 0.0022 1 -46 66 133
G3 0.0020 160 326 518 448
L0 0.0017 110 69 448 314
D2 0.0016 90 237 164 381
F3 0.0016 142 381 452 437
B1 0.0014 392 305 506 381
Q0 0.0014 -10 193 239 509
K0 0.0013 191 204 522 388
C3 0.0012 490 350 512 383
K0 0.0012 0 273 13 389
C3 0.0012 390 299 506 382
B0 0.0011 0 -28 61 134
A3 0.0010 469 92 512 334
