B0 0.2531 89 180 564 864
O0 0.0591 91 135 552 829
P0 0.0536 104 198 568 856
E3 0.0296 91 135 552 827
C3 0.0218 72 918 181 1023
C2 0.0196 73 918 180 1023
E0 0.0105 107 240 548 841
K0 0.0085 74 919 181 1025
H0 0.0076 68 923 481 1023
C3 0.0068 381 947 488 1024
G3 0.0065 66 919 488 1021
C3 0.0064 119 260 553 835
B2 0.0057 69 919 482 1024
E3 0.0042 0 393 147 893
B2 0.0042 -1 391 144 885
K0 0.0039 105 147 369 888
C3 0.0037 30 615 135 651
K0 0.0035 105 287 310 825
K0 0.0028 102 268 434 838
C2 0.0027 381 949 489 1023
Q0 0.0026 54 134 556 828
G3 0.0021 105 940 612 1029
B3 0.0021 129 258 537 838
K0 0.0020 0 394 144 883
G3 0.0019 -187 915 456 1023
K0 0.0019 95 986 156 1023
E3 0.0018 9 5 594 432
C3 0.0017 98 278 383 846
E3 0.0012 26 622 578 1020
N0 0.0012 109 298 173 622
Q0 0.0011 1 4 593 435
C2 0.0011 1 347 112 417
K0 0.0011 117 940 480 1024
K0 0.0010 379 947 486 1026
C3 0.0010 0 347 112 418
B1 0.0010 734 692 805 981
B0 0.0010 244 146 551 863
