B0 0.2978 24 -5 145 438
M0 0.2304 -1 128 33 437
P0 0.1771 24 -4 147 458
B0 0.1090 0 148 32 434
P0 0.0993 0 132 34 444
M0 0.0827 21 4 146 437
N0 0.0592 21 0 149 455
N0 0.0356 0 123 33 456
C2 0.0200 5 0 43 35
B0 0.0151 21 -9 140 291
E1 0.0150 0 171 36 456
P0 0.0102 -8 121 32 396
B0 0.0090 29 117 146 479
N0 0.0083 0 275 32 409
C2 0.0082 162 30 192 59
M0 0.0081 26 127 146 472
M0 0.0064 22 -19 144 298
P0 0.0056 29 157 146 465
N0 0.0052 11 56 66 465
N0 0.0048 0 314 36 441
C2 0.0044 0 271 31 405
M0 0.0038 0 99 50 412
N0 0.0037 0 177 30 359
B3 0.0031 28 149 145 472
M0 0.0029 0 202 36 467
M0 0.0026 -2 44 40 454
P0 0.0019 -64 95 40 466
P0 0.0019 -11 168 36 457
N0 0.0018 0 226 31 382
P0 0.0017 23 -29 139 316
M0 0.0016 -14 126 39 462
P0 0.0015 -133 260 -60 506
B1 0.0014 -133 266 -78 479
N0 0.0014 -1 347 36 456
R0 0.0014 3 291 192 461
O0 0.0013 0 176 36 464
R0 0.0012 32 372 188 459
C2 0.0011 0 374 36 453
N0 0.0011 21 0 140 290
N0 0.0010 0 152 27 272
