B0 0.3205 135 37 513 682
M0 0.2052 128 0 500 667
C0 0.1575 -1 432 159 580
N0 0.1430 128 -4 501 659
B3 0.1037 131 71 503 678
P0 0.0735 132 51 506 673
H3 0.0541 327 22 527 179
E0 0.0419 328 21 526 177
C3 0.0367 -5 433 161 573
K0 0.0335 524 0 667 72
C2 0.0288 -2 433 159 569
R0 0.0271 0 0 247 373
H3 0.0270 -1 432 162 581
J0 0.0221 424 121 661 264
C2 0.0209 103 86 190 183
C3 0.0205 103 86 191 182
C3 0.0200 524 0 670 72
C3 0.0172 331 19 523 185
I3 0.0125 424 121 661 263
H3 0.0066 -4 63 774 1021
R0 0.0066 425 119 661 265
C3 0.0057 423 118 657 295
C2 0.0054 154 8 358 134
H3 0.0051 425 118 663 268
K0 0.0036 158 38 504 686
C3 0.0035 167 6 352 134
M0 0.0033 38 -8 683 925
Q0 0.0033 16 14 516 384
C0 0.0033 4 344 166 618
N0 0.0030 28 17 508 393
N0 0.0029 85 63 556 501
K0 0.0027 517 -2 666 106
E3 0.0027 0 810 765 1020
C2 0.0027 328 23 526 174
C3 0.0025 436 127 653 245
H3 0.0024 133 12 536 191
Q0 0.0023 -2 -20 751 1014
C3 0.0021 331 -8 553 273
Q0 0.0020 111 21 534 202
C0 0.0019 256 0 336 15
H3 0.0018 34 -6 214 362
G0 0.0017 1 4 230 370
K0 0.0017 514 0 772 80
Q0 0.0016 -1 2 226 368
H3 0.0016 309 2 637 286
E0 0.0016 93 88 197 302
C0 0.0015 475 -3 670 126
H3 0.0015 2 433 96 580
H3 0.0014 328 -12 625 117
K0 0.0014 258 0 337 16
Q0 0.0013 103 16 627 293
C2 0.0013 434 127 647 241
Q0 0.0013 291 9 658 255
G0 0.0012 7 11 524 376
M0 0.0012 525 2 770 99
C0 0.0011 525 0 700 130
H3 0.0011 1 309 190 619
P0 0.0011 129 -66 407 730
L0 0.0011 -2 424 146 589
C2 0.0011 0 221 141 362
C0 0.0010 0 207 156 368
C0 0.0010 522 0 768 84
C0 0.0010 451 200 627 302
H3 0.0010 119 367 646 947
C3 0.0010 239 0 339 20
C3 0.0010 0 213 146 365
