M0 0.1845 13 41 218 418
O0 0.0797 15 39 218 419
N0 0.0689 12 40 219 433
B0 0.0434 15 46 214 444
P0 0.0278 15 50 211 433
A0 0.0129 0 377 222 478
B0 0.0118 19 35 206 317
F0 0.0094 18 136 218 435
P0 0.0056 14 52 91 455
Q0 0.0054 3 359 251 474
C3 0.0053 0 420 18 454
A0 0.0052 15 135 215 433
H3 0.0044 2 360 219 477
C2 0.0041 88 191 114 236
E3 0.0040 -11 332 38 494
C3 0.0037 89 192 115 236
A3 0.0037 19 126 81 243
C2 0.0036 119 151 152 187
R0 0.0027 2 361 236 476
E3 0.0024 -107 7 23 471
N0 0.0021 34 42 198 352
K0 0.0019 0 364 222 478
B0 0.0018 10 362 216 478
C3 0.0018 18 125 81 244
B3 0.0018 13 104 92 440
K0 0.0017 19 126 80 243
E3 0.0016 0 359 349 473
N0 0.0016 25 288 84 408
C3 0.0015 9 391 219 476
C3 0.0012 0 347 18 406
E3 0.0012 0 294 16 432
B2 0.0010 88 191 115 237
F0 0.0010 19 382 215 478
