E3 0.2300 198 -7 859 988
M0 0.0431 163 -18 870 993
A3 0.0381 185 25 842 870
G3 0.0126 100 462 865 1000
D2 0.0121 148 59 890 955
B0 0.0117 197 -84 853 861
D2 0.0067 98 458 869 999
E0 0.0060 97 455 871 996
H3 0.0057 31 -34 939 1015
P0 0.0052 186 -75 858 887
J0 0.0052 758 821 1023 1000
C2 0.0050 -2 880 136 999
A3 0.0044 178 225 835 1004
C3 0.0042 196 82 794 944
J0 0.0042 -1 876 135 1005
A0 0.0042 180 239 825 996
H3 0.0040 99 444 907 1005
Q0 0.0038 100 492 863 996
D0 0.0036 749 820 1024 999
R0 0.0035 68 463 880 997
N0 0.0035 105 450 886 1003
E2 0.0030 161 181 789 973
R0 0.0027 749 822 1025 997
K0 0.0025 112 467 359 966
R0 0.0022 932 201 1023 586
C0 0.0022 932 201 1023 583
D2 0.0022 101 -60 927 1185
B0 0.0022 81 505 870 997
B2 0.0021 109 466 367 972
C3 0.0020 -8 877 137 1001
R0 0.0015 -1 877 136 1003
D0 0.0014 -4 803 1010 1017
C0 0.0014 -2 878 135 1002
C0 0.0013 2 161 179 656
C3 0.0012 177 382 835 986
E2 0.0012 -20 305 890 1025
Q0 0.0012 85 110 882 1017
A3 0.0011 108 466 357 948
D2 0.0011 104 462 371 978
D2 0.0010 754 -7 960 28
E3 0.0010 746 751 1031 1027
Q0 0.0010 33 808 1009 1015
B1 0.0010 934 193 1022 570
