I3 0.1164 73 47 224 306
B0 0.1137 73 50 225 293
I0 0.0561 71 48 237 318
O0 0.0441 70 47 249 317
B3 0.0158 75 58 214 336
I3 0.0156 208 141 263 256
D1 0.0145 0 -1 52 281
R0 0.0137 -3 296 300 399
B3 0.0122 -1 17 66 272
Q0 0.0107 -3 291 300 399
R0 0.0105 -2 0 63 282
B3 0.0103 0 -32 55 309
I3 0.0091 61 94 263 315
F0 0.0067 77 48 225 297
R0 0.0066 -2 -10 46 250
H3 0.0063 209 139 262 256
G0 0.0058 0 0 62 279
H3 0.0058 71 124 264 320
R0 0.0041 23 326 298 400
C3 0.0041 81 128 264 320
Q0 0.0034 68 48 219 316
H3 0.0033 73 37 210 341
R0 0.0032 42 1 200 236
Q0 0.0028 72 324 301 399
Q0 0.0023 -2 226 302 393
B3 0.0022 73 91 265 324
R0 0.0020 -1 -76 48 313
G0 0.0020 45 1 196 215
Q0 0.0018 -1 0 61 277
H3 0.0016 75 52 258 304
B3 0.0015 202 134 263 270
B3 0.0014 -1 -81 67 356
R0 0.0014 66 43 268 331
Q0 0.0013 44 3 197 215
R0 0.0012 193 332 300 399
B0 0.0010 46 30 252 334
C2 0.0010 214 138 261 243
B3 0.0010 17 -43 72 312
