M0 0.2742 71 17 376 555
N0 0.1938 70 16 376 553
D1 0.0932 115 76 320 581
D1 0.0884 59 16 343 623
B0 0.0604 69 5 363 456
D1 0.0316 19 -95 394 746
D1 0.0310 151 130 310 548
B0 0.0274 73 41 320 605
B2 0.0227 157 108 294 569
B2 0.0160 120 111 355 578
D1 0.0081 72 137 300 600
B2 0.0064 114 104 288 627
B2 0.0050 42 -84 370 628
C0 0.0041 73 156 304 592
P0 0.0029 72 -20 303 589
A0 0.0027 77 172 304 578
B2 0.0016 263 168 371 574
B0 0.0014 54 -82 381 602
D1 0.0012 120 63 392 636
H3 0.0011 71 63 276 641
B3 0.0010 66 -86 364 628
