B0 0.4650 189 34 837 535
B0 0.2359 213 108 997 601
M0 0.1652 175 -4 1025 632
N0 0.1468 182 -2 1024 627
B0 0.1109 212 16 768 389
D1 0.0636 222 110 995 648
B0 0.0394 425 119 1034 638
P0 0.0247 144 17 887 601
B1 0.0234 328 111 1049 658
N0 0.0229 206 -6 724 564
R0 0.0225 315 116 1028 652
B0 0.0209 254 45 757 299
O0 0.0140 186 20 1032 642
C3 0.0129 321 118 1041 652
B0 0.0104 180 -83 959 627
D1 0.0089 330 174 910 633
B3 0.0087 483 64 509 89
C0 0.0086 360 127 1040 655
N0 0.0054 197 3 572 354
P0 0.0051 155 -10 784 477
G3 0.0050 483 62 511 90
G3 0.0048 529 145 729 276
M0 0.0046 189 -3 752 570
C2 0.0045 483 62 511 91
N0 0.0042 208 20 483 314
C0 0.0032 520 134 749 270
M0 0.0030 186 17 573 416
N0 0.0028 532 144 729 264
B0 0.0026 441 94 786 341
B0 0.0026 511 131 746 275
N0 0.0019 172 -9 405 216
N0 0.0018 197 34 445 202
L0 0.0010 506 -125 527 -112
