I3 0.4192 105 204 515 605
B0 0.1879 98 205 513 598
I3 0.0600 20 33 357 281
D2 0.0276 10 32 353 283
H3 0.0250 20 29 357 289
C3 0.0236 69 100 136 176
C3 0.0203 110 0 267 62
J0 0.0167 19 33 356 279
Q0 0.0145 -1 266 538 1019
E3 0.0115 -2 261 534 1020
Q0 0.0114 -3 4 432 284
C2 0.0110 112 1 276 62
G0 0.0102 0 259 533 1027
D2 0.0086 2 261 533 1023
Q0 0.0074 407 -2 532 285
C3 0.0066 57 0 128 59
C3 0.0047 411 233 473 273
I3 0.0040 58 0 263 62
J0 0.0038 69 0 262 61
E3 0.0035 25 263 509 685
G3 0.0030 397 4 450 275
E2 0.0030 20 27 358 278
Q0 0.0029 61 266 480 602
C0 0.0028 401 0 535 286
N0 0.0027 402 6 451 276
R0 0.0018 419 0 536 125
R0 0.0016 109 0 263 62
C0 0.0016 404 8 474 286
R0 0.0016 401 0 535 286
C0 0.0015 104 -1 265 60
B2 0.0013 419 0 537 18
C0 0.0013 399 11 452 287
H3 0.0012 412 -1 532 278
E3 0.0012 416 7 536 295
K0 0.0011 401 10 457 288
C0 0.0010 257 -1 450 282
H3 0.0010 383 9 449 286
Q0 0.0010 -5 4 63 287
