B0 0.2273 109 52 270 473
C0 0.1180 122 30 272 260
P0 0.0677 110 65 267 449
L0 0.0609 119 30 273 258
E3 0.0526 104 32 275 447
K0 0.0453 113 9 282 493
M0 0.0379 98 45 283 595
B0 0.0297 95 235 278 611
K0 0.0220 129 31 273 260
E3 0.0164 88 30 286 596
O0 0.0159 102 43 284 594
P0 0.0139 102 -41 274 526
P0 0.0113 92 235 286 611
Q0 0.0098 96 26 285 599
C3 0.0080 102 489 265 596
K0 0.0062 158 57 272 305
N0 0.0058 93 18 291 596
R0 0.0057 159 457 416 606
K0 0.0051 97 264 274 600
C3 0.0049 102 422 273 594
C3 0.0049 99 255 274 606
C0 0.0046 132 29 254 205
C2 0.0037 131 493 237 575
E3 0.0030 151 189 179 239
C3 0.0028 121 123 167 181
C0 0.0024 149 47 203 161
R0 0.0020 43 2 317 493
B0 0.0020 121 34 271 327
C0 0.0020 141 32 244 124
C3 0.0020 133 494 248 575
D0 0.0019 167 481 401 600
K0 0.0018 158 26 288 384
K0 0.0016 96 153 292 632
C0 0.0014 168 40 245 153
K0 0.0014 126 -12 366 519
E3 0.0013 161 428 417 616
K0 0.0012 121 40 180 183
E3 0.0011 7 12 343 424
Q0 0.0011 157 445 412 607
C2 0.0011 262 578 339 607
L0 0.0010 191 458 381 609
C0 0.0010 124 35 195 186
C2 0.0010 148 31 241 56
