D2 0.4170 158 -1 428 207
C2 0.2569 158 -1 427 204
M0 0.1008 23 10 568 1011
B0 0.0614 16 156 549 962
A3 0.0433 154 -1 426 207
H0 0.0256 307 646 474 1026
N0 0.0202 32 -4 553 1007
E0 0.0178 11 372 524 1005
L0 0.0176 308 650 475 1026
C3 0.0172 159 -1 427 211
A0 0.0148 303 650 474 1028
B2 0.0135 158 -17 431 634
R0 0.0130 4 276 538 1045
E2 0.0120 157 -3 427 207
C3 0.0076 392 730 460 881
K0 0.0071 306 649 475 1028
O0 0.0044 31 179 573 1032
B2 0.0041 174 97 415 523
C3 0.0036 405 674 474 749
C3 0.0033 335 716 461 902
B0 0.0023 104 135 551 796
D2 0.0022 152 -11 429 556
E2 0.0022 22 368 510 1072
E2 0.0019 312 644 469 1026
P0 0.0018 153 -55 426 635
G3 0.0016 214 734 332 847
F2 0.0016 137 560 473 881
A3 0.0015 154 -13 430 563
E0 0.0015 152 -11 429 533
C0 0.0014 403 671 473 750
P0 0.0014 -88 248 -8 331
F2 0.0013 230 658 472 901
C0 0.0011 216 657 467 854
F2 0.0010 23 460 519 982
