M0 0.2356 60 11 329 503
N0 0.1323 59 7 327 514
B0 0.1291 50 39 323 521
C3 0.0528 -1 317 66 362
E0 0.0261 61 83 323 539
F0 0.0226 64 122 323 518
E0 0.0165 0 414 118 542
C3 0.0148 72 165 322 520
C2 0.0132 35 416 94 459
B0 0.0131 60 -4 326 393
E0 0.0129 -1 411 178 540
C2 0.0093 -1 446 93 528
K0 0.0075 -1 314 64 365
C3 0.0059 0 442 110 542
C2 0.0056 102 472 168 523
C3 0.0042 208 62 261 132
H3 0.0041 0 436 107 537
B0 0.0039 75 -73 330 607
E0 0.0028 79 219 320 513
C3 0.0025 104 473 167 523
N0 0.0025 85 21 261 328
E3 0.0021 2 423 328 542
C0 0.0019 0 283 79 425
N0 0.0017 92 39 262 248
C2 0.0014 0 195 37 237
N0 0.0014 80 67 261 200
C2 0.0013 0 324 62 363
B0 0.0013 124 -12 324 471
N0 0.0013 108 47 254 172
Q0 0.0013 -1 420 324 544
E3 0.0012 0 471 325 545
D2 0.0012 14 481 333 546
Q0 0.0012 -4 461 337 542
K0 0.0011 0 305 70 399
H3 0.0011 101 66 324 551
