M0 0.2812 41 25 233 498
B1 0.1649 36 -1 231 514
N0 0.1104 39 19 233 500
O0 0.0806 44 25 234 501
B0 0.0672 44 25 238 364
D1 0.0425 33 50 227 513
P0 0.0242 41 16 237 416
B0 0.0134 -20 -17 239 582
B1 0.0104 43 139 221 499
R0 0.0098 46 133 221 502
H3 0.0098 -6 -38 232 587
B3 0.0092 35 -3 241 412
A0 0.0064 49 160 220 503
B3 0.0049 93 22 192 105
P0 0.0042 7 -6 226 586
B1 0.0041 93 24 190 98
I3 0.0034 93 24 191 100
M0 0.0033 52 21 234 347
B3 0.0025 50 160 220 502
H3 0.0025 94 24 189 100
F0 0.0021 32 3 240 446
R0 0.0017 93 24 189 101
B1 0.0017 227 465 367 507
N0 0.0016 86 3 225 133
C2 0.0014 109 31 181 95
D0 0.0012 94 24 189 101
E2 0.0011 50 184 219 506
N0 0.0011 32 24 231 345
