B0 0.3773 212 45 433 480
M0 0.0323 207 38 430 479
P0 0.0299 213 45 435 484
C2 0.0277 48 -1 150 42
B2 0.0266 214 41 432 477
B3 0.0181 212 42 428 482
B2 0.0161 51 -1 147 44
R0 0.0083 4 371 683 517
O0 0.0063 211 41 436 477
Q0 0.0056 0 373 690 515
E2 0.0047 214 40 430 486
B2 0.0047 52 -1 211 45
N0 0.0030 212 42 433 465
E0 0.0027 217 74 426 478
C3 0.0026 654 -4 690 47
B2 0.0015 20 -5 150 73
R0 0.0015 347 -18 568 433
B2 0.0012 10 -64 149 48
B2 0.0011 44 -84 150 30
C2 0.0011 655 -3 690 45
B1 0.0010 645 -1 688 287
C3 0.0010 52 0 146 41
