B0 0.2425 114 -9 184 298
P0 0.1279 115 -9 183 275
M0 0.0897 113 26 186 304
N0 0.0541 111 2 187 291
P0 0.0426 117 70 186 295
B3 0.0205 117 71 186 294
N0 0.0134 47 1 233 285
M0 0.0105 100 -10 202 322
P0 0.0091 107 -42 188 345
R0 0.0072 47 -1 250 273
M0 0.0065 114 -2 186 219
R0 0.0061 180 4 269 252
Q0 0.0057 36 244 251 299
R0 0.0044 35 241 265 301
G0 0.0037 32 -1 273 268
Q0 0.0037 177 7 268 247
B0 0.0031 113 3 183 196
E2 0.0024 58 239 264 302
B3 0.0017 26 -22 112 268
B0 0.0014 0 2 34 105
G0 0.0012 -1 -8 41 302
Q0 0.0012 12 274 213 298
R0 0.0011 28 9 122 247
G0 0.0011 176 4 268 249
Q0 0.0011 -1 0 41 292
D1 0.0011 188 0 285 13
M0 0.0010 77 -3 244 297
F0 0.0010 30 242 270 300
