B0 0.3624 402 53 542 727
M0 0.1420 396 53 551 732
P0 0.1225 403 64 542 728
C2 0.0448 544 582 613 721
N0 0.0398 398 38 546 715
C3 0.0324 543 581 613 723
C3 0.0090 0 461 127 687
G3 0.0077 0 449 29 686
C3 0.0067 0 443 28 689
N0 0.0050 349 27 593 718
Q0 0.0034 0 466 412 740
G3 0.0031 544 583 612 721
C0 0.0031 0 457 124 685
P0 0.0030 539 578 617 726
B0 0.0029 540 579 616 725
C3 0.0029 833 591 999 751
C3 0.0025 329 638 354 657
C0 0.0024 0 155 42 676
E3 0.0024 16 -85 512 687
C3 0.0024 11 661 410 748
G3 0.0024 -14 574 1001 741
M0 0.0022 350 15 613 743
Q0 0.0022 -5 563 997 743
N0 0.0020 52 -3 759 715
L0 0.0019 -7 569 1002 744
G3 0.0019 838 -88 937 56
Q0 0.0019 0 640 419 745
J0 0.0018 4 656 426 750
D1 0.0017 6 658 421 750
Q0 0.0017 -4 568 420 731
G3 0.0017 -3 135 107 696
Q0 0.0016 273 -124 709 -26
C3 0.0016 0 585 128 684
R0 0.0015 -2 573 1005 742
G3 0.0015 734 557 999 761
C3 0.0015 318 696 415 747
B0 0.0014 0 579 1027 739
K0 0.0013 2 454 120 689
G0 0.0013 0 9 81 682
D0 0.0013 838 514 998 941
G3 0.0013 643 596 1000 754
N0 0.0012 297 24 710 724
C3 0.0012 0 622 127 684
F3 0.0012 -2 38 78 687
R0 0.0012 -29 -43 429 690
G3 0.0012 799 450 996 756
C3 0.0012 -2 652 130 684
M0 0.0011 141 -12 680 735
R0 0.0011 -79 -115 523 752
B3 0.0011 467 575 741 746
G3 0.0010 -2 378 129 688
G3 0.0010 852 508 1000 765
