B0 0.1539 131 12 306 587
M0 0.0960 128 54 316 613
N0 0.0703 124 54 315 614
P0 0.0587 133 29 311 705
B3 0.0206 124 73 311 715
N0 0.0169 42 45 399 616
B3 0.0054 -2 142 143 549
C3 0.0042 351 312 375 322
P0 0.0041 -1 148 123 547
B3 0.0038 -7 91 176 597
B0 0.0038 -3 -82 123 612
P0 0.0037 -4 -2 125 592
M0 0.0037 42 11 383 620
B3 0.0029 136 206 304 644
B3 0.0027 27 128 195 556
N0 0.0021 0 13 124 615
Q0 0.0018 -94 487 156 616
M0 0.0017 -1 13 138 616
N0 0.0014 -1 33 191 608
G0 0.0013 -72 494 145 613
R0 0.0012 6 489 440 619
B3 0.0012 -6 -25 132 612
P0 0.0011 -1 111 83 517
F2 0.0010 351 312 374 322
N0 0.0010 16 34 277 623
P0 0.0010 0 173 51 518
