B0 0.2025 80 28 255 647
M0 0.1201 80 2 262 605
E0 0.1070 -3 351 104 599
P0 0.0958 80 34 256 679
N0 0.0796 74 5 259 600
B0 0.0731 82 14 254 447
C3 0.0391 0 368 102 598
Q0 0.0286 308 264 481 619
Q0 0.0160 248 308 385 611
P0 0.0156 85 -5 256 490
Q0 0.0131 321 267 428 623
P0 0.0128 83 118 227 631
B3 0.0111 84 150 259 636
R0 0.0098 6 344 298 610
M0 0.0092 91 3 256 407
M0 0.0063 161 32 261 638
O0 0.0057 87 206 263 618
P0 0.0052 127 61 257 599
B0 0.0051 155 22 256 593
P0 0.0046 75 44 184 649
Q0 0.0036 263 242 507 669
G0 0.0033 10 337 296 608
Q0 0.0032 5 340 295 609
R0 0.0028 246 305 381 591
K0 0.0021 335 409 426 594
K0 0.0016 331 246 426 630
K0 0.0015 81 141 256 625
H3 0.0014 1 328 136 605
Q0 0.0013 -5 356 105 604
B3 0.0012 92 285 246 606
P0 0.0012 76 -68 232 580
C2 0.0011 126 397 197 557
N0 0.0011 16 -12 326 578
Q0 0.0011 214 3 385 301
M0 0.0010 127 -36 263 548
