B0 0.2986 63 133 477 250
B1 0.2538 88 134 466 248
D0 0.0687 76 138 469 245
D1 0.0433 96 133 459 247
C0 0.0334 138 137 454 253
B0 0.0311 28 139 393 239
N0 0.0228 44 129 452 247
M0 0.0174 43 132 455 247
P0 0.0122 40 138 407 246
H3 0.0067 168 129 455 259
K0 0.0041 43 158 306 229
Q0 0.0038 342 270 506 449
H3 0.0037 35 79 471 256
Q0 0.0036 10 285 225 380
B0 0.0034 43 156 332 237
G3 0.0026 58 159 190 216
P0 0.0025 45 153 324 242
R0 0.0022 34 -19 492 260
K0 0.0021 46 160 196 215
D1 0.0021 48 97 498 228
G0 0.0021 49 128 453 249
H3 0.0015 24 -21 502 275
G3 0.0014 351 191 384 203
H3 0.0014 16 86 516 356
Q0 0.0012 342 222 508 415
D1 0.0011 11 140 505 258
B0 0.0011 23 101 511 326
C3 0.0010 58 160 191 216
