M0 0.2604 6 2 531 1012
N0 0.0935 9 3 529 1003
B0 0.0533 25 -18 531 781
F0 0.0447 -23 105 552 958
B1 0.0379 47 112 537 995
B0 0.0333 72 265 511 993
H3 0.0302 53 270 514 991
B3 0.0191 87 262 531 1046
F0 0.0159 79 275 518 1037
P0 0.0157 -48 20 569 996
B1 0.0150 5 180 242 991
B0 0.0113 41 -5 540 499
O0 0.0087 16 31 534 1029
E2 0.0073 -87 62 584 1026
H3 0.0065 -72 79 574 1106
B1 0.0065 77 278 232 969
B3 0.0064 71 -16 539 938
C3 0.0056 4 359 508 1045
B0 0.0047 71 -139 544 981
C2 0.0045 0 -9 98 238
N0 0.0042 0 -25 97 243
C3 0.0042 467 584 526 722
C3 0.0040 89 -1 201 147
C3 0.0038 468 513 526 732
P0 0.0032 0 -98 526 803
E3 0.0027 -4 1 224 244
B1 0.0025 11 230 388 1001
M0 0.0024 39 -71 531 624
N0 0.0023 38 -2 523 698
Q0 0.0023 31 433 527 1014
B0 0.0022 32 354 523 825
E2 0.0020 203 0 425 127
C2 0.0018 414 2 527 114
N0 0.0015 467 474 525 762
C2 0.0013 88 2 202 143
R0 0.0013 10 787 505 1024
C3 0.0012 401 103 525 183
C3 0.0012 4 -22 93 254
C2 0.0010 399 101 525 184
K0 0.0010 0 -5 99 244
B3 0.0010 5 331 470 1001
N0 0.0010 0 1 448 247
N0 0.0010 66 7 518 492
