B0 0.2347 156 15 344 628
M0 0.0814 155 31 351 656
N0 0.0454 148 29 352 655
P0 0.0244 157 -2 326 672
M0 0.0073 178 12 346 515
N0 0.0033 94 26 435 654
B0 0.0031 166 36 340 434
M0 0.0023 110 2 393 671
E3 0.0022 105 541 523 664
F2 0.0020 -71 1 229 33
Q0 0.0020 -4 542 501 666
R0 0.0020 13 537 502 665
G3 0.0018 -85 585 375 663
Q0 0.0013 34 16 470 660
E3 0.0013 -81 539 388 666
P0 0.0013 159 117 266 678
B0 0.0012 -12 -144 257 709
F3 0.0011 58 580 568 669
R0 0.0011 -46 577 409 665
G0 0.0010 51 -1 433 49
M0 0.0010 218 64 349 685
