M0 0.2959 119 2 482 1002
N0 0.2027 115 0 482 1006
D2 0.1911 248 433 333 514
B0 0.1610 117 12 482 871
C2 0.0907 248 433 333 513
R0 0.0497 113 221 474 988
B1 0.0319 112 -27 484 993
B3 0.0283 81 26 501 1148
D1 0.0268 67 21 498 1141
P0 0.0259 110 18 474 907
D1 0.0246 107 178 476 1003
B0 0.0246 208 193 395 661
B2 0.0239 248 433 333 514
I3 0.0185 145 293 468 1007
R0 0.0141 1 835 608 1025
Q0 0.0117 3 833 607 1021
O0 0.0111 153 302 460 998
F0 0.0098 139 249 463 999
O0 0.0097 131 31 481 997
B3 0.0081 118 235 480 990
B1 0.0030 265 305 383 622
C2 0.0020 246 552 344 647
B0 0.0017 141 11 478 509
C2 0.0016 236 13 373 207
C2 0.0014 249 551 336 610
N0 0.0012 143 12 466 690
C2 0.0011 208 632 331 763
