B0 0.2278 2 33 219 486
E3 0.0925 -2 -1 223 566
M0 0.0734 0 -4 224 572
P0 0.0215 0 55 216 560
E0 0.0149 0 143 217 593
B0 0.0147 -1 112 216 595
C3 0.0070 0 138 213 584
B0 0.0065 4 -25 219 343
C2 0.0056 4 0 87 21
O0 0.0054 9 4 220 576
C3 0.0054 205 0 274 17
C2 0.0052 130 0 216 18
K0 0.0049 -9 39 215 576
R0 0.0035 143 10 277 260
C2 0.0027 78 0 137 19
P0 0.0025 70 -1 148 126
B0 0.0022 0 -132 227 598
B3 0.0021 -1 -20 196 657
M0 0.0020 3 0 215 27
C3 0.0020 5 0 83 20
Q0 0.0019 6 450 271 577
F3 0.0017 5 1 221 24
E3 0.0017 18 454 264 580
D0 0.0014 -45 484 278 579
Q0 0.0014 0 12 273 273
M0 0.0013 64 -1 150 124
C2 0.0013 69 2 140 122
Q0 0.0012 134 17 273 256
C3 0.0012 155 -1 279 18
B2 0.0011 78 0 138 18
