B0 0.3054 127 8 291 548
M0 0.1852 120 10 295 566
M0 0.1170 108 5 233 554
N0 0.1124 108 11 295 557
P0 0.0779 121 0 294 557
B0 0.0764 109 21 194 392
N0 0.0556 109 -1 223 385
M0 0.0337 107 17 203 405
C2 0.0213 179 23 242 84
P0 0.0178 109 -1 194 433
B0 0.0109 108 -30 220 412
M0 0.0074 139 1 290 430
B0 0.0071 126 163 285 604
P0 0.0064 125 160 287 603
B3 0.0044 127 167 286 600
Q0 0.0042 -14 384 176 581
N0 0.0041 21 -6 245 567
M0 0.0036 82 -8 355 590
R0 0.0019 -7 383 440 574
Q0 0.0018 -9 388 440 573
E3 0.0015 -7 387 434 573
B3 0.0015 126 -15 314 674
M0 0.0011 8 -10 267 571
B2 0.0011 182 24 239 74
N0 0.0011 65 -2 383 572
N0 0.0010 115 189 145 393
C2 0.0010 181 41 239 92
