M0 0.2627 10 0 175 404
N0 0.1382 8 1 175 403
B1 0.1147 18 153 170 376
B0 0.0549 16 30 174 403
F0 0.0438 5 184 171 402
P0 0.0394 62 3 130 223
M0 0.0388 64 3 125 190
B0 0.0331 13 183 175 398
B3 0.0210 11 186 171 409
B0 0.0171 65 5 122 187
B1 0.0160 16 66 173 399
O0 0.0158 17 128 173 403
P0 0.0131 47 -11 143 283
P0 0.0103 67 1 121 171
B3 0.0093 57 7 137 243
N0 0.0074 58 4 133 205
C2 0.0072 102 240 155 301
C3 0.0066 103 240 155 302
M0 0.0065 66 0 122 137
B0 0.0050 23 79 159 279
P0 0.0048 18 -74 156 362
N0 0.0047 45 -2 150 323
B0 0.0033 67 0 120 133
C3 0.0021 124 384 168 409
B3 0.0018 32 -63 151 351
P0 0.0015 71 0 121 101
P0 0.0014 18 143 168 384
C2 0.0014 82 171 133 194
F3 0.0013 34 0 197 32
N0 0.0012 68 61 121 130
M0 0.0011 87 10 128 220
I0 0.0011 149 50 160 67
N0 0.0010 71 1 117 73
Q0 0.0010 -101 132 -62 304
