B0 0.3424 146 92 430 388
G3 0.0860 151 74 492 384
P0 0.0721 145 80 428 406
K0 0.0422 334 230 478 380
B0 0.0372 210 164 484 383
K0 0.0353 212 176 484 382
B0 0.0168 149 75 414 301
N0 0.0142 148 75 408 381
K0 0.0124 175 131 415 387
K0 0.0058 257 193 412 380
Q0 0.0057 4 319 236 377
F3 0.0044 81 194 96 210
P0 0.0043 145 85 354 369
G3 0.0039 105 28 434 371
Q0 0.0038 153 79 480 382
R0 0.0037 18 309 245 376
Q0 0.0034 52 242 204 371
C3 0.0034 319 315 373 367
R0 0.0026 4 83 128 266
C3 0.0019 343 291 462 386
Q0 0.0019 126 -59 384 10
O0 0.0017 151 101 487 386
Q0 0.0016 -2 298 247 414
R0 0.0015 68 263 208 362
L0 0.0014 148 63 430 318
G3 0.0012 50 11 377 298
C1 0.0012 14 158 156 303
K0 0.0011 301 310 378 383
P0 0.0011 337 269 479 383
F3 0.0010 1 141 136 324
F3 0.0010 37 181 91 229
