E0 0.0717 155 35 802 662
I0 0.0603 240 29 767 724
O0 0.0394 238 30 768 723
I3 0.0332 215 31 789 592
F0 0.0214 195 22 794 570
B1 0.0144 292 380 443 552
I3 0.0143 224 137 733 679
C3 0.0127 303 324 366 403
F0 0.0117 244 80 735 695
O0 0.0113 295 378 443 547
C2 0.0107 303 324 366 403
B0 0.0096 240 30 771 728
I3 0.0095 294 378 443 550
C3 0.0094 529 571 603 649
Q0 0.0057 241 27 781 705
C2 0.0052 529 571 603 646
C2 0.0045 616 464 728 624
E2 0.0044 195 1 796 535
B3 0.0034 294 375 442 552
F0 0.0029 283 250 639 678
E0 0.0022 220 5 645 666
B1 0.0019 268 257 647 689
C2 0.0018 620 502 711 625
C3 0.0017 354 374 601 661
C3 0.0017 201 32 787 334
H3 0.0017 296 372 445 550
D2 0.0016 618 469 728 626
C3 0.0015 186 -5 802 461
H3 0.0015 215 86 643 701
C2 0.0013 680 304 746 511
C0 0.0012 216 53 671 699
C3 0.0011 621 496 714 627
G3 0.0011 273 396 344 562
H3 0.0011 261 247 507 580
N0 0.0010 274 389 347 565
C0 0.0010 247 159 402 585
