B0 0.0852 166 673 677 996
E3 0.0754 103 -8 689 999
B0 0.0592 70 15 694 801
L0 0.0490 166 553 656 965
A2 0.0246 180 563 570 874
B2 0.0221 174 689 679 995
P0 0.0145 162 663 675 997
B0 0.0125 12 175 733 946
R0 0.0122 69 155 689 946
A0 0.0114 50 208 693 931
A2 0.0085 126 352 679 920
E0 0.0080 0 159 748 954
B0 0.0080 109 -2 712 564
P0 0.0074 75 -20 699 882
C2 0.0054 318 404 444 499
A2 0.0049 57 217 708 983
E2 0.0048 72 39 691 975
B2 0.0046 26 186 725 992
N0 0.0032 85 -5 702 989
B2 0.0025 86 -38 692 937
C2 0.0025 345 407 430 461
B2 0.0023 324 404 447 497
D2 0.0020 347 406 430 462
B2 0.0019 345 401 430 462
B3 0.0017 77 166 740 1003
C3 0.0016 168 701 676 996
B0 0.0015 141 -72 718 1109
D2 0.0014 335 404 444 480
P0 0.0012 103 211 736 1040
L0 0.0010 163 341 684 995
