M0 0.1662 33 0 265 402
D2 0.1390 27 5 264 326
O0 0.0888 32 -1 268 402
C2 0.0338 28 3 261 370
N0 0.0280 30 -2 266 401
B0 0.0227 36 70 258 410
E2 0.0198 28 3 257 391
P0 0.0112 25 64 252 417
D2 0.0111 43 66 257 411
Q0 0.0098 30 4 269 393
C2 0.0090 213 51 252 84
C3 0.0085 213 14 288 47
B0 0.0077 28 -27 270 292
C3 0.0065 255 11 289 34
C3 0.0062 -1 207 53 249
C3 0.0045 220 271 274 303
C3 0.0044 212 12 289 63
Q0 0.0044 7 60 279 272
E3 0.0041 213 52 290 301
B3 0.0040 39 120 242 412
C2 0.0037 0 92 45 170
C3 0.0034 241 40 288 82
O0 0.0033 213 58 290 303
C3 0.0031 213 9 288 89
C3 0.0029 257 109 289 146
B0 0.0028 8 54 280 333
B3 0.0026 22 21 227 430
C3 0.0026 269 10 289 29
C3 0.0025 248 80 289 99
H3 0.0018 17 12 280 407
C3 0.0018 -1 90 47 241
C2 0.0017 257 109 289 146
H3 0.0016 0 90 58 252
B0 0.0016 20 -7 231 448
E3 0.0015 206 8 289 119
E0 0.0015 213 51 259 112
C3 0.0015 0 174 52 249
F3 0.0015 88 329 300 422
N0 0.0013 205 50 290 303
M0 0.0013 211 57 290 299
C3 0.0013 0 176 45 229
C3 0.0013 0 92 44 170
N0 0.0012 10 0 282 291
J0 0.0012 240 40 288 83
Q0 0.0012 42 324 280 420
C3 0.0012 184 0 289 56
J0 0.0012 242 38 287 116
F3 0.0012 60 348 328 426
C0 0.0012 219 0 289 15
E0 0.0011 214 36 289 120
C0 0.0011 241 40 288 117
C2 0.0011 0 95 44 144
C0 0.0010 182 0 289 56
G3 0.0010 220 271 271 303
C3 0.0010 253 95 289 114
B0 0.0010 -3 89 58 385
C3 0.0010 215 0 287 35
C3 0.0010 243 64 288 81
