C0 0.0786 141 -24 405 302
B0 0.0607 133 -22 404 294
R0 0.0501 126 -5 421 308
L0 0.0402 128 -3 420 309
C1 0.0344 126 -3 424 311
B1 0.0258 134 -31 402 298
Q0 0.0254 -4 245 457 472
E3 0.0241 -3 258 445 438
R0 0.0187 1 225 199 393
Q0 0.0158 -2 219 243 487
R0 0.0146 0 148 190 385
G3 0.0132 127 -5 422 309
R0 0.0130 0 172 222 439
Q0 0.0122 1 263 204 387
F2 0.0117 141 -1 383 148
C3 0.0093 0 352 33 384
C0 0.0089 226 8 420 305
E3 0.0084 4 206 273 461
K0 0.0084 184 14 421 315
R0 0.0079 -2 248 220 462
R0 0.0072 2 268 178 378
B2 0.0071 285 -1 381 140
F2 0.0070 141 -3 390 221
C3 0.0061 134 41 421 314
O0 0.0058 124 -2 428 311
B0 0.0056 208 -46 423 312
B1 0.0048 284 -1 381 141
C1 0.0041 126 -3 388 144
L0 0.0041 140 -4 382 235
E3 0.0026 -7 220 463 492
C0 0.0026 284 -1 383 143
G0 0.0024 126 0 384 140
R0 0.0023 29 -13 484 370
R0 0.0023 -1 15 192 382
F3 0.0022 2 222 69 486
B0 0.0020 126 0 382 146
B1 0.0019 195 -59 424 312
C1 0.0018 2 -5 466 329
C0 0.0018 0 328 34 384
F2 0.0017 284 -2 379 140
C0 0.0017 0 332 47 435
E3 0.0017 106 288 453 453
F3 0.0016 -1 165 137 548
R0 0.0016 0 165 137 453
K0 0.0016 284 -2 384 142
R0 0.0016 6 87 115 415
Q0 0.0015 97 315 428 452
B0 0.0014 270 46 286 67
C2 0.0014 0 352 33 384
R0 0.0014 13 96 211 365
E3 0.0013 -14 176 480 423
B2 0.0012 242 -2 376 142
G3 0.0010 2 202 69 424
C0 0.0010 0 295 31 385
E3 0.0010 0 150 342 420
