B0 0.5435 55 156 434 314
B0 0.3190 68 151 530 342
P0 0.3097 -1 152 543 328
M0 0.1815 19 156 510 340
N0 0.1345 19 157 514 339
B0 0.0705 9 163 343 307
P0 0.0629 14 164 335 307
K0 0.0535 131 152 520 342
B0 0.0383 110 153 500 280
D1 0.0171 78 181 539 347
P0 0.0118 59 176 528 377
N0 0.0105 13 34 509 375
B0 0.0072 10 139 465 284
D1 0.0036 111 204 526 387
N0 0.0027 10 182 145 251
R0 0.0025 9 -36 508 405
D1 0.0024 181 183 509 295
D1 0.0024 40 178 566 415
D1 0.0020 112 152 537 237
R0 0.0019 1 246 512 404
N0 0.0018 68 181 205 257
N0 0.0012 29 180 361 310
G3 0.0011 86 192 194 260
B0 0.0010 23 181 300 267
A0 0.0010 -9 -22 525 296
P0 0.0010 -41 130 586 433
