D1 0.3469 183 57 463 266
R0 0.1030 1 56 510 353
B3 0.0979 184 54 482 268
B1 0.0743 177 58 489 258
Q0 0.0729 1 64 510 307
B0 0.0674 172 57 474 260
G0 0.0549 0 61 502 296
G0 0.0363 190 59 491 266
N0 0.0301 193 61 493 265
I0 0.0071 176 58 501 269
C3 0.0065 1 102 228 296
D1 0.0062 1 103 223 295
F2 0.0058 -1 104 232 286
D1 0.0056 -42 86 432 297
R0 0.0040 0 126 507 405
C3 0.0034 47 276 91 298
N0 0.0030 3 34 504 286
B2 0.0027 47 276 91 298
R0 0.0024 -2 81 448 295
R0 0.0022 -8 217 511 503
N0 0.0018 412 81 479 192
Q0 0.0018 231 281 521 450
Q0 0.0018 -7 219 515 438
C2 0.0015 495 361 512 384
Q0 0.0012 4 102 300 276
C3 0.0011 413 80 479 189
J0 0.0011 188 76 433 271
Q0 0.0011 4 263 453 428
K0 0.0010 410 71 483 221
