B0 0.5046 112 113 376 273
P0 0.1602 112 110 382 273
K0 0.0268 114 117 369 277
N0 0.0174 112 112 383 273
G3 0.0164 116 111 379 269
M0 0.0107 116 111 380 273
O0 0.0102 118 112 380 273
G3 0.0097 152 163 307 250
K0 0.0037 122 153 301 274
G3 0.0036 169 163 283 237
C2 0.0024 119 197 164 268
L0 0.0023 115 76 374 254
G3 0.0022 120 152 328 247
N0 0.0020 156 161 301 258
C3 0.0020 116 147 331 278
B0 0.0018 87 105 425 327
K0 0.0014 216 114 374 230
H3 0.0014 8 1 487 373
F2 0.0014 113 118 379 293
N0 0.0013 17 11 474 361
Q0 0.0011 23 291 226 378
