B0 0.3909 143 0 289 234
R0 0.0829 -1 -23 511 387
B3 0.0769 141 2 287 233
P0 0.0525 143 3 284 234
M0 0.0477 142 1 289 234
H3 0.0137 0 -10 511 385
N0 0.0074 48 -4 373 311
Q0 0.0074 1 -13 487 363
O0 0.0067 149 27 287 231
B3 0.0056 148 -4 344 246
C0 0.0050 165 -7 359 254
N0 0.0049 100 0 313 247
Q0 0.0040 -2 215 225 398
H3 0.0029 166 -3 356 231
Q0 0.0026 5 260 227 454
Q0 0.0018 146 -19 522 390
R0 0.0016 182 -5 360 221
P0 0.0015 142 0 234 227
Q0 0.0014 184 8 524 299
Q0 0.0013 107 -1 415 265
Q0 0.0011 301 -12 512 323
Q0 0.0010 313 2 510 215
