B0 0.1322 96 50 358 292
B1 0.1251 102 57 354 297
A0 0.0544 66 1 516 376
N0 0.0343 68 1 513 381
B0 0.0222 66 -5 515 380
H3 0.0211 67 0 513 382
H3 0.0196 269 142 441 354
B0 0.0173 168 66 473 379
H3 0.0167 188 74 462 377
Q0 0.0137 66 4 509 376
K0 0.0113 280 145 502 382
H3 0.0077 275 121 499 385
B1 0.0066 60 33 385 348
B0 0.0049 71 7 383 342
C0 0.0047 158 58 474 352
N0 0.0046 72 8 379 334
B0 0.0046 67 6 374 222
B0 0.0044 278 101 508 394
B1 0.0042 171 75 352 307
H3 0.0039 255 47 525 406
B1 0.0037 129 87 332 268
B0 0.0036 250 12 531 415
K0 0.0033 278 170 440 359
R0 0.0024 11 147 288 384
H3 0.0020 74 38 311 305
O0 0.0019 69 9 367 324
H3 0.0017 133 48 383 294
B0 0.0016 226 23 491 340
H3 0.0015 82 81 380 328
B0 0.0014 70 8 267 274
R0 0.0013 149 12 454 262
E0 0.0012 72 12 199 167
B1 0.0011 196 134 343 283
H3 0.0011 125 88 487 429
B3 0.0010 26 23 368 349
