B0 0.1568 118 96 441 274
K0 0.0997 394 67 463 293
B0 0.0713 67 78 465 192
B0 0.0660 59 62 467 246
B1 0.0643 158 61 485 302
B0 0.0519 181 68 465 299
B1 0.0407 45 65 542 297
P0 0.0356 62 73 443 255
B0 0.0230 83 45 507 296
E0 0.0170 77 95 506 302
P0 0.0165 111 103 420 279
C3 0.0127 397 122 457 292
R0 0.0116 52 77 472 297
K0 0.0110 97 104 474 303
O0 0.0097 53 72 472 297
P0 0.0090 64 102 302 250
C3 0.0083 119 109 265 240
Q0 0.0083 52 83 480 296
B1 0.0082 362 66 464 295
B0 0.0067 384 62 464 287
B3 0.0061 198 64 460 298
P0 0.0055 123 114 262 238
C3 0.0037 77 105 305 254
D1 0.0037 110 47 490 257
D1 0.0033 75 74 486 167
P0 0.0031 36 74 456 200
B0 0.0030 36 41 502 166
B3 0.0025 38 81 540 324
B0 0.0024 325 65 464 297
D1 0.0024 44 67 552 203
C3 0.0022 71 106 432 293
Q0 0.0021 52 -24 475 301
D1 0.0020 170 71 474 195
H3 0.0019 50 -15 477 291
K0 0.0018 352 86 462 299
B1 0.0017 391 56 464 280
N0 0.0014 395 131 454 289
C2 0.0013 397 130 455 273
I3 0.0012 136 118 264 235
P0 0.0012 449 156 511 487
C2 0.0011 57 130 105 171
C0 0.0010 82 126 473 328
D1 0.0010 102 125 444 380
Q0 0.0010 21 270 229 455
