B0 0.2537 233 -55 433 430
M0 0.1095 233 -6 445 380
B0 0.0897 241 -4 441 308
N0 0.0805 231 -3 447 380
P0 0.0370 234 -103 388 458
B0 0.0186 203 -28 370 420
P0 0.0136 239 -10 432 329
E0 0.0116 230 20 424 398
Q0 0.0074 -1 -6 511 382
N0 0.0059 43 -6 495 378
B0 0.0040 311 -11 441 301
H3 0.0037 5 -14 513 381
B3 0.0029 311 -21 441 337
B1 0.0027 320 -5 444 282
K0 0.0026 276 -55 439 423
Q0 0.0026 -2 -2 323 377
Q0 0.0023 327 -3 516 382
B0 0.0023 74 -17 490 388
Q0 0.0018 230 -7 489 382
B0 0.0017 150 -67 401 457
B3 0.0015 282 -6 460 384
B0 0.0015 276 -29 457 404
B0 0.0013 50 -69 213 337
A3 0.0012 457 -33 510 366
A3 0.0011 471 0 512 320
L0 0.0010 256 420 265 430
