B1 0.4035 -2 62 376 232
D1 0.1424 -32 27 384 240
L0 0.0713 3 69 354 267
D1 0.0700 6 55 297 252
B0 0.0579 0 69 356 269
Q0 0.0356 207 234 354 307
B1 0.0327 12 86 303 268
B0 0.0132 22 55 390 223
B1 0.0131 -3 -5 383 252
D1 0.0105 -107 -34 410 307
K0 0.0097 7 143 134 260
H3 0.0080 0 -18 358 271
D1 0.0067 25 87 372 260
N0 0.0057 5 22 354 258
Q0 0.0052 173 222 360 322
Q0 0.0043 211 184 356 324
R0 0.0034 199 232 352 303
Q0 0.0029 -1 -26 358 179
B1 0.0021 124 70 361 221
R0 0.0020 10 202 357 347
D1 0.0019 -29 -14 312 282
Q0 0.0016 9 -10 157 116
C0 0.0016 25 -10 362 243
R0 0.0016 0 105 363 329
L0 0.0015 19 -13 360 244
C0 0.0011 2 -3 286 209
B1 0.0010 40 119 273 271
