A0 0.1295 46 31 164 255
A3 0.0937 89 0 252 53
O0 0.0749 44 25 180 263
B2 0.0560 90 0 250 54
R0 0.0551 48 22 170 237
F2 0.0397 94 0 254 53
D1 0.0371 46 52 170 256
B1 0.0327 46 51 175 255
D0 0.0307 44 54 164 274
N0 0.0291 43 22 179 269
B0 0.0281 43 20 180 267
K0 0.0257 92 0 239 52
C3 0.0183 92 0 237 53
B0 0.0152 27 2 234 277
A0 0.0121 33 8 190 281
D1 0.0118 109 37 185 237
E3 0.0067 79 0 262 288
D1 0.0060 80 32 192 243
Q0 0.0051 93 0 256 55
D1 0.0045 44 12 147 283
G3 0.0038 95 0 255 55
R0 0.0038 86 1 267 288
D1 0.0036 117 -24 191 265
A0 0.0034 40 80 176 276
H3 0.0029 4 6 252 291
B0 0.0027 75 -1 261 249
A0 0.0027 19 4 257 286
Q0 0.0023 98 0 268 285
N0 0.0022 -1 -2 254 263
K0 0.0018 98 0 226 23
Q0 0.0017 164 3 265 273
R0 0.0014 148 8 261 271
Q0 0.0014 13 268 191 293
Q0 0.0014 7 251 208 292
F2 0.0013 102 0 247 23
B0 0.0013 93 0 258 55
C2 0.0012 94 58 128 90
D1 0.0012 34 -11 225 278
H3 0.0012 45 23 171 200
B0 0.0010 -7 -2 258 218
