B1 0.1640 629 397 714 630
I0 0.1071 25 20 754 701
B1 0.0812 443 398 516 608
B1 0.0805 385 400 718 677
B1 0.0722 499 398 647 637
B1 0.0348 256 401 324 623
C0 0.0345 32 391 382 676
F0 0.0299 32 391 384 673
R0 0.0245 29 130 762 688
C0 0.0225 258 396 323 617
B1 0.0182 78 405 156 632
B1 0.0141 420 400 554 627
F0 0.0138 472 400 674 651
B1 0.0121 35 391 377 672
F0 0.0080 367 396 753 701
N0 0.0042 495 394 642 643
I0 0.0041 78 399 155 621
B1 0.0023 437 392 665 635
P0 0.0018 388 397 753 701
N0 0.0017 252 393 330 610
N0 0.0016 630 396 715 655
H3 0.0013 376 396 749 704
R0 0.0013 376 382 752 701
