B1 0.0564 39 36 157 147
B0 0.0432 6 20 175 217
M0 0.0360 4 18 173 216
K0 0.0325 9 150 77 215
D1 0.0278 28 49 158 196
B1 0.0255 22 44 157 200
C0 0.0198 4 45 123 180
K0 0.0126 61 22 160 118
B1 0.0113 45 21 164 181
Q0 0.0088 -19 18 81 87
N0 0.0082 15 19 174 217
C0 0.0078 4 66 111 217
K0 0.0055 40 24 157 171
D0 0.0047 13 66 147 214
Q0 0.0047 2 11 171 220
Q0 0.0044 -18 10 94 69
Q0 0.0040 -4 8 80 163
K0 0.0037 -1 62 122 217
G3 0.0033 39 23 173 144
D1 0.0030 12 70 148 220
O0 0.0030 18 20 176 184
Q0 0.0029 -22 25 80 134
B1 0.0028 23 58 124 168
D0 0.0027 10 84 112 221
K0 0.0026 15 183 54 210
K0 0.0024 119 21 172 70
B1 0.0024 -1 58 106 220
E3 0.0024 46 137 220 220
R0 0.0022 -14 2 159 31
Q0 0.0019 -21 1 118 63
R0 0.0019 50 141 208 221
C2 0.0019 50 115 72 133
K0 0.0018 12 149 77 192
K0 0.0018 8 121 79 213
Q0 0.0017 0 158 64 219
D1 0.0016 10 96 112 219
R0 0.0016 -20 3 147 55
Q0 0.0016 -19 0 161 21
Q0 0.0014 56 182 193 220
D0 0.0013 15 197 191 220
K0 0.0013 11 178 70 215
Q0 0.0013 51 202 191 220
B0 0.0012 -1 158 69 218
N0 0.0012 46 23 169 135
K0 0.0011 2 165 60 220
K0 0.0011 1 134 68 221
C3 0.0010 15 184 58 211
C0 0.0010 10 144 86 194
Q0 0.0010 -7 18 154 117
B0 0.0010 50 22 172 136
