B1 0.4321 234 181 360 569
B1 0.4148 359 182 481 570
B1 0.3079 466 185 603 574
B1 0.2642 110 177 259 570
B0 0.2498 111 187 255 560
B0 0.2366 468 185 603 574
B3 0.1044 235 157 360 573
B3 0.0869 359 164 480 574
B3 0.0532 468 169 601 578
P0 0.0460 466 169 603 578
M0 0.0291 110 176 261 578
N0 0.0241 110 181 262 576
M0 0.0201 464 179 606 581
N0 0.0179 465 182 607 579
O0 0.0153 469 197 600 580
N0 0.0147 233 178 368 574
O0 0.0134 355 176 483 578
M0 0.0129 232 180 364 575
N0 0.0109 355 179 485 577
I0 0.0099 2 -26 659 616
G0 0.0088 -3 -32 664 623
O0 0.0063 106 172 264 581
N0 0.0054 5 -2 581 593
R0 0.0034 -33 -31 654 620
B1 0.0034 118 176 342 565
G3 0.0033 257 323 318 553
N0 0.0031 163 163 347 577
B0 0.0030 98 59 618 609
N0 0.0024 256 338 335 557
E3 0.0021 83 476 632 647
G3 0.0021 114 580 620 640
N0 0.0021 474 355 562 552
O0 0.0019 159 140 569 599
G3 0.0018 259 324 296 549
C2 0.0017 256 186 335 233
B0 0.0016 141 139 536 602
Q0 0.0015 43 581 646 639
N0 0.0015 177 347 247 534
G3 0.0013 175 341 238 539
C2 0.0011 112 179 228 331
Q0 0.0011 5 496 666 641
B2 0.0010 257 186 337 234
G3 0.0010 -7 506 662 636
N0 0.0010 367 344 439 537
P0 0.0010 107 169 253 550
