B1 0.4020 170 45 238 260
B1 0.3710 244 48 312 266
B1 0.2347 246 91 304 257
O0 0.1686 172 49 238 259
B3 0.1411 171 48 239 260
D0 0.0827 246 102 304 258
B3 0.0788 243 47 312 261
B3 0.0660 246 99 304 258
M0 0.0460 238 44 313 267
N0 0.0445 239 45 315 262
B1 0.0312 165 43 320 267
J0 0.0245 297 136 500 318
B1 0.0236 171 44 236 113
R0 0.0226 298 137 501 318
N0 0.0159 249 106 281 244
M0 0.0114 173 45 315 276
N0 0.0103 180 48 322 268
B1 0.0089 247 46 312 111
R0 0.0082 2 130 497 318
O0 0.0068 233 43 321 275
N0 0.0065 252 87 288 263
H3 0.0060 0 130 498 318
G3 0.0046 248 105 279 246
M0 0.0037 6 104 482 307
Q0 0.0037 0 134 184 311
N0 0.0036 182 94 231 257
D0 0.0035 3 138 493 316
R0 0.0034 0 131 187 312
G0 0.0029 2 136 494 316
M0 0.0028 88 72 418 305
D1 0.0028 172 44 237 115
N0 0.0028 233 62 317 207
N0 0.0027 5 91 488 308
B3 0.0024 176 77 240 310
C0 0.0019 182 242 238 316
Q0 0.0019 3 123 494 309
Q0 0.0019 33 -52 173 96
B1 0.0016 203 72 304 264
Q0 0.0014 292 140 500 312
E3 0.0013 23 -32 231 91
D0 0.0013 181 242 238 317
B1 0.0013 182 241 238 315
N0 0.0011 324 89 352 100
N0 0.0011 288 39 311 182
N0 0.0011 202 88 236 232
N0 0.0011 273 35 311 179
G0 0.0010 1 140 181 312
