B0 0.1913 188 92 346 390
B0 0.1800 69 59 207 343
B1 0.1580 64 38 202 375
M0 0.0634 190 91 350 399
M0 0.0613 72 54 207 367
N0 0.0513 70 51 207 365
P0 0.0448 184 76 342 399
P0 0.0442 68 52 204 345
N0 0.0342 190 92 349 396
B1 0.0339 187 94 345 395
B3 0.0228 190 97 341 402
H3 0.0124 -2 3 393 400
G0 0.0119 -8 0 397 397
B0 0.0116 0 5 392 404
N0 0.0085 8 0 370 386
P0 0.0079 168 33 310 423
B1 0.0069 100 -13 226 391
B3 0.0024 74 72 197 379
B1 0.0022 134 14 236 403
B1 0.0017 146 -34 260 412
P0 0.0015 191 96 290 386
N0 0.0012 138 13 388 392
B3 0.0011 124 -4 322 446
G0 0.0011 0 369 316 409
R0 0.0010 6 362 359 412
