B1 0.2687 9 28 57 456
B1 0.2623 35 34 81 454
D1 0.2483 73 15 176 504
B1 0.2309 -3 -15 38 476
B1 0.2224 71 13 178 500
B1 0.2219 27 -16 92 428
B1 0.1993 150 -32 232 467
B1 0.1904 17 -59 113 474
B1 0.1506 12 -4 69 420
D1 0.1499 148 -9 229 460
B1 0.1244 29 -37 75 488
B1 0.1172 32 -71 133 520
B1 0.1003 39 1 100 496
B1 0.0961 -2 74 48 433
B1 0.0744 34 -40 238 550
B1 0.0693 -2 23 32 404
B1 0.0655 53 41 97 465
B1 0.0584 66 -115 166 551
B1 0.0522 60 -46 116 518
B1 0.0355 58 -70 204 467
B1 0.0347 71 27 112 496
B1 0.0299 118 -66 229 448
B1 0.0294 52 66 224 455
B0 0.0274 0 19 229 445
G0 0.0192 43 22 229 445
B1 0.0187 78 120 183 436
B1 0.0186 -16 -160 189 491
B1 0.0153 83 6 237 499
B1 0.0138 75 84 153 459
B1 0.0136 36 -41 164 458
B1 0.0108 1 102 76 443
B1 0.0098 153 63 221 451
B1 0.0097 150 -74 279 520
B1 0.0079 -61 -77 33 532
B1 0.0078 -4 -80 96 457
B1 0.0077 60 92 91 463
D1 0.0070 75 113 188 439
B1 0.0066 1 -12 156 341
G0 0.0061 123 18 225 444
B1 0.0060 79 83 127 467
B0 0.0052 148 32 225 438
B1 0.0041 -32 -42 29 504
B1 0.0032 -105 -75 40 517
D0 0.0028 3 20 233 452
B1 0.0026 -26 48 28 451
D1 0.0026 -102 -1 25 453
B1 0.0023 156 -192 233 559
B1 0.0022 145 -144 311 590
B1 0.0015 -101 53 23 429
C2 0.0014 84 17 144 52
B1 0.0013 27 126 90 460
B1 0.0012 0 -78 61 411
B0 0.0010 0 62 33 434
G0 0.0010 0 44 60 442
G0 0.0010 -1 63 32 440
