A0 0.3144 2 2 224 172
D1 0.2927 29 27 194 106
B1 0.2605 12 17 201 167
D1 0.1690 13 21 201 154
B1 0.1124 32 23 199 100
D1 0.0644 19 6 219 103
A0 0.0319 7 18 174 163
Q0 0.0171 2 0 224 171
D1 0.0168 -8 1 199 131
B1 0.0130 3 6 156 151
B1 0.0123 38 40 225 173
R0 0.0102 0 0 228 174
B1 0.0097 10 12 233 105
D1 0.0089 1 -24 224 210
B1 0.0084 161 49 221 169
R0 0.0064 -1 30 167 158
B1 0.0057 13 -2 238 190
D1 0.0045 55 2 225 129
D1 0.0035 45 18 227 179
R0 0.0021 19 42 214 173
D1 0.0018 5 -18 168 158
D1 0.0017 26 19 190 85
C2 0.0013 56 31 92 56
D1 0.0011 7 -1 221 77
