B0 0.3202 45 150 328 445
B1 0.3149 45 150 328 466
B1 0.3120 239 -11 446 345
B1 0.1413 221 -58 463 417
N0 0.0508 238 -1 446 398
O0 0.0469 40 147 334 485
M0 0.0302 237 -1 448 395
B0 0.0301 238 -1 447 396
B1 0.0138 304 6 450 352
O0 0.0107 239 -1 450 401
B1 0.0055 317 -68 455 450
B1 0.0054 346 -19 445 420
B1 0.0051 107 194 322 494
N0 0.0050 33 115 351 482
H3 0.0044 17 123 430 450
B1 0.0037 54 101 443 485
B1 0.0033 285 -161 461 512
B1 0.0032 238 -31 364 341
M0 0.0027 53 -8 481 467
B0 0.0023 12 -14 495 492
H3 0.0022 13 -8 487 484
B1 0.0018 39 171 243 465
C0 0.0018 138 293 318 485
N0 0.0017 11 -2 457 499
K0 0.0013 147 320 317 485
B1 0.0012 28 27 514 520
B1 0.0012 373 -61 448 389
N0 0.0012 248 7 436 292
B1 0.0011 249 98 447 408
C2 0.0010 366 290 423 376
B1 0.0010 390 -76 451 488
