B1 0.2642 159 55 226 460
B1 0.2145 82 15 153 470
B1 0.1727 126 46 190 457
B1 0.1702 67 26 130 462
D1 0.1685 88 6 153 478
B1 0.1661 195 32 271 488
B1 0.1565 246 74 314 456
D1 0.1520 68 7 126 466
B1 0.1511 173 47 248 470
B1 0.1304 99 25 182 468
D1 0.1194 241 43 315 488
B1 0.1023 237 62 297 470
D1 0.0956 83 31 129 445
D1 0.0873 195 5 259 476
B1 0.0847 227 58 281 473
D1 0.0802 230 20 300 517
D1 0.0748 171 12 251 494
B1 0.0748 220 -1 287 537
D1 0.0742 102 8 182 479
B1 0.0696 180 81 226 457
D1 0.0520 168 36 229 463
D1 0.0173 115 23 167 441
D1 0.0145 3 1 127 489
N0 0.0105 245 55 312 445
B0 0.0099 243 52 310 445
B1 0.0095 207 94 276 456
B0 0.0093 168 56 231 442
B1 0.0093 105 91 165 464
B1 0.0081 105 15 154 438
B1 0.0077 138 100 200 459
B0 0.0067 137 49 241 443
B0 0.0065 73 51 186 445
B0 0.0064 109 56 191 444
B0 0.0064 193 56 273 444
B0 0.0063 77 49 146 450
K0 0.0054 164 13 219 414
R0 0.0054 -2 348 413 476
K0 0.0053 227 30 270 449
G0 0.0051 77 50 128 455
B0 0.0049 72 40 296 450
B1 0.0036 77 109 171 467
B1 0.0034 83 98 137 461
K0 0.0033 254 21 312 434
G3 0.0028 120 278 139 430
G3 0.0028 243 77 265 199
D1 0.0025 37 -47 127 464
K0 0.0024 190 -21 265 472
K0 0.0023 129 14 181 420
B1 0.0022 167 135 204 452
D1 0.0020 273 30 351 473
B0 0.0019 34 353 380 476
R0 0.0018 -7 413 408 476
B0 0.0017 217 49 302 454
B3 0.0016 -7 -38 122 487
O0 0.0016 233 64 315 457
B0 0.0014 146 43 288 457
B1 0.0013 77 -11 126 415
B3 0.0012 282 42 367 454
B0 0.0012 17 43 405 474
O0 0.0012 188 55 320 461
Q0 0.0011 64 0 322 23
H3 0.0011 2 430 418 477
B1 0.0011 278 53 347 453
G3 0.0011 156 223 177 447
G3 0.0011 118 266 144 414
D0 0.0010 -2 378 385 473
