B1 0.3023 157 126 208 193
D1 0.2268 9 -1 149 36
B1 0.1844 54 -1 180 196
B1 0.1377 42 30 156 204
D1 0.1290 31 -12 185 222
D1 0.1044 39 -1 171 175
D1 0.0848 35 0 139 206
D1 0.0687 15 -2 149 19
D0 0.0669 157 126 208 192
L0 0.0632 45 12 180 194
G3 0.0597 46 12 180 194
B0 0.0484 46 13 181 194
B1 0.0313 80 10 184 223
G3 0.0257 -3 0 167 36
D1 0.0236 19 0 149 13
N0 0.0211 158 139 191 191
D1 0.0180 69 9 177 144
O0 0.0157 157 126 208 191
F3 0.0155 -3 0 169 36
B1 0.0154 69 40 169 209
B0 0.0142 62 8 181 147
C1 0.0115 -2 0 170 36
B1 0.0114 91 -1 183 172
D1 0.0111 70 -3 199 242
B1 0.0108 148 0 170 18
N0 0.0096 50 10 182 197
D1 0.0096 7 0 123 15
D1 0.0091 157 128 190 192
N0 0.0091 157 126 207 192
D1 0.0091 15 0 133 8
F2 0.0074 4 0 98 11
B0 0.0069 157 122 210 198
C1 0.0057 6 0 182 199
B0 0.0055 1 0 195 198
J0 0.0054 158 128 208 192
Q0 0.0053 158 19 214 197
C0 0.0050 158 128 208 192
D1 0.0044 6 8 129 37
C0 0.0042 23 2 31 10
B3 0.0042 157 128 190 192
D1 0.0041 41 0 72 7
C1 0.0041 14 170 197 231
C1 0.0041 85 176 177 228
G3 0.0039 16 167 213 232
D1 0.0039 36 1 41 9
D1 0.0034 76 59 168 200
G3 0.0034 36 2 43 10
D1 0.0032 65 -9 155 162
C0 0.0032 150 0 169 17
Q0 0.0026 100 177 172 222
C3 0.0025 150 0 169 17
G3 0.0023 57 186 160 227
B1 0.0020 147 0 180 17
C1 0.0018 -3 0 179 55
G3 0.0018 37 1 41 9
C1 0.0018 -2 -1 180 103
B1 0.0017 125 0 170 18
Q0 0.0016 90 174 196 229
B0 0.0016 154 110 212 221
C1 0.0016 15 163 139 234
B1 0.0014 95 -2 204 249
C0 0.0013 0 0 55 10
C3 0.0013 23 1 31 10
G3 0.0013 23 2 34 12
N0 0.0012 156 31 211 214
F3 0.0012 32 204 164 227
B1 0.0012 158 129 180 183
D1 0.0012 73 5 126 140
Q0 0.0011 175 8 215 178
G3 0.0011 46 1 69 9
C0 0.0010 140 0 170 19
C0 0.0010 148 0 179 17
D1 0.0010 47 44 124 199
R0 0.0010 96 35 207 222
