B1 0.3620 157 59 424 239
H3 0.3079 70 63 210 249
D0 0.1127 151 79 412 235
D0 0.0482 72 63 213 241
C0 0.0444 69 62 216 247
G0 0.0394 66 65 418 244
I0 0.0167 66 60 422 244
B1 0.0092 164 66 413 184
R0 0.0090 63 59 435 249
C0 0.0060 211 176 390 233
C0 0.0049 123 170 411 243
J0 0.0035 207 175 398 235
D1 0.0032 -37 46 484 186
G0 0.0029 31 0 456 263
C0 0.0027 58 58 331 251
H3 0.0024 75 61 206 188
C0 0.0017 163 114 428 230
D1 0.0017 7 53 435 232
C2 0.0016 334 -109 386 -84
D1 0.0015 65 60 359 219
H3 0.0014 33 50 464 254
H3 0.0013 132 56 417 233
D1 0.0013 53 177 425 244
B0 0.0011 46 66 445 243
C0 0.0011 185 160 410 227
B2 0.0010 335 -110 390 -82
N0 0.0010 88 68 419 250
H3 0.0010 6 -80 487 274
