B1 0.1959 140 -7 421 756
B1 0.1608 221 -56 506 772
B1 0.1425 383 -78 615 782
B1 0.1102 324 85 442 731
B1 0.1074 157 -113 592 829
B1 0.0734 275 -115 453 762
B1 0.0670 317 -81 445 867
D1 0.0514 154 -74 401 839
B1 0.0434 270 -155 540 882
B1 0.0356 107 -332 760 951
B0 0.0291 152 19 625 713
B1 0.0284 282 -63 415 860
B1 0.0189 332 156 416 714
B1 0.0184 123 -79 534 656
B1 0.0178 50 -262 597 910
B1 0.0170 357 45 471 774
B1 0.0169 278 -311 470 921
N0 0.0166 242 23 619 715
B1 0.0157 170 125 395 741
M0 0.0148 382 24 619 715
B0 0.0145 352 4 616 555
H3 0.0125 58 25 727 727
B1 0.0124 249 101 419 726
N0 0.0118 383 23 620 714
M0 0.0114 154 26 634 715
P0 0.0111 283 -118 636 689
B1 0.0106 416 74 603 741
B1 0.0064 339 -208 499 964
O0 0.0062 400 18 611 718
P0 0.0057 151 -150 373 801
B1 0.0057 377 92 510 744
B1 0.0052 380 5 621 563
B1 0.0051 366 143 443 721
F2 0.0043 135 16 621 253
B1 0.0041 375 -128 479 938
M0 0.0037 178 20 469 716
K0 0.0033 228 -9 520 534
B0 0.0024 107 -61 692 605
P0 0.0024 155 -8 412 575
B3 0.0017 129 -160 363 874
F3 0.0016 10 680 378 750
B0 0.0014 153 17 394 712
B1 0.0014 5 546 70 747
N0 0.0013 156 22 400 719
F2 0.0012 31 7 735 267
F3 0.0012 24 614 357 748
B3 0.0011 174 134 408 746
B2 0.0010 5 535 74 751
