B0 0.1876 350 106 557 621
B1 0.1352 202 112 378 605
K0 0.1338 346 119 557 606
B0 0.0781 206 116 370 603
K0 0.0603 207 125 366 585
P0 0.0289 207 132 368 581
B3 0.0285 206 120 378 583
O0 0.0212 204 112 382 591
B1 0.0198 320 128 390 594
N0 0.0147 342 109 565 603
N0 0.0147 204 115 383 589
K0 0.0140 318 105 490 629
K0 0.0127 230 113 546 608
O0 0.0119 352 105 560 587
M0 0.0087 202 113 388 594
K0 0.0070 309 113 399 588
N0 0.0068 203 105 538 627
B0 0.0064 202 98 545 640
K0 0.0053 141 88 617 642
B1 0.0045 219 110 500 619
B1 0.0031 339 63 499 620
D1 0.0021 207 330 558 657
R0 0.0021 205 327 551 658
O0 0.0014 199 99 577 654
B0 0.0013 101 83 672 639
K0 0.0013 423 150 558 560
B1 0.0012 199 291 559 659
