D1 0.2230 40 11 263 206
B1 0.0777 56 29 292 221
B1 0.0698 138 94 281 220
B0 0.0373 41 4 285 216
B1 0.0300 47 4 224 159
N0 0.0193 37 1 289 216
G3 0.0110 76 0 287 219
R0 0.0086 20 0 284 224
D1 0.0078 137 103 275 219
B1 0.0076 133 39 284 230
D2 0.0064 103 -1 286 220
Q0 0.0053 103 -2 287 218
D1 0.0046 68 56 275 222
G3 0.0043 127 195 279 252
G3 0.0040 108 213 284 253
E3 0.0038 103 0 287 217
K0 0.0037 39 4 192 152
C2 0.0036 65 51 95 80
B2 0.0034 109 -11 287 178
G3 0.0030 26 209 284 253
L0 0.0028 12 209 280 252
G3 0.0022 -2 165 287 260
G3 0.0015 175 185 270 252
G3 0.0012 77 182 288 257
G3 0.0012 205 204 213 223
