B1 0.3440 93 86 176 243
B0 0.2670 94 85 178 245
B3 0.0652 93 87 177 246
O0 0.0508 93 80 178 244
P0 0.0234 93 90 177 246
N0 0.0213 94 81 178 244
B1 0.0092 131 87 177 237
N0 0.0060 47 25 203 260
M0 0.0050 83 68 186 251
K0 0.0046 94 83 162 136
F3 0.0039 71 254 240 279
C2 0.0032 94 90 156 135
H3 0.0031 7 0 242 275
B0 0.0029 9 3 248 277
C3 0.0022 206 110 226 128
O0 0.0021 71 71 196 256
C0 0.0020 101 0 178 29
C0 0.0020 77 0 175 24
F3 0.0019 58 243 238 279
G0 0.0019 78 246 235 280
C3 0.0018 95 82 160 137
Q0 0.0017 -17 167 80 279
C0 0.0016 103 0 192 46
H3 0.0014 114 0 190 29
Q0 0.0014 17 0 206 51
R0 0.0013 71 0 150 24
N0 0.0011 121 152 161 240
B1 0.0010 93 76 150 237
H3 0.0010 133 0 186 25
