B1 0.5006 141 49 255 170
B1 0.3040 68 13 184 153
O0 0.1717 141 0 225 37
B0 0.1696 142 0 225 37
B1 0.0833 76 17 258 158
B3 0.0452 140 -1 225 37
O0 0.0295 224 0 295 30
B1 0.0291 224 0 295 29
P0 0.0280 225 0 295 29
P0 0.0265 141 0 226 37
B0 0.0247 68 14 181 150
B0 0.0201 68 14 243 152
B1 0.0189 60 36 284 174
O0 0.0138 67 12 255 168
C0 0.0110 67 5 256 162
B0 0.0091 139 46 256 161
B1 0.0089 143 0 225 36
P0 0.0073 224 -42 297 31
B3 0.0072 224 0 296 29
K0 0.0055 223 -42 295 32
N0 0.0049 68 14 179 151
O0 0.0048 68 14 182 151
N0 0.0044 69 13 252 165
B1 0.0031 164 67 253 167
K0 0.0027 99 36 208 161
C3 0.0024 139 0 222 30
B1 0.0020 221 -42 296 31
B0 0.0018 92 24 263 170
N0 0.0017 139 0 226 31
K0 0.0016 193 -53 294 32
B3 0.0015 119 50 255 171
K0 0.0014 108 37 181 152
O0 0.0014 127 -5 236 42
C3 0.0013 249 0 296 29
B3 0.0011 69 13 161 153
C2 0.0011 224 167 260 182
