B1 0.2106 60 26 138 273
B1 0.2053 61 39 209 270
O0 0.1767 60 32 210 307
B1 0.1207 122 0 207 295
P0 0.0543 0 272 52 325
B1 0.0382 -1 273 53 324
N0 0.0328 59 29 210 307
K0 0.0309 0 273 54 324
M0 0.0308 59 32 210 308
B1 0.0284 82 23 167 268
B1 0.0255 76 52 134 297
G3 0.0215 -1 272 53 323
B3 0.0214 -1 272 53 325
C2 0.0140 -2 312 57 325
O0 0.0107 0 273 53 324
F0 0.0100 66 98 204 321
B1 0.0089 105 58 135 257
B1 0.0080 102 31 147 268
B0 0.0073 37 12 212 315
N0 0.0063 -3 272 54 324
C3 0.0056 -4 273 53 324
B1 0.0042 88 61 208 307
G3 0.0041 -1 269 216 324
H3 0.0038 65 30 204 252
F3 0.0034 1 277 224 325
G3 0.0034 0 272 135 324
B0 0.0029 -2 268 219 325
Q0 0.0029 -52 -1 7 319
B1 0.0028 61 53 97 301
R0 0.0023 -52 -1 9 324
B0 0.0022 205 0 220 271
B3 0.0020 69 128 205 314
E2 0.0018 70 38 192 108
B3 0.0018 82 88 136 289
C0 0.0018 -2 270 136 325
E2 0.0016 156 304 259 326
C3 0.0016 0 280 39 323
B1 0.0012 61 30 114 322
F2 0.0012 -7 270 148 325
G3 0.0011 208 36 220 136
D2 0.0011 67 38 190 109
C2 0.0011 187 308 257 325
N0 0.0010 206 -3 219 228
B1 0.0010 95 109 136 275
