B1 0.6137 194 206 558 528
B1 0.1668 51 31 281 465
B1 0.1501 42 21 172 445
B1 0.0512 66 97 150 443
B1 0.0316 97 83 176 452
G0 0.0276 39 49 277 455
B1 0.0267 80 74 205 464
B1 0.0229 67 183 195 443
O0 0.0213 206 201 563 526
B1 0.0167 86 148 240 449
H3 0.0155 193 213 539 513
I0 0.0143 41 48 279 456
B0 0.0143 47 41 276 436
H3 0.0109 37 49 277 205
B1 0.0074 125 3 301 483
B1 0.0074 69 -32 306 546
B1 0.0068 312 199 558 504
D1 0.0066 35 36 277 481
B1 0.0056 33 1 136 459
B0 0.0055 204 206 562 524
H3 0.0052 41 37 282 445
N0 0.0051 205 203 566 525
D1 0.0047 212 275 547 533
C0 0.0041 38 50 274 209
G0 0.0038 16 21 603 531
B1 0.0030 44 88 121 447
B0 0.0023 20 10 602 551
H3 0.0022 199 199 538 418
C2 0.0019 168 55 249 92
H3 0.0018 47 50 275 296
R0 0.0018 35 53 280 459
C3 0.0018 38 49 279 206
K0 0.0017 39 51 275 210
H3 0.0017 13 16 615 586
I0 0.0015 23 27 571 501
N0 0.0014 234 80 274 292
B1 0.0013 35 -82 176 527
C0 0.0011 169 55 246 91
N0 0.0010 42 50 267 396
C0 0.0010 415 111 497 194
F0 0.0010 57 46 278 357
