B1 0.4629 65 83 156 269
B1 0.4383 200 70 269 254
B1 0.3716 131 47 200 230
N0 0.0488 63 79 157 265
M0 0.0450 63 78 157 267
B3 0.0342 130 46 205 230
B3 0.0253 67 88 156 266
M0 0.0217 198 73 271 252
O0 0.0138 64 66 161 269
N0 0.0126 201 71 270 251
O0 0.0119 201 72 270 251
B1 0.0117 142 44 268 257
B1 0.0116 175 26 218 243
B1 0.0066 107 33 207 234
B1 0.0041 155 22 216 248
M0 0.0041 185 54 282 264
N0 0.0036 51 30 214 278
B1 0.0027 201 64 264 193
C2 0.0027 203 73 250 116
N0 0.0024 114 37 212 243
N0 0.0024 169 36 284 266
B1 0.0023 74 46 176 265
N0 0.0022 8 18 359 293
B2 0.0021 220 72 246 96
N0 0.0021 32 49 165 279
O0 0.0018 12 21 312 289
C2 0.0017 135 48 192 81
C2 0.0015 217 73 245 96
C2 0.0014 204 74 262 125
N0 0.0014 93 28 241 257
B3 0.0014 203 72 268 257
B0 0.0013 -1 17 363 294
B1 0.0011 62 28 211 242
M0 0.0011 10 38 356 295
M0 0.0011 44 56 208 276
Q0 0.0010 -3 46 369 297
N0 0.0010 146 108 197 220
B1 0.0010 131 46 196 156
