B1 0.3744 12 87 52 355
B1 0.3582 25 88 59 357
B1 0.3083 57 92 88 356
B1 0.3076 43 93 67 355
B1 0.2726 82 97 113 358
B1 0.2653 104 71 167 371
B1 0.1890 87 33 164 384
D1 0.1082 95 32 165 414
E0 0.0256 13 60 170 116
G0 0.0217 8 56 170 367
B1 0.0211 7 66 44 372
C2 0.0190 66 67 114 98
B1 0.0139 107 28 181 408
B1 0.0131 13 -16 54 435
B1 0.0083 25 25 54 408
B1 0.0078 47 56 65 384
B1 0.0076 68 -17 171 414
C3 0.0072 14 59 168 117
B1 0.0049 5 94 77 357
G3 0.0031 36 134 49 308
B0 0.0030 9 46 175 371
B1 0.0028 6 -37 43 447
N0 0.0027 62 139 85 296
B1 0.0025 -1 -29 30 410
B1 0.0019 81 109 130 369
G0 0.0018 24 81 71 348
G3 0.0017 46 145 61 318
B1 0.0011 49 -10 104 438
G3 0.0011 43 112 55 326
B0 0.0010 96 84 166 362
B1 0.0010 0 70 31 360
