K0 0.3072 86 168 167 214
K0 0.2790 19 154 72 189
B1 0.2532 132 19 196 154
B1 0.2225 94 -11 164 171
B1 0.2155 105 14 183 164
B1 0.1933 63 -22 157 216
K0 0.1506 15 143 82 190
C3 0.1419 93 172 166 214
B1 0.1408 83 1 172 207
B1 0.1199 137 2 205 209
B1 0.1198 23 -6 166 231
B1 0.1006 45 12 152 194
C3 0.0937 21 154 71 190
B1 0.0886 76 -39 182 250
B1 0.0763 24 -7 154 152
D1 0.0739 129 13 204 215
B1 0.0715 73 31 158 203
D1 0.0662 152 34 201 218
B1 0.0625 101 -9 187 221
B1 0.0616 131 31 191 197
D1 0.0543 131 40 195 194
C2 0.0444 23 155 72 187
B1 0.0399 -5 8 151 207
K0 0.0388 13 118 83 190
D1 0.0334 13 0 129 141
B1 0.0298 64 -1 135 177
D1 0.0269 -1 -4 121 214
D1 0.0221 35 -5 152 151
B0 0.0215 13 2 157 193
B1 0.0215 7 21 116 190
B1 0.0189 -16 -35 169 252
C2 0.0182 98 174 156 209
K0 0.0182 92 124 180 218
D1 0.0170 12 25 107 188
B1 0.0168 29 9 131 168
B1 0.0139 153 -20 205 190
B1 0.0135 85 -9 150 156
B1 0.0131 126 13 183 137
G0 0.0123 12 1 148 200
B1 0.0112 116 31 170 190
H3 0.0101 12 1 202 215
K0 0.0098 23 152 170 220
B0 0.0096 129 13 198 179
K0 0.0078 50 165 169 216
B0 0.0075 79 9 203 212
D1 0.0060 -12 -51 138 253
B1 0.0055 13 41 137 222
D1 0.0055 62 34 169 230
B1 0.0053 12 114 144 193
K0 0.0050 0 127 182 221
K0 0.0047 5 116 128 192
B0 0.0040 52 6 177 189
C0 0.0039 -5 129 177 205
B1 0.0031 5 83 145 203
G0 0.0029 135 10 202 201
K0 0.0028 13 142 66 184
B1 0.0024 131 55 182 181
B1 0.0023 70 -25 194 166
K0 0.0022 8 135 148 194
G0 0.0020 154 6 206 220
D0 0.0019 -8 188 140 222
K0 0.0019 128 58 178 180
D1 0.0019 155 12 214 232
D1 0.0018 157 70 196 214
G0 0.0016 -7 3 48 162
D1 0.0016 19 -44 160 172
R0 0.0015 155 8 209 224
C0 0.0015 94 120 182 217
G0 0.0012 18 3 148 137
B0 0.0012 -1 185 121 220
Q0 0.0011 -5 182 140 220
R0 0.0011 -5 15 48 165
C0 0.0011 -16 121 194 227
H3 0.0011 85 8 204 219
B1 0.0011 14 40 95 196
