B1 0.3218 415 22 539 575
D1 0.1780 254 48 375 575
B1 0.1413 253 37 380 576
D1 0.0930 412 8 538 606
B1 0.0872 417 12 498 583
B1 0.0741 456 77 540 578
B1 0.0264 255 17 338 581
B1 0.0222 294 32 377 571
I0 0.0208 414 37 538 564
B1 0.0202 342 2 497 594
N0 0.0180 413 35 542 559
B0 0.0169 415 38 539 565
I0 0.0150 252 40 376 565
B1 0.0142 261 47 307 564
B0 0.0121 253 38 377 564
C2 0.0100 417 54 535 235
B1 0.0100 480 -7 538 606
B1 0.0086 327 -38 458 621
B1 0.0080 459 221 538 560
N0 0.0076 251 36 380 557
N0 0.0074 470 268 521 541
B1 0.0067 321 -81 516 664
B1 0.0055 255 92 280 545
G0 0.0044 550 65 799 609
B1 0.0037 506 35 540 589
I0 0.0036 259 38 332 571
R0 0.0036 588 35 798 632
G3 0.0031 665 -69 752 65
B0 0.0030 257 21 438 576
N0 0.0029 420 263 465 537
B1 0.0026 212 -30 345 602
B1 0.0022 292 -134 473 707
B1 0.0021 516 93 541 583
C3 0.0019 301 105 333 199
N0 0.0018 328 259 373 558
G3 0.0016 520 274 539 584
G3 0.0016 479 263 522 565
B1 0.0015 366 9 455 579
B1 0.0015 256 172 274 542
G0 0.0014 606 146 796 677
D1 0.0014 273 -60 380 646
C2 0.0013 253 42 345 239
I0 0.0013 260 130 296 534
G0 0.0013 514 195 805 674
N0 0.0013 462 291 510 538
B3 0.0011 258 147 375 568
B3 0.0010 460 210 537 561
N0 0.0010 419 59 538 232
