O0 0.1032 19 31 157 307
M0 0.0926 18 28 156 306
B0 0.0886 17 32 155 250
B1 0.0537 141 170 167 305
B3 0.0417 13 25 155 301
N0 0.0375 16 24 155 304
F0 0.0329 9 22 154 271
B0 0.0292 4 18 159 330
B1 0.0288 8 37 153 260
B3 0.0193 141 169 167 302
B1 0.0163 3 13 158 337
O0 0.0157 141 170 167 302
C3 0.0067 142 172 167 301
B3 0.0043 16 107 153 315
N0 0.0031 142 184 167 296
R0 0.0028 9 285 168 324
Q0 0.0028 7 276 167 322
B3 0.0026 14 7 126 373
B1 0.0026 135 62 169 310
B3 0.0023 123 50 168 311
R0 0.0017 5 259 170 321
C2 0.0014 62 220 99 254
O0 0.0013 128 172 170 302
F3 0.0013 14 276 170 326
Q0 0.0013 7 253 173 321
B3 0.0013 130 166 169 302
B3 0.0012 18 54 96 320
N0 0.0011 155 187 167 293
