B0 0.1771 102 0 198 310
P0 0.0968 102 -3 200 310
B3 0.0517 100 1 199 338
M0 0.0328 101 13 200 339
B1 0.0200 111 64 194 351
N0 0.0182 102 13 198 334
M0 0.0124 4 16 251 339
C0 0.0073 0 88 78 113
B3 0.0072 111 87 194 346
C2 0.0069 134 154 179 196
J0 0.0053 0 3 50 40
C3 0.0051 -2 3 52 40
P0 0.0050 111 64 197 350
F0 0.0050 0 19 247 344
D0 0.0048 0 38 239 344
C3 0.0037 1 89 79 114
C2 0.0035 0 4 51 39
C2 0.0033 85 48 105 73
B0 0.0033 -60 82 9 315
C3 0.0025 0 46 45 100
Q0 0.0025 -58 74 0 298
C3 0.0024 199 34 230 66
J0 0.0024 47 22 128 48
C2 0.0024 161 160 177 195
H3 0.0022 2 45 197 346
B3 0.0021 -6 63 93 360
P0 0.0018 90 -20 182 345
C0 0.0013 0 3 52 38
C0 0.0012 48 21 129 48
B0 0.0011 104 14 194 229
Q0 0.0011 17 259 142 333
B0 0.0011 0 34 89 365
Q0 0.0010 -1 53 127 344
