B1 0.6471 398 301 978 735
B1 0.4002 58 89 421 674
B1 0.2452 135 590 442 1010
B1 0.1851 411 565 936 1007
B0 0.0658 57 94 429 684
O0 0.0588 138 598 441 1020
O0 0.0461 56 85 427 678
O0 0.0334 405 301 985 742
B0 0.0304 106 202 452 1055
K0 0.0187 409 556 925 1012
M0 0.0120 58 74 455 1017
C0 0.0115 660 363 983 738
G0 0.0073 421 580 922 1009
J0 0.0070 404 564 910 1012
G0 0.0068 60 103 422 661
B1 0.0068 136 275 444 1007
F0 0.0063 54 97 441 683
B3 0.0057 135 273 448 986
B1 0.0055 654 357 980 743
O0 0.0050 136 378 454 1004
K0 0.0049 420 309 876 647
I0 0.0043 420 581 924 1009
P0 0.0042 103 224 453 1054
B3 0.0040 382 340 970 746
R0 0.0039 19 586 959 1023
C3 0.0038 389 559 913 1012
G0 0.0038 14 576 944 1022
K0 0.0031 456 327 989 744
B1 0.0028 101 69 456 1165
H3 0.0027 410 302 807 675
D1 0.0024 409 558 907 960
B1 0.0022 408 300 817 690
R0 0.0022 1 81 980 1021
B0 0.0020 7 129 1019 944
F0 0.0020 63 98 406 389
O0 0.0019 79 282 1020 794
C0 0.0018 756 395 982 730
B0 0.0018 422 308 905 661
G0 0.0017 3 48 1004 1013
M0 0.0015 125 330 459 1009
R0 0.0014 418 575 936 1014
K0 0.0013 608 359 925 742
B0 0.0011 79 68 517 869
G3 0.0011 218 312 290 630
B3 0.0010 141 609 440 1024
R0 0.0010 -2 745 960 1026
O0 0.0010 139 570 599 1016
B0 0.0010 36 549 967 1019
