O0 0.1234 28 4 227 318
B0 0.0909 29 30 224 316
M0 0.0906 26 5 226 321
I3 0.0543 22 20 226 299
N0 0.0152 24 4 226 317
C2 0.0143 91 11 151 48
P0 0.0106 31 51 221 315
B3 0.0091 22 31 223 335
E2 0.0052 21 9 232 217
B0 0.0045 23 4 232 239
C3 0.0045 92 10 153 48
H3 0.0034 26 0 240 337
C3 0.0026 84 10 163 55
D2 0.0021 43 6 212 87
B0 0.0020 59 -33 234 384
F0 0.0019 26 2 231 241
B3 0.0019 75 104 219 328
Q0 0.0016 1 0 232 58
E2 0.0016 42 6 212 84
E2 0.0014 35 82 225 323
C3 0.0013 74 6 179 50
C3 0.0012 82 0 238 60
P0 0.0011 70 102 222 328
C3 0.0011 59 6 189 84
