B1 0.5240 292 294 653 396
D1 0.2696 293 293 662 396
O0 0.1755 291 292 653 398
B1 0.0705 291 248 663 408
G3 0.0435 718 -24 1028 183
C3 0.0356 404 250 523 299
C3 0.0342 716 -18 1024 180
C0 0.0342 314 247 649 400
D1 0.0263 297 244 598 394
R0 0.0240 -2 29 1027 651
G0 0.0179 0 -19 1027 652
C0 0.0164 348 245 567 394
C0 0.0163 294 248 529 390
N0 0.0128 325 279 638 392
Q0 0.0127 713 -45 1024 176
C3 0.0111 325 285 614 394
G3 0.0106 404 250 525 300
K0 0.0095 718 -19 1025 180
D1 0.0094 293 250 520 380
B0 0.0091 2 48 1033 633
K0 0.0080 721 -149 1023 180
B0 0.0072 83 178 939 492
R0 0.0061 2 231 1032 679
E3 0.0061 717 -13 1027 181
C1 0.0040 -15 216 995 550
F3 0.0039 101 242 746 416
G3 0.0038 17 243 678 409
C2 0.0037 301 290 581 389
C1 0.0035 4 233 918 439
R0 0.0032 -7 403 1025 665
C2 0.0026 665 -171 799 -114
B3 0.0021 289 276 669 424
R0 0.0021 1 492 1029 677
D1 0.0015 154 242 520 399
C1 0.0015 4 248 737 511
F3 0.0014 26 234 828 477
C1 0.0014 49 65 984 501
D2 0.0013 672 -170 804 -110
N0 0.0012 714 -145 1063 193
D1 0.0012 202 255 520 369
B0 0.0011 25 1 1015 386
C0 0.0011 398 240 523 307
B2 0.0011 667 -173 799 -115
F3 0.0010 711 -38 1022 523
K0 0.0010 716 -6 844 172
G3 0.0010 709 -32 1030 357
D1 0.0010 226 236 528 461
