B1 0.3576 166 47 263 308
B1 0.1898 46 41 150 306
B0 0.1858 289 51 377 307
B0 0.1760 167 50 263 304
B0 0.1578 48 41 148 306
B1 0.1491 288 51 378 307
B3 0.0907 288 62 378 307
D1 0.0803 166 42 263 306
D1 0.0766 49 41 148 305
D1 0.0751 289 51 379 300
P0 0.0688 49 44 148 303
B3 0.0604 168 48 261 307
B3 0.0503 49 56 147 301
O0 0.0389 47 39 152 300
G3 0.0204 48 41 152 300
N0 0.0204 47 39 152 301
N0 0.0193 287 45 381 307
M0 0.0166 287 45 380 308
O0 0.0075 283 48 382 307
R0 0.0045 -1 24 453 359
C2 0.0029 168 245 256 302
B0 0.0026 8 35 446 344
R0 0.0025 -1 239 446 430
L0 0.0020 -1 30 449 350
B1 0.0016 195 35 271 309
C2 0.0013 49 242 135 298
D1 0.0012 95 46 267 315
B3 0.0010 92 46 269 317
