B1 0.4203 18 34 165 182
B0 0.1895 40 0 97 56
B0 0.1525 0 0 31 51
E0 0.1403 167 23 271 162
O0 0.1267 40 0 97 56
O0 0.1116 0 0 31 52
O0 0.1054 14 32 161 177
P0 0.1008 0 0 31 52
B3 0.0984 0 -1 31 51
H3 0.0860 165 14 272 166
B1 0.0750 170 14 271 164
B3 0.0745 39 0 98 56
P0 0.0712 40 0 98 57
M0 0.0533 0 0 31 51
B0 0.0392 165 15 272 165
N0 0.0345 13 34 162 176
N0 0.0338 0 -1 31 52
O0 0.0257 167 14 270 158
L0 0.0250 166 25 270 161
M0 0.0120 40 0 98 55
K0 0.0096 176 13 270 170
D1 0.0064 6 25 161 145
B3 0.0062 170 24 270 163
B0 0.0054 1 4 275 192
C2 0.0052 17 117 73 169
N0 0.0035 39 -3 100 50
P0 0.0027 1 173 69 200
C0 0.0026 52 -8 268 140
N0 0.0026 166 17 270 159
K0 0.0024 195 35 269 159
H3 0.0022 169 14 228 64
B1 0.0021 60 34 165 168
C0 0.0021 169 15 230 59
O0 0.0021 25 21 220 181
Q0 0.0020 231 -4 278 101
C0 0.0018 182 11 264 116
H3 0.0017 53 -16 252 144
C2 0.0017 88 -39 124 -26
Q0 0.0017 168 15 274 157
B1 0.0017 168 15 229 62
C0 0.0017 194 32 240 80
C3 0.0016 1 173 68 200
N0 0.0015 45 5 96 60
K0 0.0015 15 113 75 175
N0 0.0015 51 8 80 49
M0 0.0014 0 -38 34 54
B0 0.0013 11 37 143 172
B1 0.0013 49 -14 266 143
Q0 0.0012 2 0 275 190
O0 0.0012 60 11 272 171
C0 0.0012 164 12 243 86
B1 0.0012 13 50 127 176
B1 0.0011 14 31 169 125
C2 0.0011 81 -39 111 -27
G3 0.0011 37 186 197 235
C0 0.0011 184 27 246 88
B2 0.0010 89 -39 124 -25
B2 0.0010 1 -39 85 -3
C2 0.0010 96 -39 131 -25
