B1 0.1946 36 32 97 176
O0 0.0818 35 24 98 174
B3 0.0786 33 28 97 174
M0 0.0718 35 23 98 174
N0 0.0534 34 23 98 173
R0 0.0105 -6 129 199 276
Q0 0.0070 3 128 175 233
R0 0.0070 1 128 180 234
N0 0.0067 57 95 82 168
B0 0.0060 32 20 108 190
Q0 0.0059 96 180 174 223
H3 0.0051 0 6 178 235
H3 0.0047 0 128 174 233
Q0 0.0047 70 181 179 230
B0 0.0044 19 14 147 211
B1 0.0028 50 39 89 175
H3 0.0025 0 124 173 187
D0 0.0024 2 12 169 226
B3 0.0020 39 41 84 171
Q0 0.0020 88 153 179 219
G0 0.0019 0 8 174 232
Q0 0.0018 53 0 155 15
R0 0.0017 1 8 168 230
D0 0.0016 26 195 177 228
Q0 0.0013 0 129 172 192
N0 0.0013 22 28 103 146
N0 0.0012 10 21 136 172
D0 0.0012 15 177 172 235
H3 0.0011 -2 138 185 278
Q0 0.0011 37 0 137 18
Q0 0.0010 27 149 193 236
Q0 0.0010 119 59 174 129
