O0 0.1466 10 3 195 344
B1 0.0782 -3 43 178 349
M0 0.0753 10 3 195 346
B0 0.0522 10 -1 194 337
B1 0.0466 5 44 126 344
F0 0.0447 5 -18 199 297
B0 0.0365 5 7 202 234
B1 0.0213 -14 0 204 310
B1 0.0184 91 25 192 306
B1 0.0131 -1 17 21 297
B1 0.0122 124 32 193 302
B1 0.0075 12 -12 108 325
B1 0.0070 -6 -21 136 395
B3 0.0064 2 -9 194 288
B1 0.0059 -2 -11 36 326
B3 0.0055 75 -27 199 346
B0 0.0049 65 -27 197 350
B3 0.0045 -3 -5 125 352
C2 0.0040 57 106 102 189
B1 0.0039 17 56 111 257
B0 0.0034 -1 2 19 292
N0 0.0032 14 -1 197 351
D1 0.0029 -2 -20 19 303
B1 0.0028 47 12 194 321
P0 0.0027 10 2 173 256
B1 0.0026 69 69 190 355
O0 0.0023 -1 0 17 304
B1 0.0021 -2 -43 80 377
H3 0.0020 0 -16 27 241
C3 0.0018 0 0 27 35
B3 0.0017 0 -6 22 242
B1 0.0016 8 -95 98 417
I3 0.0013 0 -10 25 232
B1 0.0013 11 -12 143 272
B0 0.0013 22 -87 209 378
Q0 0.0013 17 279 186 352
B3 0.0012 -1 -29 18 320
L0 0.0011 -70 -6 6 225
B1 0.0011 126 89 180 335
B3 0.0011 -2 -55 54 348
B1 0.0011 110 -22 197 340
C2 0.0010 0 0 27 35
