B1 0.2952 93 61 172 383
D1 0.2025 92 30 166 415
B1 0.1868 190 38 256 409
B1 0.1849 137 57 175 387
B1 0.1625 164 70 205 372
B1 0.1362 157 51 196 392
B1 0.1061 180 49 230 365
B1 0.0822 144 80 174 353
B1 0.0619 119 40 177 381
B1 0.0583 178 63 215 382
B1 0.0461 76 39 140 374
B1 0.0354 214 46 258 350
B1 0.0337 80 34 117 369
B1 0.0168 169 97 196 370
B1 0.0157 171 88 262 377
B0 0.0132 87 73 177 367
B0 0.0129 168 77 259 368
G0 0.0115 169 78 256 368
D1 0.0086 87 59 183 356
B0 0.0085 80 74 252 365
Q0 0.0065 85 335 266 406
O0 0.0055 86 76 176 370
O0 0.0044 169 75 257 371
G0 0.0044 85 73 175 369
G0 0.0042 79 72 253 369
B1 0.0038 191 117 257 363
B1 0.0032 83 70 121 317
N0 0.0030 87 72 180 370
G3 0.0029 149 138 162 270
D1 0.0029 76 -8 107 431
Q0 0.0020 59 346 302 410
B1 0.0020 245 264 278 346
B0 0.0019 89 73 131 370
B3 0.0018 195 121 257 363
N0 0.0017 247 267 279 331
G3 0.0014 158 129 170 276
C0 0.0014 245 264 279 345
B1 0.0012 232 93 257 375
B0 0.0012 201 83 257 362
G0 0.0011 207 77 255 364
H3 0.0011 3 312 289 399
