B1 0.2033 44 21 411 120
G0 0.0873 20 22 424 149
I0 0.0812 17 23 423 150
D1 0.0661 20 17 433 124
D1 0.0298 79 19 402 149
G0 0.0191 3 -121 434 153
R0 0.0105 17 21 427 147
B1 0.0083 120 21 417 148
D1 0.0062 111 46 392 142
B0 0.0056 16 22 429 145
D1 0.0056 90 73 408 145
B1 0.0048 8 7 461 106
H3 0.0039 9 -93 434 142
R0 0.0033 7 -117 431 147
G0 0.0029 1 -117 437 61
D1 0.0021 57 92 438 163
D1 0.0021 62 122 433 161
D1 0.0018 -55 -9 490 124
C2 0.0017 179 31 232 72
B2 0.0015 181 31 232 74
R0 0.0014 22 17 267 135
D1 0.0011 23 18 313 118
H3 0.0010 12 -118 430 36
