A0 0.1936 99 5 510 277
B1 0.1269 11 4 565 468
B1 0.0934 61 82 527 440
B1 0.0793 79 20 526 319
A0 0.0626 51 -10 535 368
D1 0.0407 69 310 493 420
D1 0.0306 82 269 503 443
B1 0.0289 78 325 508 439
B1 0.0180 71 221 514 466
Q0 0.0155 80 10 534 432
H3 0.0140 82 4 527 440
N0 0.0107 76 13 520 430
B1 0.0104 95 7 513 163
O0 0.0101 74 16 529 442
A0 0.0093 89 6 514 177
P0 0.0089 86 20 155 447
K0 0.0072 95 27 248 429
B1 0.0063 104 367 503 442
D1 0.0044 64 366 509 443
D1 0.0037 83 197 520 420
P0 0.0037 94 -4 256 441
A0 0.0029 78 83 496 309
K0 0.0026 75 89 205 447
D1 0.0026 80 92 502 270
N0 0.0025 81 19 245 424
D1 0.0023 132 12 495 85
K0 0.0018 74 11 164 447
B0 0.0017 96 -30 275 434
M0 0.0015 79 22 228 440
B1 0.0014 57 171 523 404
C1 0.0012 72 329 561 438
P0 0.0011 77 62 179 437
C0 0.0011 470 45 524 436
D1 0.0010 465 34 526 439
A0 0.0010 162 -17 522 441
