B1 0.4168 85 62 190 385
B1 0.3833 107 69 233 368
B1 0.3783 50 79 154 394
D1 0.3121 40 59 156 423
B1 0.2147 36 65 124 393
D1 0.0855 33 55 122 401
D1 0.0432 136 36 231 379
G0 0.0338 111 58 236 370
B1 0.0335 119 91 199 384
B1 0.0292 66 38 173 407
D1 0.0171 101 44 223 360
B0 0.0162 35 59 160 384
G0 0.0145 35 60 159 387
B0 0.0136 106 57 238 373
B1 0.0088 186 58 247 364
D1 0.0076 176 -6 249 370
B0 0.0075 29 55 240 381
N0 0.0071 61 51 229 383
N0 0.0070 35 58 168 386
D1 0.0059 18 11 110 447
B1 0.0048 147 84 236 370
B0 0.0048 35 61 114 390
D1 0.0032 32 36 100 365
D1 0.0031 41 138 110 386
D1 0.0028 189 60 246 361
E3 0.0026 54 347 237 431
G0 0.0025 37 59 106 391
R0 0.0020 14 348 237 430
B1 0.0014 130 135 220 376
B1 0.0014 98 124 211 383
E3 0.0011 -41 362 228 430
B3 0.0010 65 142 157 389
B1 0.0010 304 329 336 426
Q0 0.0010 62 348 238 430
