D1 0.5670 41 18 251 71
B1 0.1679 31 19 263 77
D1 0.1250 62 46 243 76
D1 0.0641 56 40 245 87
D1 0.0308 55 43 239 67
B0 0.0159 37 23 254 87
D1 0.0153 55 36 231 71
H3 0.0139 35 21 255 89
A0 0.0109 36 22 258 88
G0 0.0107 37 23 252 88
D1 0.0102 28 -12 252 71
N0 0.0089 37 21 266 86
D1 0.0088 56 57 246 88
R0 0.0055 32 -69 272 91
D1 0.0037 43 21 265 55
H3 0.0035 30 -48 266 94
H3 0.0028 22 9 277 118
R0 0.0021 28 -63 270 36
G3 0.0021 81 48 157 62
N0 0.0020 26 -35 258 108
G3 0.0015 25 111 43 155
G3 0.0015 74 45 169 63
H3 0.0012 29 -49 256 8
E3 0.0011 26 72 121 206
D1 0.0010 45 -2 235 57
G0 0.0010 23 -53 254 16
