B1 0.4477 19 1 60 239
B1 0.3179 45 4 107 240
B1 0.2497 11 -30 61 281
B1 0.2462 27 1 72 241
B1 0.2116 68 26 110 235
B1 0.2055 34 15 88 241
B1 0.2025 18 30 49 231
B1 0.1780 57 -6 113 266
B1 0.1651 10 28 38 237
B1 0.1651 29 41 59 225
B1 0.0713 93 23 128 241
B1 0.0683 47 39 74 227
B1 0.0663 86 27 110 236
B1 0.0638 23 50 45 232
B1 0.0597 39 -17 77 270
B1 0.0427 13 7 36 196
B1 0.0427 14 -16 39 260
G0 0.0408 6 9 117 233
B1 0.0407 82 -10 112 271
B1 0.0378 57 47 77 228
G0 0.0307 43 23 112 232
B1 0.0307 10 -31 34 273
B1 0.0294 6 -20 30 239
B1 0.0260 90 11 117 240
Q0 0.0254 12 207 126 262
B1 0.0247 13 13 47 195
B1 0.0233 4 -62 36 316
B1 0.0211 0 -14 23 205
B1 0.0191 37 43 68 228
G0 0.0160 17 19 71 230
B1 0.0158 3 48 27 255
B1 0.0154 98 64 129 231
B1 0.0146 76 -28 119 256
K0 0.0128 15 221 106 238
B1 0.0111 10 6 101 38
B1 0.0111 11 6 113 82
B0 0.0106 12 20 108 239
B1 0.0096 42 54 62 240
B1 0.0092 -5 -54 18 294
C3 0.0078 88 217 127 240
G3 0.0055 16 102 26 182
B0 0.0053 13 19 53 238
G0 0.0052 98 57 129 234
B1 0.0052 54 18 100 193
C3 0.0047 119 175 128 202
B1 0.0046 87 71 120 238
D1 0.0043 -2 -25 18 242
D1 0.0042 -1 76 18 253
B1 0.0041 60 58 96 241
B1 0.0040 -1 24 14 227
B1 0.0035 14 62 34 248
B1 0.0031 -1 69 19 251
G0 0.0028 78 34 125 235
G3 0.0027 82 86 93 156
J0 0.0026 11 6 99 41
Q0 0.0025 3 1 114 77
D1 0.0025 99 77 129 244
G3 0.0023 55 106 65 197
B0 0.0022 11 17 77 255
Q0 0.0022 -13 191 131 264
Q0 0.0022 -40 213 131 262
K0 0.0021 14 206 108 239
G3 0.0021 28 73 38 179
B1 0.0018 59 61 84 240
B0 0.0018 6 12 25 253
G3 0.0017 17 123 31 215
B0 0.0017 -4 6 18 266
D1 0.0016 14 222 110 240
G3 0.0015 23 66 29 185
C2 0.0014 71 180 89 202
B1 0.0014 5 -11 109 176
G0 0.0014 -66 -8 26 269
G3 0.0014 15 77 25 181
C2 0.0014 66 42 81 57
G3 0.0014 54 84 65 226
N0 0.0014 82 85 93 152
G3 0.0013 50 105 60 196
C0 0.0013 66 42 81 57
N0 0.0012 -2 92 16 268
G3 0.0012 29 33 38 210
B0 0.0011 101 73 128 238
B1 0.0011 62 67 115 240
G3 0.0011 47 100 57 197
N0 0.0011 5 5 116 77
B1 0.0011 29 77 65 235
G0 0.0010 4 0 25 243
R0 0.0010 10 0 126 39
