D1 0.3665 6 39 245 194
D1 0.2966 3 31 200 168
D1 0.2964 -27 5 271 202
B1 0.2656 -22 40 292 183
D1 0.1986 0 5 237 154
B1 0.1316 52 41 269 171
D1 0.1220 32 20 284 177
D1 0.0968 10 -5 300 132
I0 0.0878 3 2 265 210
G0 0.0855 5 1 264 211
B1 0.0801 30 0 307 180
D1 0.0599 -14 -49 325 223
B0 0.0515 2 2 263 212
D1 0.0340 69 46 265 189
R0 0.0208 2 12 267 212
R0 0.0099 63 54 267 215
D1 0.0050 99 35 260 230
Q0 0.0048 138 158 256 234
Q0 0.0040 158 136 268 235
D1 0.0037 101 9 274 161
R0 0.0031 -1 108 269 282
D1 0.0028 5 45 166 214
E3 0.0026 8 141 119 241
D1 0.0025 58 0 292 235
R0 0.0021 111 155 262 239
R0 0.0017 121 131 266 231
F2 0.0017 178 103 265 238
F3 0.0014 185 55 264 226
G0 0.0013 92 9 269 221
R0 0.0013 180 77 264 232
R0 0.0012 83 101 269 233
R0 0.0012 0 123 225 257
Q0 0.0012 1 -21 85 92
C3 0.0011 96 -24 222 -1
R0 0.0010 133 92 267 226
R0 0.0010 104 23 270 231
