D1 0.3757 122 39 638 322
D1 0.2984 77 365 588 697
B1 0.1878 324 412 709 797
D1 0.1758 323 411 701 800
G3 0.1146 131 37 646 322
G3 0.0924 302 405 705 795
I0 0.0783 131 32 649 328
G3 0.0583 83 374 700 786
B3 0.0456 325 411 705 800
F3 0.0440 79 367 707 776
G0 0.0323 82 355 703 787
B0 0.0263 121 56 602 323
L0 0.0251 69 24 698 832
G3 0.0210 80 373 591 695
R0 0.0204 63 28 712 839
B1 0.0153 121 56 616 322
B0 0.0145 62 25 714 843
O0 0.0126 71 375 613 698
F3 0.0124 120 38 659 340
G0 0.0121 66 44 713 860
R0 0.0054 320 413 710 803
D1 0.0048 164 353 647 825
I0 0.0047 251 404 715 805
I0 0.0047 35 376 756 840
R0 0.0046 33 365 751 869
C3 0.0042 352 405 696 805
B0 0.0040 42 369 712 823
C1 0.0035 -20 -3 736 850
F3 0.0034 -42 347 774 924
B0 0.0033 324 419 717 793
G3 0.0027 521 0 688 38
D1 0.0018 170 372 571 643
I0 0.0012 9 600 782 892
B0 0.0012 -42 323 674 923
G3 0.0011 581 2 663 45
B1 0.0010 210 371 577 641
O0 0.0010 62 270 628 766
