B1 0.4220 56 69 241 179
D1 0.4069 53 72 246 181
D1 0.2869 71 41 237 114
B1 0.1154 72 42 236 112
D1 0.0643 76 45 223 96
K0 0.0601 131 0 199 52
G0 0.0111 50 73 243 179
A3 0.0111 130 0 200 53
G3 0.0108 128 -2 242 134
R0 0.0107 51 55 304 236
C2 0.0089 132 0 195 48
D1 0.0073 69 71 225 118
D1 0.0072 53 84 211 148
B0 0.0063 54 73 242 182
F2 0.0054 130 0 201 54
F2 0.0051 129 -1 233 75
G0 0.0044 40 48 299 225
C3 0.0042 131 0 200 54
D1 0.0037 67 65 233 147
G3 0.0037 175 77 235 101
N0 0.0035 36 -2 306 218
N0 0.0033 52 75 249 180
F2 0.0031 127 -4 239 146
N0 0.0031 122 -2 249 168
M0 0.0030 115 0 257 184
B0 0.0030 96 4 300 209
N0 0.0030 48 34 263 190
D1 0.0028 69 34 240 157
D1 0.0022 75 49 188 81
G3 0.0020 156 86 235 134
G3 0.0019 123 -3 291 190
B1 0.0018 85 -8 236 134
G3 0.0017 128 1 289 107
H3 0.0017 16 -1 294 215
K0 0.0015 116 -1 204 62
Q0 0.0010 132 -7 304 77
D1 0.0010 54 89 205 179
