B1 0.1748 29 -12 111 203
B1 0.1356 131 0 226 198
B1 0.1355 51 6 131 181
O0 0.1109 134 9 234 193
B1 0.0919 133 35 208 186
B1 0.0856 66 29 110 180
O0 0.0750 33 13 136 197
B1 0.0631 180 29 234 197
B1 0.0357 34 46 118 189
D2 0.0300 46 151 135 198
B1 0.0268 135 4 189 199
B1 0.0256 84 27 123 181
B1 0.0242 164 28 226 193
B1 0.0224 176 -31 236 227
B1 0.0200 111 -2 136 167
B1 0.0189 110 -27 146 178
B1 0.0169 33 -2 89 187
H3 0.0162 7 -27 246 199
B1 0.0149 127 -29 160 190
B0 0.0144 30 9 139 197
B1 0.0130 69 18 127 173
B1 0.0108 168 21 198 158
B1 0.0107 135 10 235 148
B0 0.0099 132 9 235 194
B1 0.0096 104 0 168 155
B0 0.0095 6 -19 228 204
B1 0.0092 82 2 139 172
B1 0.0073 129 -10 175 174
B1 0.0069 118 -5 147 168
N0 0.0060 32 13 134 198
E2 0.0058 47 152 137 198
G0 0.0051 5 -24 248 189
R0 0.0048 1 150 249 218
C3 0.0048 47 150 135 199
B1 0.0041 136 2 170 198
C3 0.0039 131 152 221 194
B1 0.0038 95 21 124 170
N0 0.0037 133 8 234 188
B1 0.0034 100 -5 135 173
D2 0.0032 132 152 221 193
B1 0.0030 116 18 135 170
B1 0.0030 92 37 129 188
E2 0.0030 130 152 223 194
B1 0.0029 34 15 126 159
B1 0.0027 159 11 218 145
B1 0.0027 30 -6 67 186
O0 0.0026 32 -12 242 197
B3 0.0025 186 16 234 198
L0 0.0023 13 178 239 223
B1 0.0022 132 -2 163 174
B0 0.0018 71 -9 245 195
B1 0.0015 171 20 232 150
G3 0.0015 30 179 237 223
B3 0.0015 135 32 187 180
G3 0.0013 120 75 132 151
B1 0.0012 110 35 135 192
C2 0.0012 94 78 104 124
C3 0.0011 74 62 101 84
D0 0.0010 8 176 229 225
C2 0.0010 171 17 198 34
