B1 0.5542 299 24 440 275
B1 0.4984 172 21 306 281
O0 0.1805 174 24 305 275
D0 0.0968 0 -2 59 127
C0 0.0636 0 -2 60 126
B1 0.0554 171 19 376 277
H3 0.0443 0 -3 59 127
B3 0.0352 172 25 308 280
B1 0.0324 271 31 353 259
C3 0.0083 561 -10 580 120
B2 0.0081 428 259 579 444
B1 0.0076 282 23 396 269
B3 0.0073 299 28 442 275
C0 0.0056 0 -5 63 199
N0 0.0044 -1 -3 59 128
Q0 0.0037 -1 -1 61 130
C3 0.0036 0 0 54 126
Q0 0.0033 560 5 579 121
K0 0.0028 286 46 339 251
Q0 0.0028 71 41 498 283
G0 0.0027 -1 0 62 127
B1 0.0025 0 -32 58 132
R0 0.0024 5 90 576 297
N0 0.0023 343 102 410 249
C0 0.0021 561 -6 579 124
E0 0.0020 563 -3 579 127
B3 0.0020 161 16 399 286
Q0 0.0016 554 -59 579 123
H3 0.0016 0 -3 66 228
N0 0.0016 31 -4 541 285
F3 0.0016 552 0 578 308
C2 0.0015 559 -4 579 121
B0 0.0015 0 0 60 292
R0 0.0015 -1 1 60 309
B1 0.0014 306 23 419 119
H3 0.0013 562 -7 579 209
Q0 0.0013 116 61 372 266
F3 0.0013 539 6 578 331
B0 0.0012 557 -1 578 275
K0 0.0011 431 187 579 456
C3 0.0010 562 22 580 141
D0 0.0010 -1 6 65 365
O0 0.0010 245 36 437 278
O0 0.0010 126 27 501 282
