D1 0.6067 35 28 249 135
B1 0.4755 66 36 252 123
D1 0.4515 -2 17 276 147
D1 0.1521 84 35 250 122
B1 0.1302 33 31 235 139
F3 0.0498 29 39 252 135
B0 0.0443 29 37 256 136
G3 0.0443 31 39 250 136
D1 0.0242 30 17 218 117
R0 0.0181 29 39 272 146
I0 0.0136 28 40 271 143
N0 0.0110 28 38 255 137
D1 0.0084 41 52 240 148
C1 0.0078 28 36 260 133
D1 0.0063 229 156 283 174
G0 0.0058 30 37 263 136
R0 0.0037 20 50 289 175
R0 0.0035 229 156 283 173
D1 0.0030 33 39 198 91
R0 0.0029 17 -46 280 153
K0 0.0026 33 63 117 134
N0 0.0023 93 41 252 126
B1 0.0020 28 50 190 135
H3 0.0015 33 62 108 134
C1 0.0011 11 -47 274 164
R0 0.0011 14 77 293 196
B1 0.0010 31 60 146 134
