D1 0.1691 178 -24 297 416
B1 0.1670 37 -19 169 405
D1 0.1432 25 -25 171 439
B1 0.1169 180 -29 294 389
D1 0.0487 141 -46 283 446
B1 0.0372 74 -75 286 445
D1 0.0274 66 -86 312 479
D1 0.0269 109 -47 224 416
G0 0.0262 185 18 292 384
D1 0.0238 77 -71 248 427
D1 0.0224 49 -17 166 356
B1 0.0210 132 -3 227 381
I0 0.0208 184 17 293 384
N0 0.0192 182 12 292 387
B0 0.0171 182 16 295 389
B0 0.0163 50 15 164 391
N0 0.0151 48 13 164 390
B1 0.0148 143 10 207 377
B1 0.0136 23 -61 213 462
D1 0.0108 15 -85 259 474
B1 0.0094 55 -112 182 461
D1 0.0093 119 -16 204 387
M0 0.0054 54 15 165 388
B1 0.0050 161 24 309 439
B1 0.0045 49 83 163 405
B1 0.0044 49 -177 267 516
B0 0.0040 43 11 232 388
B0 0.0034 23 6 337 395
B1 0.0024 55 -3 164 323
D1 0.0015 140 29 203 375
B1 0.0011 106 13 285 414
B1 0.0010 184 103 290 400
