B1 0.5031 61 38 103 163
B1 0.4867 105 38 145 165
B1 0.3373 187 69 204 160
B1 0.3128 160 65 193 160
B1 0.2586 159 55 237 160
B1 0.2545 240 95 292 162
B1 0.2444 196 65 231 160
B1 0.1326 177 63 212 159
B3 0.0795 107 39 145 162
B3 0.0793 62 40 103 162
O0 0.0756 63 40 103 163
O0 0.0558 241 94 292 162
B1 0.0378 166 42 233 61
B1 0.0319 154 37 193 158
B1 0.0309 161 54 176 157
B1 0.0306 99 36 112 157
G3 0.0256 190 70 203 151
B1 0.0168 157 37 179 157
B1 0.0166 159 41 170 160
B1 0.0136 108 37 133 163
C0 0.0121 166 41 233 61
B1 0.0118 291 94 299 166
G3 0.0103 199 70 218 154
G3 0.0098 100 55 110 142
B1 0.0095 61 39 75 158
G3 0.0095 173 67 185 144
G3 0.0094 182 66 193 152
B3 0.0091 239 94 292 162
N0 0.0084 74 50 100 141
B1 0.0075 192 34 238 161
G0 0.0069 161 62 233 162
B1 0.0068 135 36 163 159
B3 0.0068 64 49 81 161
B1 0.0067 222 51 244 162
G3 0.0065 110 53 121 147
H3 0.0063 164 40 233 66
G3 0.0063 80 44 99 149
G3 0.0058 63 48 75 148
G3 0.0058 199 70 211 156
G3 0.0057 67 45 77 151
G3 0.0055 162 60 174 150
B1 0.0050 138 40 157 156
G3 0.0049 291 80 300 171
G3 0.0038 194 69 206 157
G3 0.0036 204 69 225 154
B1 0.0035 163 39 235 71
B3 0.0032 109 43 124 161
B3 0.0030 185 68 205 161
G3 0.0030 178 56 193 165
G3 0.0030 169 62 180 151
G3 0.0029 128 43 143 147
B3 0.0029 162 64 194 163
G3 0.0028 174 52 187 167
B1 0.0027 136 31 174 160
N0 0.0027 127 44 143 147
G3 0.0027 101 28 110 158
G3 0.0027 211 64 225 156
O0 0.0027 162 64 195 162
G3 0.0026 159 58 168 141
G3 0.0024 170 75 191 161
I0 0.0022 289 95 300 163
R0 0.0022 5 37 281 167
N0 0.0021 206 68 225 144
G0 0.0020 10 34 291 166
G0 0.0020 235 78 300 163
I0 0.0019 238 92 299 164
G3 0.0017 94 48 104 148
G3 0.0017 162 57 172 136
B1 0.0017 287 93 299 168
G3 0.0017 85 40 101 153
N0 0.0015 120 48 140 143
G3 0.0015 107 46 118 154
I0 0.0015 161 62 233 163
N0 0.0014 74 29 98 170
B1 0.0014 158 32 173 147
G3 0.0014 167 42 180 175
C3 0.0014 166 41 232 66
G0 0.0013 283 58 300 168
B3 0.0013 196 66 230 162
L0 0.0012 163 15 168 24
B0 0.0012 157 59 231 164
B3 0.0011 222 60 243 161
B1 0.0011 277 93 296 169
G0 0.0010 189 72 220 113
