B1 0.8104 105 44 208 212
D1 0.7091 17 47 115 215
D1 0.3568 109 47 207 213
B3 0.1357 16 44 116 216
C1 0.1181 0 11 11 213
B3 0.0692 109 47 208 213
C1 0.0582 218 9 224 213
C1 0.0380 213 6 224 216
B3 0.0093 212 -1 224 217
C1 0.0082 0 5 8 196
C1 0.0068 0 4 17 220
B3 0.0047 0 21 8 213
N0 0.0034 15 45 116 216
F3 0.0031 0 36 8 239
F3 0.0028 39 0 183 7
C1 0.0024 206 3 224 210
C1 0.0017 0 41 8 232
F3 0.0015 0 88 8 223
C1 0.0015 0 0 5 214
F3 0.0014 0 15 5 227
B3 0.0013 204 0 223 224
F3 0.0012 87 0 224 7
F3 0.0011 20 0 220 16
E1 0.0011 222 30 225 217
