B1 0.3308 109 104 202 199
B1 0.1157 42 67 112 196
B1 0.1157 37 62 111 132
B1 0.0888 64 61 113 195
B1 0.0885 39 89 78 204
B1 0.0544 39 49 85 209
B1 0.0384 67 138 87 199
D1 0.0344 2 0 114 32
B1 0.0274 59 121 73 205
R0 0.0248 1 -1 207 205
G0 0.0232 38 48 114 206
G0 0.0223 25 -2 173 207
B1 0.0203 34 40 118 206
B1 0.0193 55 45 133 204
B1 0.0172 109 101 169 198
B1 0.0166 59 128 90 201
I0 0.0153 3 -1 117 211
G0 0.0151 23 -1 121 208
I0 0.0149 0 0 111 31
I0 0.0147 8 -3 197 203
R0 0.0142 1 -1 117 213
I0 0.0138 39 59 115 206
G0 0.0124 0 0 111 32
B1 0.0116 56 100 77 203
B1 0.0100 66 128 81 207
B1 0.0099 75 46 115 208
B0 0.0084 -2 -8 216 207
D1 0.0083 38 2 86 26
B1 0.0063 56 109 104 206
B1 0.0054 33 33 167 213
B1 0.0045 6 0 114 32
E0 0.0038 127 110 200 202
B0 0.0036 1 78 202 202
C2 0.0036 43 75 76 116
R0 0.0034 37 59 113 208
B1 0.0034 29 83 204 195
F2 0.0032 2 0 115 16
H3 0.0032 39 26 113 223
E0 0.0031 150 128 201 198
B1 0.0029 40 72 75 123
B1 0.0029 145 115 200 195
H3 0.0027 37 60 112 126
I0 0.0026 23 63 170 206
B1 0.0023 91 59 114 209
C0 0.0023 109 90 197 172
C3 0.0022 150 130 201 198
I0 0.0020 5 86 199 202
G3 0.0019 60 124 69 200
G3 0.0018 41 119 50 192
C0 0.0018 133 106 183 183
E0 0.0017 37 60 110 122
G0 0.0017 0 0 220 189
B1 0.0016 16 90 215 169
F2 0.0016 -2 0 115 26
H3 0.0016 0 101 209 206
B1 0.0015 43 119 74 208
B0 0.0013 109 107 202 197
D1 0.0013 22 23 176 218
D1 0.0013 -5 70 222 177
C0 0.0012 7 54 228 180
B2 0.0012 24 7 42 24
O0 0.0012 40 71 75 122
H3 0.0011 -1 1 224 175
H3 0.0011 39 62 111 81
B1 0.0010 75 70 111 131
N0 0.0010 44 74 79 115
B1 0.0010 65 21 122 209
D1 0.0010 111 128 201 201
C2 0.0010 5 8 23 23
I0 0.0010 -1 -4 126 43
G3 0.0010 49 126 61 196
E0 0.0010 40 62 107 80
