B1 0.4607 0 74 129 279
B1 0.2356 107 62 254 278
B0 0.0681 97 70 258 275
B1 0.0562 39 77 127 272
N0 0.0376 1 73 128 276
M0 0.0244 1 71 129 279
O0 0.0226 1 71 129 280
B1 0.0182 101 24 169 294
C0 0.0166 110 60 257 284
O0 0.0144 103 70 257 275
B1 0.0138 89 26 229 301
B0 0.0129 1 71 130 277
B1 0.0102 0 66 86 281
G3 0.0090 271 37 278 65
B1 0.0072 1 50 43 282
H3 0.0061 87 57 246 273
B1 0.0056 63 71 129 249
G0 0.0046 99 71 259 271
D0 0.0030 106 94 251 277
H3 0.0029 7 13 293 281
B0 0.0023 1 12 308 281
H3 0.0023 117 68 258 227
B1 0.0021 101 98 159 264
K0 0.0019 129 72 248 122
B1 0.0017 48 57 147 280
R0 0.0016 1 -4 303 290
B0 0.0015 9 37 198 285
B1 0.0014 69 40 161 281
F3 0.0012 90 291 303 320
C0 0.0011 129 72 245 121
D0 0.0011 13 277 174 320
C3 0.0010 186 128 201 144
L0 0.0010 59 -1 241 27
H3 0.0010 130 73 245 123
