B2 0.9555 12 1 242 171
B2 0.7176 23 96 207 187
B2 0.1458 18 3 180 159
B2 0.1414 18 53 229 174
B2 0.0881 0 41 100 147
B2 0.0226 0 0 36 129
B2 0.0184 0 0 34 83
B2 0.0172 19 28 141 157
B2 0.0148 21 76 175 163
B2 0.0100 89 0 161 53
B2 0.0097 25 83 107 158
B2 0.0073 13 0 147 87
B2 0.0069 53 85 239 186
B2 0.0066 96 1 244 172
B2 0.0057 0 86 28 188
D2 0.0056 250 0 266 86
B2 0.0049 0 33 76 170
B2 0.0049 4 6 135 141
G3 0.0045 0 0 36 57
B2 0.0042 103 0 154 48
C2 0.0039 252 2 266 58
B2 0.0035 17 85 145 172
B2 0.0034 0 0 38 56
C0 0.0033 0 0 21 17
B2 0.0033 0 0 33 192
B2 0.0020 0 39 29 115
B2 0.0018 0 46 20 121
D2 0.0016 0 10 16 53
B2 0.0016 0 44 74 121
B2 0.0015 20 4 74 60
B2 0.0015 0 42 14 142
D2 0.0014 255 -4 266 126
B2 0.0014 0 0 59 124
F2 0.0011 146 0 266 186
B2 0.0010 108 80 243 184
B2 0.0010 0 38 12 179
D2 0.0010 243 1 266 79
