B2 0.2898 58 5 532 175
B2 0.1737 214 86 543 277
B2 0.1524 0 139 128 273
B2 0.1393 28 84 619 311
B2 0.1374 -6 82 351 279
D2 0.1060 0 138 128 275
B2 0.0776 123 79 501 328
B2 0.0766 -31 0 521 216
D2 0.0689 285 89 543 279
D2 0.0630 42 4 550 179
B2 0.0585 41 36 434 242
B2 0.0496 148 211 289 318
D2 0.0429 166 85 560 279
D2 0.0339 67 40 556 324
E2 0.0310 60 8 555 348
F2 0.0306 4 -5 530 298
B2 0.0274 69 65 384 230
E2 0.0245 -14 -13 559 198
B2 0.0239 -31 -15 540 320
B2 0.0215 23 -1 318 147
B2 0.0142 324 0 523 120
B2 0.0136 90 117 345 229
Q0 0.0115 1 -4 530 289
C2 0.0080 91 96 162 181
B2 0.0078 -71 67 449 260
E2 0.0072 0 -67 596 378
R0 0.0070 250 125 541 316
Q0 0.0065 247 120 539 315
F2 0.0062 62 64 539 315
F2 0.0054 0 -2 303 165
B2 0.0047 1 91 239 273
Q0 0.0046 144 93 538 319
B2 0.0045 15 -9 327 236
B2 0.0044 4 117 170 273
B2 0.0043 324 89 539 274
B2 0.0037 31 -55 639 354
F2 0.0036 2 -3 310 278
B2 0.0035 51 -1 306 110
B2 0.0033 72 -16 590 271
B2 0.0030 105 182 159 215
Q0 0.0029 -2 -1 302 158
C2 0.0027 0 207 33 261
B2 0.0027 95 116 180 186
B2 0.0027 14 48 435 182
C2 0.0026 89 113 175 186
B2 0.0024 138 136 341 234
D2 0.0023 79 -38 621 343
B2 0.0022 92 136 406 237
B2 0.0020 174 -26 537 226
C2 0.0020 126 -109 185 -80
B2 0.0020 219 -11 528 169
Q0 0.0017 0 -3 309 278
F2 0.0016 52 -1 301 112
K0 0.0015 362 -2 523 116
D2 0.0015 356 -109 410 -83
R0 0.0015 254 138 548 442
C2 0.0014 335 18 405 63
C3 0.0013 0 207 33 262
C3 0.0013 3 133 109 270
D2 0.0013 6 0 362 231
C2 0.0012 464 119 540 163
E2 0.0012 -11 -43 480 257
B2 0.0011 272 -9 534 281
C2 0.0011 141 213 300 280
B2 0.0011 106 106 455 252
B2 0.0010 100 83 328 332
C2 0.0010 93 94 156 159
D2 0.0010 302 85 531 223
B2 0.0010 -38 -15 380 270
