E0 0.1422 365 0 586 159
E2 0.1411 -51 227 523 663
A2 0.0908 -39 200 516 676
E0 0.0663 -1 223 492 721
A2 0.0604 368 -1 586 160
A2 0.0549 -1 310 376 624
E0 0.0531 -5 105 580 768
A2 0.0389 140 197 431 465
F2 0.0387 2 398 483 728
E0 0.0366 210 469 451 733
C3 0.0285 364 0 584 157
B2 0.0279 212 470 450 732
B2 0.0202 258 190 385 331
H3 0.0196 366 0 588 161
H3 0.0185 -6 12 588 777
A2 0.0164 164 262 417 483
C2 0.0139 312 196 381 320
A2 0.0132 23 193 511 552
C2 0.0124 0 439 67 513
C2 0.0118 335 474 448 564
E2 0.0098 -30 378 486 701
A3 0.0096 208 471 449 733
D2 0.0096 -11 -3 590 769
E0 0.0092 188 223 466 728
C2 0.0090 255 196 381 319
D2 0.0081 316 196 380 322
F2 0.0079 195 233 466 732
A2 0.0078 108 221 444 540
B2 0.0075 314 193 380 316
F2 0.0074 251 189 389 332
F2 0.0071 130 460 447 737
D2 0.0069 255 186 388 332
A2 0.0068 438 0 582 107
B2 0.0065 1 437 66 515
B2 0.0064 6 314 353 625
E2 0.0046 66 396 402 639
Q0 0.0040 -1 631 247 777
A2 0.0038 0 321 268 602
A2 0.0034 254 186 379 332
Q0 0.0033 0 2 365 309
E0 0.0033 211 431 451 665
A2 0.0030 7 420 413 726
A2 0.0029 190 188 395 438
C3 0.0028 214 228 470 696
F2 0.0028 441 0 579 102
D2 0.0027 230 641 317 726
E0 0.0027 71 302 477 764
F2 0.0025 -33 274 477 632
C3 0.0025 -4 598 323 779
C2 0.0024 1 440 69 562
A2 0.0024 145 193 407 351
Q0 0.0023 0 617 593 780
C2 0.0022 -1 609 56 629
Q0 0.0020 324 632 583 776
Q0 0.0020 -39 593 259 788
A2 0.0019 27 215 452 474
C2 0.0019 225 640 318 725
E0 0.0018 6 586 439 784
E2 0.0018 475 0 585 64
D2 0.0017 -9 209 522 767
F2 0.0017 173 473 348 732
E3 0.0017 333 627 591 773
F2 0.0016 8 381 417 648
C3 0.0016 468 0 584 89
C3 0.0016 -6 -2 583 770
B2 0.0016 315 193 376 252
F2 0.0015 466 1 585 84
Q0 0.0015 0 2 565 311
B2 0.0014 59 421 125 483
C2 0.0014 306 478 445 582
D2 0.0013 -3 7 586 292
E0 0.0012 434 -2 584 148
H3 0.0012 -9 225 520 765
Q0 0.0012 1 631 377 778
B2 0.0011 352 347 434 432
A2 0.0011 148 150 518 374
C2 0.0011 1 451 53 516
B2 0.0011 194 183 434 431
B2 0.0010 209 182 476 364
G3 0.0010 -1 610 57 628
A2 0.0010 47 310 317 507
C3 0.0010 513 0 585 52
F2 0.0010 51 323 270 480
R0 0.0010 -15 -12 411 320
