B2 0.3504 51 121 219 234
B2 0.1235 47 28 235 193
F2 0.0720 28 99 231 241
B2 0.0495 84 30 255 171
B2 0.0230 184 40 256 122
B2 0.0182 33 74 242 216
B2 0.0152 49 71 197 192
C2 0.0127 39 137 68 162
K0 0.0126 25 189 95 253
D2 0.0122 34 35 256 205
F2 0.0121 27 52 264 229
Q0 0.0113 10 16 270 265
D2 0.0113 13 24 265 265
B2 0.0109 22 101 217 248
C3 0.0105 25 188 94 252
H0 0.0085 187 40 256 123
C2 0.0081 221 87 256 116
B2 0.0077 26 37 288 218
C2 0.0077 184 121 232 160
Q0 0.0075 19 118 239 256
D2 0.0073 22 118 233 254
C2 0.0067 35 198 72 235
B2 0.0066 161 120 232 169
F2 0.0066 74 31 270 214
Q0 0.0063 49 34 256 191
H3 0.0052 3 0 261 273
E3 0.0045 48 34 257 195
C3 0.0033 159 119 233 181
B2 0.0031 101 118 235 224
B2 0.0025 35 152 207 243
B2 0.0025 222 87 256 116
D2 0.0023 222 87 256 116
R0 0.0019 16 113 254 262
C2 0.0018 189 42 222 113
B2 0.0018 32 93 158 255
B2 0.0018 39 104 177 192
F2 0.0017 160 120 233 163
F2 0.0016 65 92 245 209
C2 0.0015 39 136 69 181
C2 0.0015 190 145 225 160
B2 0.0015 119 33 256 139
B2 0.0014 25 188 114 253
G3 0.0014 38 190 90 236
C2 0.0014 33 190 84 234
B2 0.0012 139 119 234 212
E3 0.0010 2 13 56 180
