B2 0.5133 2 97 443 188
B2 0.2792 426 118 547 225
D2 0.1726 -13 93 485 187
D2 0.0931 425 119 547 226
C2 0.0862 176 170 276 267
B2 0.0688 179 98 433 183
C2 0.0587 203 108 344 179
D2 0.0534 64 154 381 337
E2 0.0464 65 155 385 335
C2 0.0437 456 122 549 215
B2 0.0414 41 99 361 180
K0 0.0374 332 157 468 285
B2 0.0374 204 152 465 338
B2 0.0356 6 132 227 334
E2 0.0318 24 85 464 189
C2 0.0222 427 132 494 188
G3 0.0218 48 99 442 186
B2 0.0194 335 160 434 284
D2 0.0172 216 221 364 337
D2 0.0166 176 148 471 340
D2 0.0153 -2 120 250 333
E2 0.0146 -48 151 439 339
C2 0.0127 251 315 345 337
E2 0.0122 174 164 280 268
K0 0.0119 334 161 415 285
E2 0.0110 164 153 453 340
K0 0.0097 425 119 546 223
D2 0.0096 252 315 355 337
K0 0.0095 -9 156 388 338
C2 0.0089 428 132 509 207
K0 0.0088 65 155 245 322
D2 0.0080 179 164 276 268
B2 0.0075 86 97 317 243
D2 0.0072 102 159 213 252
G3 0.0071 31 93 541 216
B2 0.0069 70 100 382 217
K0 0.0066 102 157 212 253
D2 0.0064 235 170 361 265
C2 0.0064 114 110 237 168
E2 0.0063 143 161 300 281
E2 0.0062 216 223 363 336
C2 0.0059 334 217 398 278
B2 0.0059 240 93 548 231
C2 0.0056 334 183 405 280
A3 0.0054 42 156 367 329
K0 0.0052 35 139 288 337
D2 0.0050 -2 104 478 334
C2 0.0048 315 110 427 174
B2 0.0047 470 120 521 157
C3 0.0047 0 -3 46 84
B2 0.0044 282 96 463 175
C2 0.0043 453 152 550 222
L0 0.0043 0 115 479 336
K0 0.0043 179 163 279 269
C2 0.0041 88 256 213 327
A3 0.0039 0 -3 46 89
B2 0.0037 43 104 292 170
E2 0.0037 227 166 359 273
A3 0.0036 0 -3 18 55
C2 0.0036 214 224 365 335
C2 0.0035 76 110 278 168
G3 0.0033 300 111 409 174
K0 0.0031 81 157 288 266
C2 0.0031 0 -2 18 39
C2 0.0029 216 265 282 331
B2 0.0029 -38 190 396 343
G3 0.0029 73 109 263 168
C2 0.0028 362 99 432 163
C2 0.0027 217 111 310 177
B2 0.0026 309 98 434 170
D2 0.0025 11 83 541 282
L0 0.0025 13 85 545 248
B2 0.0024 0 -2 18 39
B2 0.0023 333 115 543 227
B2 0.0021 18 199 227 334
B2 0.0021 -2 146 328 338
K0 0.0020 327 149 445 330
F2 0.0020 0 -5 46 159
B2 0.0020 365 100 431 157
D2 0.0020 129 161 362 273
C2 0.0020 470 120 522 157
B2 0.0019 125 92 291 272
B2 0.0019 104 208 398 339
C3 0.0017 509 -1 546 36
E3 0.0017 350 171 548 337
B2 0.0017 367 100 429 134
G3 0.0016 -1 121 472 341
D2 0.0016 -2 9 491 317
G3 0.0016 509 1 546 164
E3 0.0015 0 5 42 194
D2 0.0015 24 99 272 263
E3 0.0015 510 4 546 161
C2 0.0014 201 99 237 117
N0 0.0014 242 107 375 180
C3 0.0013 0 -3 18 39
E3 0.0013 450 0 544 163
K0 0.0013 0 2 41 193
B2 0.0013 122 80 404 184
C2 0.0013 265 176 352 241
B2 0.0013 21 216 301 340
C2 0.0012 456 171 539 224
C2 0.0012 428 133 472 180
G3 0.0012 212 109 301 177
B2 0.0012 131 109 231 167
E3 0.0012 392 0 545 154
E2 0.0011 313 97 435 169
B2 0.0011 263 92 311 116
G3 0.0011 429 132 497 185
C2 0.0011 52 116 179 166
G3 0.0011 221 98 549 225
C2 0.0011 227 109 395 180
C2 0.0011 100 241 219 276
E2 0.0011 427 117 544 213
G3 0.0011 225 104 438 181
B2 0.0010 318 111 535 312
C2 0.0010 469 121 537 171
B2 0.0010 89 67 479 186
D2 0.0010 202 99 237 117
D2 0.0010 34 214 374 337
B2 0.0010 82 244 229 336
C3 0.0010 0 -13 19 89
