D2 0.1781 34 109 153 217
D2 0.1376 211 25 397 226
A2 0.1278 14 0 262 127
D2 0.1175 10 0 255 122
B2 0.1086 11 0 260 126
C2 0.0979 134 141 211 193
C2 0.0941 18 22 65 80
G3 0.0684 216 1 340 26
A2 0.0663 18 -4 296 173
D2 0.0633 0 0 26 22
G3 0.0592 0 60 27 100
D2 0.0578 24 98 226 216
B2 0.0545 15 -6 289 173
B2 0.0536 123 0 236 84
D2 0.0506 7 36 244 215
D2 0.0405 192 0 341 28
D2 0.0397 0 66 98 224
F2 0.0391 18 -20 366 217
A2 0.0381 87 47 352 221
D2 0.0381 104 138 216 224
D2 0.0337 101 44 351 223
B2 0.0321 0 0 45 97
G3 0.0289 364 -5 399 103
C2 0.0284 0 0 26 22
G3 0.0264 238 5 341 27
B2 0.0247 0 0 27 74
B2 0.0244 14 0 205 102
E2 0.0240 213 30 394 226
B2 0.0231 -3 -14 366 210
B2 0.0226 185 0 342 28
Q0 0.0218 3 -3 390 223
D2 0.0197 126 140 213 195
B2 0.0196 112 80 342 221
D2 0.0191 107 187 208 221
E0 0.0181 2 -3 400 222
G3 0.0178 191 0 282 18
E2 0.0172 106 188 195 222
A0 0.0169 1 -6 404 223
D2 0.0166 124 0 236 85
E2 0.0157 182 0 342 27
C2 0.0153 107 191 189 221
C3 0.0149 210 34 392 222
B2 0.0145 128 0 176 17
D2 0.0145 4 -4 317 209
C2 0.0144 0 61 27 99
C2 0.0143 127 0 177 17
C2 0.0142 38 1 104 38
A2 0.0134 0 -28 416 237
D2 0.0120 0 0 46 104
D2 0.0110 39 2 102 38
D2 0.0108 14 70 173 218
G3 0.0104 227 1 277 20
D2 0.0100 77 68 292 200
C2 0.0095 151 101 234 168
G3 0.0095 222 2 308 21
C2 0.0084 100 2 168 42
C2 0.0083 1 67 98 221
C3 0.0078 0 16 22 47
C2 0.0074 19 25 62 65
G3 0.0072 180 0 347 36
E2 0.0071 0 0 26 53
B2 0.0067 359 -1 400 109
C3 0.0065 36 106 150 218
D2 0.0063 -21 -19 244 230
D2 0.0060 0 0 26 52
D2 0.0058 318 46 344 62
B2 0.0057 30 0 249 81
D2 0.0057 0 78 37 224
B2 0.0055 34 107 156 217
B2 0.0054 101 2 166 41
G3 0.0054 195 3 367 27
B2 0.0053 0 16 21 47
D2 0.0052 36 72 261 223
G3 0.0051 385 -18 400 127
C2 0.0050 0 0 26 37
C2 0.0050 126 0 183 28
D2 0.0048 0 65 94 169
G3 0.0046 169 0 300 19
C2 0.0045 10 80 83 155
C2 0.0045 0 101 14 190
D2 0.0043 123 88 270 205
C2 0.0042 55 30 107 90
D2 0.0040 358 0 399 108
C2 0.0040 32 142 71 197
K0 0.0040 359 0 399 108
D2 0.0039 105 134 309 222
C2 0.0039 41 1 99 26
A2 0.0038 212 20 399 201
C2 0.0037 0 16 22 47
B2 0.0037 106 136 304 222
B2 0.0036 109 190 188 221
B2 0.0035 44 0 96 17
E2 0.0034 0 0 48 111
B2 0.0032 98 1 146 40
D2 0.0032 49 132 230 222
D2 0.0031 226 0 348 60
G3 0.0031 0 92 7 111
D2 0.0031 0 0 44 57
E2 0.0031 105 171 196 221
B2 0.0030 35 0 108 39
B2 0.0030 0 0 45 59
C2 0.0029 -1 0 46 57
G3 0.0029 388 -48 400 146
D2 0.0028 41 -26 409 239
B2 0.0028 192 104 346 222
G3 0.0028 372 5 399 110
D2 0.0026 202 109 345 222
G3 0.0025 1 73 24 114
B2 0.0025 20 105 215 219
G3 0.0025 181 0 371 82
D2 0.0024 0 57 29 210
B2 0.0024 16 1 109 91
E2 0.0024 0 0 26 25
B2 0.0023 200 191 294 222
D2 0.0023 108 197 185 222
A2 0.0022 226 2 353 63
Q0 0.0022 16 -1 258 126
G3 0.0021 0 88 8 99
C2 0.0021 2 72 82 137
D2 0.0020 101 99 329 223
E2 0.0020 70 0 196 48
B2 0.0020 111 186 319 222
H3 0.0020 1 3 395 223
B2 0.0019 80 0 190 49
E2 0.0019 0 58 29 101
G3 0.0018 0 37 26 102
G3 0.0017 359 -1 400 201
B2 0.0017 21 23 63 66
C2 0.0017 138 99 209 159
E2 0.0016 36 0 106 38
G3 0.0016 188 0 400 107
C2 0.0016 0 35 25 103
G3 0.0016 332 0 401 108
D2 0.0016 40 8 90 37
D2 0.0016 43 1 98 26
C3 0.0015 1 67 109 222
C2 0.0015 19 23 89 80
C2 0.0015 0 2 29 51
G3 0.0015 6 -2 388 65
Q0 0.0015 11 -3 270 217
C2 0.0015 61 111 128 188
D2 0.0014 -1 -3 44 225
G3 0.0014 207 -7 349 48
E2 0.0014 206 191 288 221
F3 0.0013 0 3 40 105
D2 0.0013 0 32 96 189
D2 0.0012 223 1 346 34
B2 0.0012 166 190 310 223
D2 0.0012 169 -9 347 29
E2 0.0012 224 3 348 57
B2 0.0012 0 0 98 107
B2 0.0012 0 0 26 19
B2 0.0012 0 -16 237 201
C3 0.0012 0 13 23 62
C2 0.0011 287 119 330 167
E2 0.0011 0 56 28 124
G3 0.0011 0 0 45 61
G3 0.0011 -1 -2 44 211
B2 0.0010 357 -28 399 223
C2 0.0010 37 142 68 171
E2 0.0010 58 -1 239 66
C2 0.0010 93 41 162 81
C2 0.0010 244 19 341 48
