B2 0.3763 33 134 281 279
D2 0.3663 104 71 341 194
B2 0.3593 106 70 340 195
D2 0.2395 145 83 364 213
A2 0.2025 -1 23 156 125
C2 0.1963 0 33 39 74
D2 0.1803 30 130 282 279
B2 0.1606 150 84 363 210
F2 0.0895 6 121 289 282
D2 0.0866 9 118 144 241
F2 0.0825 -3 66 168 116
B2 0.0805 -1 22 161 126
C2 0.0546 310 159 351 202
B2 0.0499 0 115 254 254
B2 0.0484 109 73 217 183
F2 0.0323 0 23 146 119
D2 0.0311 109 73 215 182
D2 0.0256 5 117 208 242
E3 0.0235 105 74 358 209
B2 0.0231 10 116 162 239
E3 0.0222 8 117 270 286
E2 0.0181 29 105 288 274
B2 0.0158 85 161 270 285
E2 0.0135 9 117 130 240
A2 0.0104 1 24 139 97
D2 0.0086 181 111 359 209
B2 0.0079 276 137 359 208
Q0 0.0078 100 71 362 208
C2 0.0069 306 140 358 201
Q0 0.0067 8 116 279 286
C2 0.0065 222 189 263 213
C3 0.0062 9 116 133 240
D2 0.0062 114 172 268 284
G3 0.0049 103 71 359 213
B2 0.0047 185 119 358 209
Q0 0.0046 0 8 366 336
F2 0.0044 2 24 137 91
D2 0.0043 118 73 260 181
D2 0.0041 206 188 268 281
B2 0.0041 210 253 254 283
R0 0.0037 4 114 277 290
Q0 0.0037 13 40 375 235
D2 0.0036 10 28 362 325
B0 0.0035 6 295 186 360
E3 0.0035 2 27 338 335
C2 0.0034 135 86 187 134
E2 0.0032 205 187 268 282
B2 0.0032 223 189 263 212
C3 0.0031 209 254 255 284
C2 0.0029 112 132 171 180
G3 0.0026 2 72 124 104
C2 0.0026 209 254 255 284
C2 0.0025 146 94 183 134
A3 0.0024 278 137 360 208
B2 0.0024 0 74 36 99
G3 0.0023 18 71 132 97
D2 0.0023 226 127 358 209
E3 0.0021 -1 22 167 120
E3 0.0020 3 274 188 360
A3 0.0018 0 29 41 88
E2 0.0017 112 72 193 175
C2 0.0017 0 75 36 109
A2 0.0017 42 24 137 76
C2 0.0017 171 92 236 156
E2 0.0017 13 119 90 238
G3 0.0016 -14 66 150 103
E0 0.0015 0 29 42 95
D0 0.0014 15 309 244 362
A3 0.0014 302 139 359 202
D2 0.0014 81 55 362 278
D0 0.0014 9 291 180 362
F2 0.0013 0 68 168 99
F2 0.0013 25 0 175 13
D2 0.0013 8 14 361 219
B2 0.0012 54 25 94 65
C2 0.0012 108 78 193 143
C2 0.0012 182 212 223 269
D2 0.0012 122 79 194 137
C2 0.0012 252 134 315 174
D2 0.0012 7 100 291 316
D2 0.0011 149 92 182 132
E3 0.0011 -13 258 342 361
H3 0.0010 0 280 187 357
Q0 0.0010 -1 268 190 359
F2 0.0010 21 0 159 20
C2 0.0010 203 194 264 271
Q0 0.0010 23 0 164 23
C2 0.0010 165 100 250 164
