B2 0.8776 215 121 484 381
B2 0.6562 173 16 268 148
B2 0.5518 21 15 255 294
B2 0.4945 247 18 477 161
F3 0.2033 127 237 227 389
B2 0.1199 29 140 224 295
C3 0.0194 386 -2 489 124
B2 0.0108 244 23 343 143
F2 0.0076 241 2 485 155
P0 0.0067 391 0 485 138
B2 0.0042 378 2 484 136
B2 0.0034 55 17 238 162
B2 0.0034 0 84 58 232
C3 0.0024 367 328 484 439
F3 0.0020 135 190 223 444
G3 0.0019 377 1 484 131
H3 0.0015 359 317 486 456
B2 0.0014 298 3 479 140
N0 0.0014 425 314 489 442
B2 0.0011 365 60 480 221
B2 0.0011 0 88 72 318
