B2 0.9744 11 84 398 380
B2 0.9573 214 108 598 528
B2 0.8857 0 264 240 529
B2 0.8820 428 376 599 528
B2 0.3245 209 16 437 240
B2 0.0163 1 113 106 503
B2 0.0121 0 102 186 492
B2 0.0080 203 11 555 274
B2 0.0074 44 241 388 439
B2 0.0053 60 266 366 505
D2 0.0044 423 371 600 527
B2 0.0038 211 27 460 330
B2 0.0035 0 86 19 455
B2 0.0034 -1 118 57 486
B2 0.0031 0 125 6 287
B2 0.0023 200 85 422 367
B2 0.0023 0 170 7 437
D2 0.0018 0 118 7 339
B2 0.0011 217 136 433 506
B2 0.0010 3 428 446 528
