K0 0.8290 4 4 344 124
K0 0.7822 12 8 346 179
K0 0.1011 13 7 344 84
C0 0.0433 0 155 40 205
K0 0.0433 158 0 377 120
K0 0.0066 0 19 71 194
K0 0.0062 147 0 379 196
K0 0.0061 23 54 351 200
P0 0.0036 356 45 378 167
K0 0.0030 15 99 345 204
K0 0.0020 126 5 341 74
C0 0.0018 142 3 334 61
O0 0.0018 357 44 378 180
K0 0.0018 0 8 138 205
C0 0.0017 160 2 377 121
A0 0.0015 0 143 39 203
C0 0.0014 140 6 375 201
C3 0.0013 0 144 40 204
C0 0.0010 33 92 364 203
C0 0.0010 358 42 378 194
E0 0.0010 137 1 342 59
