B2 0.4739 227 180 320 333
B2 0.4354 12 169 233 380
D2 0.4022 225 180 321 336
E2 0.3416 304 163 479 238
D2 0.2782 15 170 231 380
E2 0.2659 300 207 496 301
D2 0.2641 303 209 490 301
D2 0.2459 303 163 478 238
D2 0.2360 55 77 217 169
E2 0.1975 205 110 321 186
E2 0.1775 360 94 461 156
E2 0.1620 204 75 301 128
E2 0.1539 55 78 217 168
D2 0.1472 370 50 528 169
B2 0.1466 303 209 490 301
B2 0.1462 13 173 222 306
E2 0.1413 204 67 374 131
E2 0.1149 369 50 530 168
E2 0.1138 307 119 380 182
D2 0.1072 204 111 321 184
C2 0.1021 307 119 380 182
D2 0.0574 307 119 381 182
E2 0.0541 371 51 529 123
B2 0.0540 309 119 379 183
E2 0.0536 412 210 491 286
D2 0.0477 372 51 526 124
C2 0.0437 491 69 544 123
E2 0.0409 300 163 482 296
E2 0.0402 308 119 437 182
D2 0.0384 460 120 524 168
E2 0.0368 111 106 216 170
C2 0.0366 226 193 295 321
C2 0.0353 360 95 466 153
D2 0.0325 0 -2 474 380
D2 0.0322 125 79 196 116
E2 0.0309 56 79 155 163
E2 0.0296 207 110 402 187
B2 0.0281 369 50 527 165
B2 0.0271 462 121 523 168
B2 0.0255 125 79 195 113
C2 0.0251 461 121 523 167
C2 0.0241 125 79 196 117
E2 0.0235 301 207 427 302
D2 0.0226 21 172 221 299
C2 0.0222 51 82 149 158
E2 0.0218 350 74 482 161
C2 0.0205 202 77 308 130
E2 0.0186 227 176 321 340
E2 0.0161 351 86 525 178
F0 0.0159 1 -1 484 380
E2 0.0159 191 61 335 191
E2 0.0139 271 83 538 221
C2 0.0138 302 177 446 237
B2 0.0135 39 250 203 377
C2 0.0135 305 235 411 298
D2 0.0123 359 98 463 155
C0 0.0107 370 50 527 165
C2 0.0107 414 211 491 284
D2 0.0106 198 77 315 130
C2 0.0104 261 191 314 314
B2 0.0098 362 98 461 154
C2 0.0095 0 331 48 383
C2 0.0094 204 128 315 184
D2 0.0084 226 178 391 336
B2 0.0080 367 142 435 181
B2 0.0080 87 270 446 386
E2 0.0078 265 38 547 179
E2 0.0073 292 119 498 254
B2 0.0073 15 199 190 316
B2 0.0072 224 177 407 335
C2 0.0057 451 147 537 202
K0 0.0055 295 14 446 79
D2 0.0054 -12 16 549 237
E2 0.0049 259 195 455 305
E2 0.0047 293 64 372 124
D2 0.0043 418 211 491 284
C2 0.0042 237 191 316 328
D2 0.0041 312 66 373 125
C2 0.0041 41 223 149 293
C2 0.0040 463 131 542 203
B2 0.0039 311 66 373 125
E2 0.0039 213 166 468 327
B2 0.0038 46 229 144 295
C2 0.0035 365 144 439 183
B2 0.0035 148 107 216 163
E2 0.0034 149 66 328 154
B2 0.0034 288 15 433 78
G3 0.0034 78 276 487 384
H0 0.0034 77 268 454 384
E2 0.0033 288 135 538 204
C2 0.0033 372 55 479 106
C2 0.0032 209 110 324 181
E3 0.0031 0 -2 227 382
G3 0.0031 -9 -7 547 207
B2 0.0027 460 88 525 170
B2 0.0026 40 171 206 270
Q0 0.0026 237 310 545 383
C2 0.0025 76 265 173 321
E0 0.0023 19 -26 545 211
B2 0.0022 478 75 527 126
D2 0.0021 0 331 47 383
E3 0.0021 72 279 493 382
B2 0.0020 117 143 179 170
E2 0.0019 189 123 483 341
B2 0.0018 424 165 478 234
G3 0.0018 494 70 544 124
E2 0.0017 454 133 540 201
C2 0.0017 85 178 194 246
B2 0.0016 60 277 145 321
K0 0.0016 459 63 528 167
C2 0.0016 294 67 374 124
B2 0.0016 156 273 394 387
G3 0.0016 195 57 549 206
D2 0.0016 57 92 151 160
B2 0.0016 453 132 539 201
E2 0.0015 278 50 401 182
D2 0.0015 421 165 478 234
D2 0.0015 139 6 554 379
B2 0.0015 63 242 147 293
B2 0.0014 82 251 170 319
C2 0.0014 227 183 310 298
E2 0.0014 45 274 172 379
A3 0.0013 69 270 432 384
E2 0.0013 128 37 498 371
E2 0.0013 284 11 555 127
C2 0.0013 53 287 179 362
B2 0.0013 93 274 328 384
B2 0.0012 68 230 159 288
C0 0.0012 -4 -9 545 164
C2 0.0012 51 189 188 263
K0 0.0012 54 168 235 374
K0 0.0012 79 273 349 383
G3 0.0012 173 22 553 317
E2 0.0012 155 24 426 142
B2 0.0011 475 66 543 202
E2 0.0011 253 133 460 282
D2 0.0011 367 -80 424 -51
C2 0.0010 12 230 145 298
B2 0.0010 115 138 202 170
D2 0.0010 6 -2 222 379
C2 0.0010 310 218 434 294
