A2 0.1698 66 97 267 344
A2 0.0989 -1 77 293 340
F2 0.0798 60 87 232 198
E0 0.0554 -51 108 293 336
E0 0.0493 4 -4 309 372
E0 0.0405 198 0 309 65
F2 0.0380 -24 99 279 329
E0 0.0328 31 41 305 182
F2 0.0306 70 57 268 345
F2 0.0253 5 136 150 289
A2 0.0229 200 0 309 64
C3 0.0228 60 82 228 192
B2 0.0224 82 125 266 346
F2 0.0161 102 154 259 251
H3 0.0148 2 17 318 376
B2 0.0134 6 135 148 294
L0 0.0107 19 42 298 191
F2 0.0104 123 164 257 227
F2 0.0100 81 97 265 273
E0 0.0091 5 245 194 378
F2 0.0090 -12 106 220 285
A2 0.0084 115 111 262 315
F2 0.0084 252 0 310 26
A3 0.0082 36 95 268 361
D2 0.0079 2 58 315 370
C3 0.0075 16 38 334 196
E0 0.0071 2 94 250 382
F2 0.0067 78 150 280 355
C3 0.0066 199 0 308 64
D2 0.0065 84 142 263 362
F2 0.0063 -2 130 185 321
E2 0.0060 88 149 231 364
F2 0.0059 206 0 308 27
C2 0.0052 20 254 54 288
F2 0.0049 176 171 257 224
C3 0.0046 6 251 192 377
A2 0.0044 23 38 312 181
R0 0.0035 177 270 307 374
E0 0.0035 59 83 247 179
Q0 0.0032 180 269 309 372
C3 0.0029 100 134 194 189
E0 0.0029 87 45 314 268
E0 0.0028 91 136 203 187
A2 0.0026 174 170 258 224
E0 0.0025 199 0 310 28
F2 0.0025 41 131 226 194
F2 0.0024 11 176 229 346
C3 0.0023 66 127 230 193
E0 0.0022 80 105 265 254
F2 0.0018 4 123 197 188
C3 0.0018 14 38 307 371
F2 0.0017 2 86 199 194
B2 0.0017 84 189 251 354
B2 0.0016 201 222 264 289
F2 0.0016 58 197 212 349
C2 0.0016 58 90 115 138
Q0 0.0015 0 0 308 124
F2 0.0015 36 76 269 170
Q0 0.0014 11 319 198 374
C3 0.0013 194 0 310 26
C3 0.0013 18 249 93 289
E0 0.0013 24 58 262 315
C3 0.0012 54 86 146 150
R0 0.0010 6 291 266 374
