E2 0.2923 137 117 399 454
B2 0.2853 127 23 400 463
F2 0.0500 124 34 388 423
B2 0.0222 131 15 322 420
F2 0.0217 137 12 298 343
D2 0.0213 137 -1 401 445
Q0 0.0092 111 -4 456 476
D2 0.0088 14 -4 478 485
E2 0.0080 125 29 370 484
E2 0.0077 161 216 393 447
B2 0.0066 136 46 279 395
H3 0.0064 9 -1 487 491
F2 0.0042 144 7 267 281
F2 0.0035 248 69 406 336
E2 0.0024 138 55 261 368
C0 0.0021 52 115 300 530
B2 0.0019 165 139 401 454
C3 0.0018 200 220 238 249
B0 0.0016 68 86 243 502
F2 0.0015 10 435 293 501
B2 0.0014 184 250 396 445
F2 0.0013 158 100 414 473
H3 0.0013 132 35 410 386
F2 0.0012 175 205 397 445
Q0 0.0011 254 14 480 487
C2 0.0011 200 220 239 249
B2 0.0011 199 220 239 249
C3 0.0010 175 258 396 446
D2 0.0010 265 14 463 490
D0 0.0010 9 433 338 501
F2 0.0010 213 6 261 192
F2 0.0010 163 54 428 349
