B2 0.2023 27 6 232 108
B2 0.1243 39 62 210 182
B2 0.0972 64 27 230 125
F2 0.0715 40 5 215 101
B2 0.0362 26 20 222 179
C3 0.0176 55 7 111 58
H0 0.0158 50 32 240 185
A3 0.0122 55 7 112 57
D2 0.0115 14 4 232 182
B2 0.0075 -3 -20 240 197
Q0 0.0074 14 3 237 181
E3 0.0072 14 5 233 181
R0 0.0049 10 1 246 184
C3 0.0044 19 24 81 84
H0 0.0042 9 1 256 185
A3 0.0038 19 24 80 84
B2 0.0035 17 5 193 153
A3 0.0035 19 19 81 124
C3 0.0030 19 17 81 121
E2 0.0020 56 6 111 57
B2 0.0018 73 31 231 169
B2 0.0016 91 47 234 123
F2 0.0016 17 7 125 122
Q0 0.0015 23 5 232 125
K0 0.0014 17 19 83 127
B2 0.0013 193 13 262 121
B2 0.0013 19 52 179 166
F2 0.0013 7 2 204 135
K0 0.0012 14 59 50 127
Q0 0.0012 39 -34 212 14
B2 0.0011 13 61 49 127
