B2 0.3549 12 39 461 335
B2 0.0638 33 16 394 291
B2 0.0614 89 76 485 368
D2 0.0378 20 62 504 379
F2 0.0212 0 34 463 339
C2 0.0151 366 275 437 356
G3 0.0129 -1 98 491 369
B2 0.0110 -37 42 572 380
C3 0.0108 143 178 186 221
B0 0.0104 17 23 500 367
C2 0.0099 324 160 365 187
N0 0.0058 28 19 500 366
E3 0.0056 3 114 321 368
C2 0.0054 192 78 222 102
E0 0.0049 -4 98 500 369
C3 0.0041 209 275 273 323
F2 0.0034 42 9 383 281
D2 0.0031 325 160 365 187
C2 0.0030 266 104 337 160
B2 0.0030 365 271 440 362
C3 0.0026 192 78 222 102
F2 0.0026 81 84 529 337
A3 0.0022 -49 123 347 368
G3 0.0021 493 71 509 288
B2 0.0021 30 24 317 237
B2 0.0019 325 160 365 187
B2 0.0015 207 105 497 350
Q0 0.0015 2 114 299 366
C3 0.0013 194 231 232 263
F2 0.0013 -28 28 592 386
K0 0.0012 -32 129 331 370
B2 0.0012 53 24 217 140
E2 0.0010 -21 111 292 366
