B2 0.0839 119 -20 283 468
B2 0.0803 7 29 56 191
D2 0.0742 124 7 269 453
B2 0.0677 251 -21 386 422
D2 0.0587 6 30 55 191
B2 0.0532 149 -12 302 407
B2 0.0394 126 134 207 216
B2 0.0297 164 35 220 201
B2 0.0280 31 0 106 398
B2 0.0250 153 22 221 379
B1 0.0249 22 75 151 420
D2 0.0235 230 14 394 423
D2 0.0225 6 10 173 408
B2 0.0218 5 -58 184 503
B2 0.0179 124 90 210 276
G3 0.0171 125 139 199 199
B2 0.0167 10 7 144 443
A3 0.0147 126 133 208 216
B2 0.0140 124 -11 237 445
D2 0.0128 60 -19 172 373
B2 0.0115 293 26 388 404
B2 0.0111 60 -34 172 403
B2 0.0110 89 14 254 428
B2 0.0101 -21 -94 237 541
D2 0.0087 126 134 207 218
B2 0.0080 3 56 65 376
K0 0.0078 9 29 51 185
K0 0.0075 100 20 231 424
C2 0.0069 127 136 163 175
B2 0.0068 232 15 359 427
G3 0.0066 127 136 163 174
D2 0.0064 119 131 286 426
D2 0.0061 1 44 62 375
D2 0.0048 125 48 216 438
B2 0.0047 142 37 209 302
B2 0.0047 127 136 163 175
B2 0.0045 179 -8 288 362
D2 0.0045 5 12 100 412
C3 0.0042 146 154 206 213
Q0 0.0042 122 11 289 421
B2 0.0039 230 0 313 425
B2 0.0038 108 15 217 421
G3 0.0037 8 85 37 180
G3 0.0036 134 148 205 210
G3 0.0031 330 96 363 197
D2 0.0030 3 4 249 419
B2 0.0030 83 5 181 251
B2 0.0029 127 92 201 424
D2 0.0028 29 -26 138 371
D2 0.0027 242 76 349 424
D2 0.0025 257 -17 388 334
G3 0.0025 8 66 44 185
D2 0.0023 55 -8 212 331
B2 0.0023 254 0 389 287
D2 0.0023 151 10 408 410
C2 0.0022 369 339 389 417
K0 0.0018 4 47 58 357
D2 0.0018 45 56 219 281
B0 0.0017 5 19 58 420
B2 0.0017 7 81 120 412
B2 0.0017 121 140 183 388
N0 0.0017 168 71 206 190
D2 0.0016 20 42 69 375
Q0 0.0016 43 344 379 418
G3 0.0016 170 80 206 188
B2 0.0016 14 72 77 394
L0 0.0015 -5 -1 391 52
D2 0.0015 297 58 393 384
B2 0.0014 12 31 54 48
B2 0.0014 220 -76 380 459
B2 0.0014 192 27 285 291
G3 0.0013 350 351 373 391
D2 0.0013 107 -49 342 508
B2 0.0013 50 6 109 299
Q0 0.0013 -5 0 390 53
G3 0.0013 369 332 389 417
B2 0.0012 174 34 230 230
G3 0.0012 334 76 370 188
F2 0.0012 130 332 380 421
D2 0.0011 44 -35 109 363
B2 0.0011 244 93 338 410
B2 0.0011 125 142 275 424
D2 0.0011 52 11 340 407
Q0 0.0011 -3 61 59 424
D2 0.0010 -22 10 65 413
F2 0.0010 91 358 396 418
D2 0.0010 120 87 210 233
