B2 0.9361 334 51 695 324
B2 0.7458 133 5 389 502
B2 0.4907 596 197 800 478
B2 0.4905 28 313 284 504
B2 0.3324 427 191 717 574
B2 0.1521 227 0 375 566
C3 0.0504 765 375 801 586
B2 0.0301 15 312 368 574
B2 0.0298 132 197 281 353
C3 0.0238 773 314 801 583
B2 0.0145 12 449 366 578
B2 0.0135 0 -21 288 541
F2 0.0107 596 191 800 487
B2 0.0095 542 167 799 518
C3 0.0084 760 298 800 585
D2 0.0083 771 353 800 578
B2 0.0069 91 475 363 578
E2 0.0048 0 449 188 580
B2 0.0025 590 133 800 423
F2 0.0025 0 5 285 535
F2 0.0023 382 235 723 573
B2 0.0022 132 153 292 407
B2 0.0019 54 378 363 578
B2 0.0017 7 464 224 578
B2 0.0016 128 113 334 421
E2 0.0014 1 473 195 618
B2 0.0013 465 0 796 537
B2 0.0012 30 316 208 491
C3 0.0012 719 403 800 578
B2 0.0011 188 485 365 577
E2 0.0011 -4 207 283 929
F2 0.0010 211 179 694 572
B2 0.0010 0 70 136 539
