B2 0.5991 50 49 350 160
F2 0.2088 -8 47 353 165
B2 0.1252 13 42 430 180
B2 0.0564 7 49 278 164
D2 0.0247 3 20 400 201
F2 0.0216 1 37 398 203
Q0 0.0213 0 42 391 178
D2 0.0154 2 -16 402 264
Q0 0.0145 -1 -12 397 248
F2 0.0135 49 -2 339 116
C2 0.0118 330 95 388 130
H3 0.0102 1 -22 390 265
C2 0.0095 315 93 391 160
D2 0.0077 82 45 428 159
C2 0.0070 322 95 388 143
B2 0.0061 107 54 405 158
F2 0.0053 3 42 250 163
R0 0.0051 -2 137 347 269
F2 0.0038 24 0 358 157
L0 0.0037 -4 140 350 268
C2 0.0035 0 92 28 162
C2 0.0034 334 1 400 73
C3 0.0033 334 1 400 74
C0 0.0033 158 147 203 187
F2 0.0033 0 93 29 201
A2 0.0032 40 -5 352 99
B2 0.0032 0 84 71 160
D2 0.0032 1 -1 392 103
C3 0.0028 124 147 204 189
B2 0.0025 0 93 32 258
C3 0.0022 242 143 347 268
A3 0.0022 0 197 31 259
F2 0.0022 0 84 70 161
F2 0.0021 54 62 356 230
D2 0.0020 334 0 400 70
C2 0.0018 12 87 66 151
C3 0.0017 0 198 32 260
Q0 0.0016 0 0 119 65
A3 0.0016 312 94 399 168
F2 0.0015 0 80 62 263
Q0 0.0014 187 2 398 139
F2 0.0014 0 88 32 160
C3 0.0014 312 94 399 170
K0 0.0014 0 96 34 261
B0 0.0014 -1 92 29 262
C0 0.0014 0 197 32 259
Q0 0.0013 291 112 399 263
H3 0.0013 -2 139 349 267
B2 0.0013 177 64 399 171
B2 0.0013 310 94 399 170
F2 0.0012 205 67 394 173
I0 0.0012 -3 145 355 265
C3 0.0012 92 136 356 270
C3 0.0012 226 259 257 269
C3 0.0012 155 147 203 189
C3 0.0012 170 149 203 185
D2 0.0012 90 136 351 269
B2 0.0011 10 153 21 173
D2 0.0011 383 0 399 100
R0 0.0010 -8 191 302 266
E0 0.0010 -2 -5 396 84
C2 0.0010 0 77 26 195
A3 0.0010 124 148 203 188
R0 0.0010 63 169 289 249
