B2 0.9581 121 5 333 270
B2 0.7798 56 109 204 246
C2 0.2496 0 34 90 124
B2 0.1006 251 64 351 177
B2 0.0974 327 165 358 237
B2 0.0810 323 142 358 244
B2 0.0775 324 39 358 246
D2 0.0623 0 35 90 124
D2 0.0216 319 211 358 270
D2 0.0168 54 110 205 246
E3 0.0065 318 209 358 271
B2 0.0044 198 20 352 259
B2 0.0042 334 13 357 246
B2 0.0035 244 40 357 244
D2 0.0022 344 61 358 211
F2 0.0019 333 18 357 233
B2 0.0017 319 210 359 269
F2 0.0015 342 17 358 230
C3 0.0014 319 207 359 269
E2 0.0013 319 211 359 268
D2 0.0010 352 49 358 217
