D2 0.0660 66 117 606 369
E2 0.0639 28 114 596 377
C2 0.0300 421 162 507 215
E2 0.0257 -38 39 599 355
B2 0.0253 363 108 582 344
B2 0.0209 94 96 628 366
D2 0.0208 387 110 582 343
C2 0.0189 34 93 130 244
E2 0.0173 55 87 512 324
D2 0.0164 426 160 516 216
C2 0.0140 415 265 527 354
B2 0.0128 423 155 512 214
B2 0.0102 254 106 596 353
B2 0.0100 30 76 338 240
B2 0.0091 132 144 543 365
D2 0.0086 42 76 332 222
E2 0.0034 36 86 131 256
C2 0.0029 430 164 530 222
D2 0.0027 36 82 135 258
D2 0.0025 -35 85 651 320
E2 0.0022 -6 59 559 269
D2 0.0022 19 30 542 332
C3 0.0017 36 86 137 256
B2 0.0017 418 139 531 215
D2 0.0017 31 69 385 265
C2 0.0016 450 125 564 208
E2 0.0014 136 102 612 324
E2 0.0012 62 72 458 233
D2 0.0012 444 153 576 339
B2 0.0012 420 159 495 206
B2 0.0012 437 165 544 224
C2 0.0011 444 152 555 218
C2 0.0010 392 256 507 348
