B2 0.6063 -3 172 405 316
B2 0.5000 -1 237 405 393
B2 0.4991 36 2 402 208
B2 0.3368 198 330 403 404
B2 0.3121 4 286 390 406
B2 0.0970 0 244 403 339
B2 0.0964 62 289 318 404
B2 0.0463 26 66 171 204
F2 0.0393 13 243 414 344
B2 0.0286 186 293 404 402
B2 0.0241 -5 191 406 369
B2 0.0230 1 294 170 403
B2 0.0113 12 10 402 295
B2 0.0111 5 139 400 284
B2 0.0086 81 301 408 402
B2 0.0081 49 171 401 274
D2 0.0078 27 68 173 201
C3 0.0065 194 295 403 403
B2 0.0063 2 247 291 403
B2 0.0026 0 171 231 325
B2 0.0025 149 30 412 198
F2 0.0023 -21 229 415 375
B2 0.0020 135 239 401 401
B2 0.0015 0 64 181 258
B2 0.0013 194 373 396 404
E2 0.0013 196 269 403 405
B2 0.0012 38 338 377 405
B2 0.0011 352 309 403 400
B2 0.0010 2 177 290 353
