E2 0.0757 -20 46 417 321
B2 0.0642 12 128 318 311
E2 0.0508 18 120 296 312
A2 0.0454 281 0 379 130
D2 0.0432 150 146 305 382
D2 0.0277 16 63 354 370
E3 0.0227 16 61 352 371
B2 0.0223 -30 89 370 331
F2 0.0206 3 74 362 358
A3 0.0196 150 155 305 380
A2 0.0180 19 12 246 173
Q0 0.0159 3 1 365 374
C2 0.0122 289 218 335 281
C2 0.0110 105 206 166 273
E2 0.0096 153 185 302 370
E2 0.0090 -96 0 450 356
B2 0.0084 17 137 214 312
A2 0.0083 98 -8 355 153
E2 0.0081 53 66 370 293
E3 0.0081 -2 -2 387 222
B2 0.0074 156 195 299 369
L0 0.0073 0 0 383 260
A2 0.0072 120 0 295 137
D2 0.0072 138 277 165 303
F2 0.0064 3 0 378 231
C2 0.0062 138 277 166 303
F2 0.0061 16 137 221 312
F2 0.0054 53 61 374 289
A2 0.0050 -8 20 225 206
D2 0.0046 284 0 378 108
F2 0.0044 -18 149 368 334
E2 0.0043 76 41 365 402
C2 0.0042 219 112 273 162
F2 0.0039 133 122 310 375
B2 0.0037 137 277 165 303
B2 0.0032 284 0 379 122
A2 0.0031 287 83 378 209
A2 0.0030 123 1 283 98
D2 0.0028 0 0 377 301
C2 0.0027 287 0 331 10
A2 0.0025 231 58 377 204
B2 0.0024 288 207 341 284
E2 0.0021 123 77 325 390
F2 0.0020 89 89 339 382
Q0 0.0018 281 1 380 211
B2 0.0018 238 41 274 71
B2 0.0018 286 0 377 81
C2 0.0015 126 0 175 30
C2 0.0015 156 232 214 304
E3 0.0014 281 0 379 209
F2 0.0013 133 183 248 336
F2 0.0013 124 0 266 93
B2 0.0013 154 201 221 333
E2 0.0013 285 0 375 13
E2 0.0013 34 232 82 310
B2 0.0012 350 23 378 82
A3 0.0011 153 194 226 330
A2 0.0011 281 0 378 227
B2 0.0011 -10 164 353 326
E2 0.0011 286 0 379 39
E2 0.0010 35 234 163 311
A2 0.0010 4 22 180 175
G3 0.0010 0 106 20 135
F2 0.0010 -11 92 312 310
B2 0.0010 -3 22 213 203
