E2 0.1758 0 143 73 260
D2 0.1559 0 120 82 263
E2 0.1176 120 87 215 332
B2 0.1172 136 4 331 372
B2 0.1061 182 55 326 351
A2 0.0920 20 55 155 275
B2 0.0837 272 122 356 333
E2 0.0593 110 79 254 343
E2 0.0592 128 44 328 362
A2 0.0556 67 41 340 270
A2 0.0555 58 81 217 331
E2 0.0542 50 73 220 335
D2 0.0518 189 48 355 359
B2 0.0507 56 102 217 322
B2 0.0486 74 60 195 157
A2 0.0476 87 43 343 375
C2 0.0446 -1 118 83 156
B2 0.0409 127 91 213 320
C3 0.0353 0 118 81 160
B2 0.0317 94 40 216 369
B2 0.0303 147 79 309 346
B2 0.0281 191 113 353 335
D2 0.0276 2 -2 390 381
B2 0.0267 268 64 366 357
A2 0.0267 5 51 203 289
D2 0.0250 74 60 195 158
D2 0.0198 225 65 260 104
D2 0.0183 224 287 262 319
A2 0.0176 61 133 160 316
B2 0.0161 119 83 248 333
Q0 0.0153 3 3 389 370
A2 0.0151 16 15 238 343
A2 0.0151 22 52 120 129
B2 0.0131 62 140 151 311
B2 0.0125 43 28 223 351
C2 0.0124 203 224 274 298
D2 0.0105 65 46 218 291
C2 0.0103 224 287 262 319
B2 0.0100 181 15 364 381
B2 0.0095 183 104 299 336
B2 0.0086 288 61 323 101
A2 0.0081 23 55 135 215
B2 0.0079 70 56 199 256
B2 0.0074 224 286 263 319
C2 0.0074 253 62 298 131
A2 0.0069 258 51 348 153
C2 0.0064 191 75 229 131
B2 0.0063 90 51 119 77
F2 0.0062 76 60 194 157
A2 0.0061 282 63 361 155
A2 0.0057 163 58 274 317
D2 0.0056 189 279 223 307
B2 0.0055 189 47 257 136
A2 0.0055 170 72 241 315
A2 0.0054 69 55 198 255
C2 0.0054 139 102 182 174
C2 0.0053 197 59 257 112
A3 0.0050 0 118 81 159
A2 0.0046 102 103 306 373
F2 0.0045 202 3 375 381
E2 0.0044 101 103 299 374
D2 0.0041 0 118 81 158
B2 0.0041 223 63 258 104
C2 0.0040 23 83 55 121
D2 0.0040 99 44 367 347
B2 0.0039 188 272 223 307
C2 0.0037 282 62 325 111
B2 0.0036 107 110 138 133
C2 0.0034 141 101 181 152
D2 0.0034 278 60 364 323
C2 0.0034 194 71 233 117
F2 0.0034 19 50 208 313
E2 0.0033 193 47 259 122
C2 0.0033 1 178 58 217
F2 0.0033 128 15 328 297
C2 0.0033 189 278 223 307
B2 0.0032 23 83 54 121
A2 0.0031 277 50 363 307
F2 0.0031 2 40 151 291
D2 0.0031 107 111 138 133
B2 0.0031 190 75 229 134
Q0 0.0030 171 48 364 346
B2 0.0030 286 61 328 114
D2 0.0029 184 70 202 91
C2 0.0029 0 175 62 247
C2 0.0029 217 150 280 234
D2 0.0027 114 137 302 360
B2 0.0027 184 70 202 90
E0 0.0026 0 115 82 158
C2 0.0026 140 139 198 243
A2 0.0024 183 105 231 261
Q0 0.0024 14 37 300 338
D2 0.0023 20 48 234 325
A2 0.0023 57 115 145 277
B2 0.0022 170 23 316 288
C2 0.0022 198 234 260 286
C2 0.0021 220 66 255 104
B2 0.0021 190 46 296 144
C2 0.0021 1 150 61 177
A2 0.0020 87 16 290 321
A2 0.0020 36 51 122 100
A2 0.0019 256 52 336 121
A2 0.0018 22 54 120 175
B2 0.0018 48 105 142 258
E2 0.0018 0 179 69 261
B2 0.0017 42 54 203 181
E2 0.0016 1 115 80 180
F2 0.0016 0 115 81 158
C2 0.0016 254 61 291 115
E2 0.0016 165 144 353 343
G3 0.0016 -2 102 81 171
E0 0.0015 2 2 388 134
D2 0.0015 271 12 370 380
G3 0.0015 379 153 392 278
B2 0.0015 22 51 124 135
D2 0.0015 132 71 210 255
A2 0.0015 225 49 360 158
A2 0.0015 122 43 227 283
B2 0.0014 1 116 82 161
C2 0.0014 0 151 66 196
C2 0.0014 22 79 85 125
D2 0.0014 4 4 387 144
B2 0.0013 216 48 344 155
E2 0.0013 199 225 300 323
B2 0.0013 21 72 94 126
F2 0.0013 25 87 149 265
C2 0.0013 137 165 193 260
A2 0.0012 221 22 367 333
F2 0.0012 60 127 142 302
E2 0.0012 1 159 30 262
Q0 0.0011 14 55 157 313
B2 0.0011 1 86 83 164
C2 0.0011 191 135 222 222
B2 0.0011 68 51 119 88
B2 0.0011 191 79 228 117
E2 0.0010 1 117 55 261
B2 0.0010 239 137 349 343
B2 0.0010 185 103 228 264
C2 0.0010 0 205 56 253
C2 0.0010 211 236 282 305
D2 0.0010 129 185 330 358
F2 0.0010 54 124 137 251
Q0 0.0010 234 75 360 331
A2 0.0010 324 103 392 339
C2 0.0010 234 128 306 177
