B2 0.8332 67 269 294 504
B2 0.7819 243 339 431 518
B2 0.5990 187 74 505 284
B2 0.2642 192 76 508 397
B2 0.1645 247 141 510 412
B2 0.1477 250 126 500 287
B2 0.0846 155 231 337 362
B2 0.0705 375 207 509 425
B2 0.0322 0 224 33 506
B2 0.0303 201 143 505 490
C3 0.0258 0 252 33 503
B2 0.0188 186 71 367 176
B2 0.0158 68 94 294 469
C3 0.0147 0 319 30 507
B2 0.0140 362 375 432 488
B2 0.0138 330 150 514 412
B2 0.0108 74 93 197 242
B2 0.0101 0 328 29 515
B2 0.0100 242 236 351 357
B2 0.0093 200 165 498 290
B2 0.0090 0 205 50 514
C3 0.0059 0 277 18 533
C3 0.0044 0 228 54 514
B2 0.0043 94 89 463 359
B2 0.0041 73 96 196 320
H0 0.0032 469 1 599 84
C2 0.0029 0 267 14 533
B2 0.0025 0 165 20 518
E2 0.0020 0 253 14 531
B2 0.0017 73 94 334 366
C0 0.0016 0 280 19 544
B2 0.0016 374 292 507 421
B2 0.0015 205 416 295 502
B2 0.0015 183 73 355 232
B2 0.0013 64 270 237 471
B2 0.0012 186 159 348 243
F2 0.0012 182 70 513 255
C3 0.0012 0 355 37 514
C3 0.0010 0 306 70 516
B2 0.0010 0 308 37 577
