A2 0.5424 155 177 354 435
D2 0.1413 40 256 217 451
B2 0.1260 42 306 216 450
E2 0.0759 24 249 362 453
B2 0.0671 38 255 196 433
E2 0.0662 40 302 212 447
A2 0.0622 35 255 364 455
A2 0.0587 17 178 379 420
A2 0.0475 168 177 343 312
E2 0.0455 83 249 298 433
B2 0.0446 40 250 346 454
F2 0.0428 42 246 348 452
B2 0.0405 157 176 353 436
B2 0.0376 283 235 341 303
E2 0.0339 150 261 259 391
E2 0.0335 39 253 197 433
E2 0.0329 42 309 174 402
B2 0.0247 200 311 352 428
E2 0.0222 98 177 340 419
C2 0.0216 281 234 341 303
B2 0.0192 56 258 185 359
E2 0.0182 154 230 294 401
F2 0.0164 200 311 351 429
B2 0.0150 33 284 266 449
G3 0.0146 265 198 293 228
B2 0.0134 76 255 180 327
E2 0.0127 204 334 316 428
C2 0.0112 162 271 235 374
F2 0.0108 76 255 181 328
E2 0.0106 150 212 348 439
D2 0.0105 284 234 341 305
E2 0.0094 218 186 295 228
C2 0.0073 293 389 355 443
D2 0.0067 294 389 353 444
D2 0.0066 233 185 293 227
H3 0.0060 -3 -7 413 523
B2 0.0058 163 278 352 432
A2 0.0057 217 184 295 227
A2 0.0054 170 178 274 281
G3 0.0052 229 185 296 228
B2 0.0052 293 387 355 443
D2 0.0051 18 159 392 467
F2 0.0048 40 253 184 394
C2 0.0046 172 186 246 272
B2 0.0046 233 184 289 225
C2 0.0044 53 310 167 388
G3 0.0043 244 207 258 222
A2 0.0043 270 228 343 306
Q0 0.0042 -18 0 433 120
G3 0.0036 236 185 270 223
B2 0.0033 273 297 322 338
D2 0.0030 342 336 369 366
F2 0.0027 169 178 252 274
B2 0.0027 168 177 268 280
B2 0.0027 107 347 216 449
G3 0.0026 268 199 287 223
Q0 0.0026 -4 -4 420 518
H3 0.0023 14 140 401 508
B2 0.0023 44 323 299 452
A2 0.0022 219 207 350 309
A2 0.0022 45 168 213 385
D2 0.0021 62 297 91 332
A2 0.0020 176 178 326 277
F2 0.0019 7 300 401 459
C2 0.0019 162 269 223 352
C3 0.0018 7 159 401 500
F2 0.0016 46 175 227 377
F2 0.0016 26 160 292 395
Q0 0.0016 -13 0 441 56
A2 0.0015 161 180 312 237
B2 0.0013 226 254 280 281
B2 0.0013 160 178 315 332
E2 0.0012 251 338 402 520
B2 0.0012 215 253 291 305
C2 0.0011 294 400 342 442
B2 0.0011 236 184 270 220
A2 0.0010 228 183 244 192
E2 0.0010 249 194 294 229
B2 0.0010 62 297 91 331
E2 0.0010 201 171 298 236
