C2 0.2772 48 66 119 149
A2 0.2615 90 3 462 223
C2 0.1769 341 256 408 352
A2 0.1729 26 38 457 371
A2 0.1678 80 196 259 335
D2 0.1594 80 195 259 334
A2 0.1590 44 8 282 222
C2 0.1570 31 202 104 273
C2 0.1302 95 297 178 370
B2 0.1148 137 6 269 137
B2 0.1060 118 8 441 224
D2 0.0878 96 299 178 374
D2 0.0796 31 203 104 274
B2 0.0698 44 9 287 219
E0 0.0621 4 -16 518 378
B2 0.0606 405 86 525 339
A2 0.0603 -7 -14 525 418
A2 0.0586 216 150 398 369
B2 0.0540 79 7 480 281
D2 0.0526 50 8 277 222
B2 0.0443 79 198 260 340
A2 0.0428 250 248 422 378
D2 0.0415 127 58 178 118
A2 0.0373 44 49 224 215
C2 0.0365 19 151 88 203
A2 0.0352 116 22 509 306
A2 0.0345 64 134 455 376
C2 0.0340 410 94 465 164
B2 0.0315 40 54 206 216
D2 0.0296 192 344 258 378
C2 0.0293 129 56 211 130
C2 0.0275 20 169 83 203
D2 0.0253 121 120 270 223
B2 0.0233 241 0 428 170
C2 0.0229 32 202 86 258
A2 0.0220 248 0 429 166
D2 0.0215 19 150 89 203
D2 0.0205 31 85 411 350
F2 0.0201 15 182 285 337
D2 0.0194 106 22 523 329
B2 0.0194 339 249 418 373
A2 0.0188 405 79 505 325
F2 0.0177 98 5 317 73
E2 0.0174 -7 -23 563 395
C2 0.0172 126 57 177 117
H3 0.0170 4 -10 519 374
D2 0.0168 142 6 270 129
B2 0.0165 119 120 271 222
B2 0.0164 303 71 522 347
C2 0.0155 192 344 259 379
C2 0.0150 367 211 404 278
C2 0.0149 167 20 263 104
C3 0.0147 97 39 153 72
A2 0.0139 166 0 442 197
Q0 0.0137 1 -8 519 378
G3 0.0135 366 211 404 278
D2 0.0134 21 169 84 204
B2 0.0123 298 248 419 377
D2 0.0112 171 335 210 377
B2 0.0100 239 154 382 282
C2 0.0100 76 101 168 206
D2 0.0097 367 211 403 279
B2 0.0088 20 150 88 202
E2 0.0084 -20 44 353 364
E2 0.0075 108 117 273 224
C2 0.0073 147 201 239 271
B2 0.0072 170 335 210 377
D2 0.0068 12 227 255 376
C2 0.0067 248 319 299 370
F2 0.0063 14 83 303 358
B2 0.0062 33 202 91 260
D2 0.0061 236 147 383 272
A2 0.0060 237 154 383 294
D2 0.0060 337 248 418 371
A2 0.0059 12 37 321 331
A2 0.0057 221 131 471 370
D2 0.0057 -1 -8 521 381
A2 0.0055 286 23 491 309
E2 0.0054 -2 73 319 274
B2 0.0052 71 6 272 148
B2 0.0052 327 159 375 209
E2 0.0049 29 196 105 279
C2 0.0047 327 159 376 214
B2 0.0047 191 341 259 379
F2 0.0044 322 52 510 342
F2 0.0044 101 12 309 58
D2 0.0044 198 164 254 201
B2 0.0043 43 59 132 160
C2 0.0042 20 171 61 203
C2 0.0042 198 163 255 201
D2 0.0041 66 97 281 226
A2 0.0040 226 -4 473 225
B2 0.0040 16 183 286 380
B2 0.0038 24 56 298 264
C2 0.0036 127 127 249 206
C2 0.0036 413 93 462 145
B2 0.0036 35 203 105 275
E2 0.0035 62 93 385 312
D2 0.0034 110 194 269 306
D2 0.0034 293 245 417 377
G3 0.0033 100 6 322 72
B2 0.0033 237 242 422 378
B2 0.0032 198 163 255 201
C2 0.0032 266 154 336 210
G3 0.0032 97 0 515 81
E2 0.0031 86 115 329 260
B2 0.0031 54 137 92 171
A2 0.0030 12 182 218 377
B2 0.0029 235 161 368 373
B2 0.0028 121 6 296 185
C2 0.0028 312 103 373 165
B2 0.0028 35 0 363 255
B2 0.0027 85 109 379 239
D2 0.0026 63 193 273 378
B0 0.0025 74 -36 519 328
C2 0.0025 54 136 93 173
D2 0.0025 200 118 407 291
C3 0.0024 405 332 470 380
A2 0.0024 201 66 519 401
C2 0.0023 367 156 417 214
D2 0.0023 55 292 244 377
D2 0.0023 89 168 333 330
B2 0.0022 98 5 305 82
G3 0.0022 0 37 150 215
B2 0.0021 246 234 336 374
C3 0.0021 13 32 170 228
B2 0.0020 248 309 303 371
B2 0.0020 192 102 261 147
B2 0.0020 413 93 461 132
B2 0.0020 20 170 54 203
B2 0.0019 368 157 417 215
D2 0.0019 194 102 260 147
C2 0.0018 93 97 172 177
E2 0.0018 91 295 181 377
B2 0.0018 274 4 412 126
B2 0.0018 407 308 455 364
A2 0.0017 271 60 458 186
D2 0.0017 171 76 437 326
C2 0.0017 48 75 102 145
B2 0.0016 114 90 408 224
A2 0.0016 295 84 453 179
C2 0.0016 57 98 152 199
B2 0.0016 202 228 349 378
B2 0.0016 192 257 290 378
B2 0.0016 26 43 153 183
B2 0.0016 313 103 375 166
C2 0.0016 275 241 334 308
D2 0.0015 159 223 225 273
B0 0.0015 45 3 522 166
A2 0.0015 181 119 419 303
A2 0.0015 267 32 485 201
C3 0.0014 402 306 456 375
A2 0.0014 300 89 418 171
C2 0.0013 408 89 468 198
B2 0.0012 53 152 392 379
C2 0.0012 51 68 108 131
F2 0.0012 256 -22 508 88
E2 0.0012 191 306 263 381
E2 0.0012 20 133 91 209
C2 0.0012 159 11 228 53
B2 0.0012 191 321 261 377
C2 0.0012 143 17 240 105
B0 0.0011 1 35 150 360
B2 0.0011 277 244 333 306
D2 0.0011 182 92 506 370
B2 0.0011 168 12 234 53
D2 0.0011 463 187 486 244
C2 0.0011 240 260 290 332
B2 0.0011 219 21 267 74
A2 0.0010 62 8 274 156
C2 0.0010 250 85 306 127
F2 0.0010 0 41 152 206
A2 0.0010 133 18 379 180
A2 0.0010 288 4 426 114
B2 0.0010 241 259 290 333
B2 0.0010 269 154 334 209
G3 0.0010 92 7 528 149
