B2 0.1068 85 133 394 461
B2 0.0476 73 0 415 322
F2 0.0383 7 -5 653 437
B2 0.0232 85 -31 698 374
B2 0.0229 316 313 425 448
Q0 0.0216 6 -2 652 420
D2 0.0142 12 -10 661 447
B2 0.0128 226 20 682 371
B2 0.0090 285 105 635 412
E2 0.0090 236 8 672 407
A3 0.0083 273 66 645 402
B2 0.0070 229 -6 636 242
B2 0.0068 299 -2 599 138
F2 0.0065 84 -31 725 318
F2 0.0058 161 22 625 375
B2 0.0056 214 75 594 385
F2 0.0055 92 110 423 444
B2 0.0054 5 35 376 385
C3 0.0053 618 182 654 252
H0 0.0051 244 5 671 384
B2 0.0050 101 -19 481 399
F2 0.0047 5 9 397 383
B2 0.0047 8 118 258 388
Q0 0.0043 84 129 400 445
Q0 0.0042 4 5 393 380
B2 0.0042 454 -1 605 141
F2 0.0039 305 -2 602 137
F2 0.0037 93 7 403 265
B2 0.0036 92 205 332 446
Q0 0.0035 241 65 657 445
F2 0.0034 98 -29 523 420
F2 0.0030 190 -4 653 245
K0 0.0025 575 121 654 350
B2 0.0024 550 122 655 350
K0 0.0023 613 162 656 353
B2 0.0021 98 18 396 226
B2 0.0021 257 217 512 362
B2 0.0020 105 123 248 206
B2 0.0020 93 113 285 219
B2 0.0020 138 136 390 361
B2 0.0017 33 56 432 254
G3 0.0017 118 124 242 205
B2 0.0015 240 343 286 377
B2 0.0014 96 273 291 447
B2 0.0013 249 185 564 354
B2 0.0013 122 48 627 430
B2 0.0012 222 154 389 444
C2 0.0011 585 152 638 207
B2 0.0011 622 291 655 379
Q0 0.0011 296 216 662 453
B2 0.0011 587 148 640 208
C2 0.0010 457 3 563 105
C3 0.0010 621 288 655 387
