B2 0.2782 47 21 237 160
B2 0.0445 49 54 193 157
C2 0.0282 219 24 270 62
B2 0.0157 204 6 270 63
C2 0.0117 204 6 259 59
Q0 0.0107 46 6 282 159
D2 0.0074 204 6 270 63
B2 0.0074 35 -12 275 181
D2 0.0062 47 5 271 159
G3 0.0059 47 6 272 158
K0 0.0043 51 82 103 143
A3 0.0034 204 6 271 64
E3 0.0031 47 7 274 158
Q0 0.0024 160 31 287 157
C2 0.0023 225 33 245 56
C3 0.0021 215 24 270 62
C2 0.0021 0 -41 18 66
Q0 0.0021 159 80 291 159
C2 0.0020 237 25 269 60
Q0 0.0018 9 -9 294 115
C3 0.0015 51 81 100 146
K0 0.0015 204 6 270 65
F2 0.0014 47 5 272 161
K0 0.0012 175 5 263 107
E3 0.0012 160 99 291 160
B2 0.0011 50 79 108 150
K0 0.0010 51 85 85 138
