E2 0.2049 150 61 353 284
B2 0.1560 7 59 164 344
E2 0.1239 130 48 345 402
D2 0.0726 3 38 178 343
F2 0.0701 236 71 445 382
B2 0.0680 110 65 340 402
F2 0.0639 3 33 190 312
E2 0.0586 63 28 367 428
B2 0.0399 222 58 443 412
B2 0.0395 84 144 203 409
F2 0.0378 123 61 354 411
E2 0.0326 1 32 171 351
D2 0.0309 196 66 438 420
D2 0.0296 0 34 397 418
F2 0.0295 184 71 427 426
B2 0.0282 204 123 411 428
B2 0.0255 113 147 200 320
F2 0.0198 76 116 202 418
F2 0.0178 126 29 451 450
B2 0.0175 272 65 437 358
F2 0.0142 286 65 436 331
C2 0.0134 87 287 158 352
F2 0.0125 156 115 384 431
Q0 0.0119 200 66 441 422
B2 0.0086 155 71 189 112
D2 0.0073 113 57 369 419
D2 0.0067 87 279 182 412
H3 0.0064 -1 20 447 89
E2 0.0062 0 114 152 418
C0 0.0054 117 0 161 9
C2 0.0054 88 296 135 352
B2 0.0051 155 251 278 390
E2 0.0049 107 48 203 336
B2 0.0046 24 147 209 412
B2 0.0044 -2 29 208 387
Q0 0.0044 1 40 189 313
E2 0.0043 198 55 363 357
B2 0.0042 198 344 317 423
E0 0.0039 3 20 444 86
F2 0.0037 -4 141 214 416
C2 0.0036 160 259 234 335
D1 0.0034 117 0 164 10
D2 0.0034 0 296 98 411
C2 0.0033 231 408 258 425
B2 0.0033 0 296 98 412
E2 0.0032 111 137 200 317
E2 0.0032 80 36 322 345
B2 0.0031 89 279 183 412
E2 0.0030 32 18 230 366
C3 0.0030 121 0 157 10
D2 0.0028 2 27 220 417
C2 0.0027 368 75 433 145
B2 0.0026 0 118 144 425
D2 0.0025 6 267 184 416
C3 0.0025 1 296 101 411
B2 0.0023 143 119 363 419
E2 0.0023 154 251 262 376
B2 0.0022 232 408 258 425
F2 0.0021 10 41 182 227
B2 0.0020 191 181 372 426
A2 0.0018 67 242 304 415
C2 0.0018 29 300 97 383
E2 0.0017 1 295 100 411
E2 0.0017 96 37 249 331
D2 0.0016 79 164 208 420
B2 0.0016 320 66 434 309
B2 0.0016 9 279 182 414
E3 0.0015 259 105 444 410
B2 0.0015 14 41 164 141
F2 0.0014 316 69 434 289
C2 0.0014 375 97 431 147
Q0 0.0013 -5 23 435 82
H3 0.0013 1 -7 449 84
B2 0.0013 131 246 286 418
B2 0.0013 2 186 103 410
B2 0.0013 44 0 347 412
B2 0.0012 150 187 312 407
D2 0.0012 65 230 184 409
E2 0.0012 343 73 430 156
B2 0.0011 86 120 261 361
B2 0.0011 379 101 432 147
E2 0.0011 52 36 209 309
A2 0.0011 128 242 277 408
E2 0.0011 21 41 160 128
B2 0.0010 405 228 446 268
F2 0.0010 9 43 171 163
E2 0.0010 73 49 196 269
C2 0.0010 345 77 427 148
