I3 0.2446 476 0 613 142
C2 0.2227 310 263 419 346
B2 0.2016 553 187 761 368
D2 0.1978 552 188 761 369
B2 0.1699 395 80 642 266
B2 0.1691 134 56 543 374
C2 0.1635 426 321 513 383
A2 0.1574 136 74 716 400
A2 0.1226 130 56 538 365
I3 0.1134 32 2 119 115
D2 0.1111 426 321 513 383
B0 0.1044 0 -3 102 320
C2 0.0974 476 207 602 329
D2 0.0961 395 80 642 268
D2 0.0885 310 263 419 348
C2 0.0834 640 213 756 353
D2 0.0778 224 253 316 346
C2 0.0767 32 2 120 110
A2 0.0761 377 161 754 389
C2 0.0636 556 225 678 360
B2 0.0616 223 254 315 344
C2 0.0598 223 255 314 343
B2 0.0594 249 86 392 203
B2 0.0567 179 84 432 228
O0 0.0557 0 2 101 309
B3 0.0520 0 1 102 310
B2 0.0507 310 263 419 348
B2 0.0490 110 64 718 417
B2 0.0479 424 321 513 383
B2 0.0449 182 66 512 254
G3 0.0447 426 321 512 383
C2 0.0441 471 0 620 129
P0 0.0411 2 0 100 317
B2 0.0379 258 119 335 187
A2 0.0369 461 165 653 344
B2 0.0359 275 56 523 219
C2 0.0346 295 193 413 288
D2 0.0329 483 198 607 330
D2 0.0328 258 119 333 190
B2 0.0325 465 165 659 348
G3 0.0313 558 217 674 360
B2 0.0304 232 54 529 313
C2 0.0303 189 165 281 231
A2 0.0299 331 83 718 398
C3 0.0293 33 1 119 112
B2 0.0278 126 133 600 390
C2 0.0263 131 227 276 301
C2 0.0255 504 89 642 190
B2 0.0246 371 80 680 391
F2 0.0242 134 87 394 241
B2 0.0241 189 165 280 230
H3 0.0233 32 1 119 112
B2 0.0233 299 191 414 287
B2 0.0226 129 80 489 318
C2 0.0207 367 56 483 179
L0 0.0193 33 0 120 117
B2 0.0190 345 55 526 199
C2 0.0187 480 237 576 326
B2 0.0170 341 85 389 147
B2 0.0169 512 280 572 338
B2 0.0151 272 196 383 264
D2 0.0151 190 166 280 231
B2 0.0151 299 87 388 156
B2 0.0148 397 174 740 391
C2 0.0145 273 199 380 264
H3 0.0145 6 32 820 496
B2 0.0143 299 98 359 155
M0 0.0142 -4 -1 104 338
B2 0.0134 133 176 197 240
E2 0.0131 372 53 526 196
F2 0.0128 243 89 390 213
N0 0.0115 -6 -3 103 311
D2 0.0112 6 37 809 496
E2 0.0108 197 56 688 392
E2 0.0100 299 255 430 352
C2 0.0100 496 91 632 227
C3 0.0097 468 -2 616 133
B2 0.0094 121 169 512 359
B2 0.0088 260 103 354 184
B2 0.0086 552 197 673 373
B2 0.0085 306 223 403 294
Q0 0.0084 1 34 818 500
D2 0.0082 479 165 647 329
B2 0.0081 136 227 276 302
B2 0.0076 639 194 760 359
D2 0.0070 638 197 759 357
F2 0.0069 194 360 359 427
C2 0.0068 133 177 197 240
C2 0.0067 500 196 613 311
H3 0.0063 614 116 814 241
E2 0.0062 476 -3 614 150
C2 0.0059 397 56 479 146
E0 0.0059 37 228 325 507
E3 0.0055 1 32 821 499
C2 0.0054 568 220 669 314
E2 0.0054 375 80 655 270
A2 0.0053 249 145 805 399
B2 0.0052 575 219 670 310
D1 0.0051 610 48 812 164
B2 0.0051 129 88 406 263
E2 0.0045 258 84 393 190
B2 0.0045 299 146 375 212
C2 0.0045 311 271 400 337
B2 0.0044 126 192 287 310
B2 0.0043 400 53 470 109
B2 0.0042 206 208 513 367
Q0 0.0041 607 39 815 217
B2 0.0041 590 162 646 226
D2 0.0041 134 178 196 239
B2 0.0040 130 163 269 243
H3 0.0036 605 45 813 249
B2 0.0036 511 259 586 338
D2 0.0035 299 147 374 213
A2 0.0035 192 211 761 400
C0 0.0034 611 116 815 232
G3 0.0033 699 -1 813 81
B2 0.0032 271 207 350 265
L0 0.0031 10 223 304 505
C2 0.0031 556 264 651 355
H3 0.0030 487 71 821 259
H3 0.0030 474 -2 618 137
B2 0.0030 286 224 387 300
C2 0.0030 265 202 364 295
B2 0.0029 272 249 546 360
C0 0.0029 473 80 815 271
B2 0.0028 205 252 274 292
B2 0.0028 399 57 486 144
C2 0.0028 398 54 449 145
C3 0.0028 195 360 360 433
R0 0.0028 2 43 814 496
B2 0.0027 132 153 314 239
B2 0.0027 228 257 311 320
E2 0.0027 214 74 465 189
B2 0.0027 299 241 391 297
E0 0.0027 79 5 812 97
C2 0.0026 72 103 164 177
B2 0.0025 135 176 234 239
G3 0.0025 298 148 372 214
M0 0.0024 -2 -3 94 496
B2 0.0024 203 37 697 348
B0 0.0023 -2 -1 92 495
B2 0.0023 320 239 591 394
C2 0.0023 646 257 750 354
B2 0.0023 185 230 688 398
C2 0.0023 467 97 618 262
C2 0.0022 339 65 476 200
B2 0.0021 398 65 519 195
B2 0.0021 313 272 396 336
F2 0.0020 140 140 290 217
B2 0.0020 386 239 555 393
J0 0.0019 604 51 815 163
E2 0.0019 274 246 575 379
D2 0.0019 426 97 777 375
Q0 0.0018 83 5 492 72
B2 0.0018 613 184 657 228
C3 0.0018 73 102 163 177
C2 0.0018 554 288 647 363
B2 0.0017 126 180 427 328
E2 0.0017 178 223 523 386
B2 0.0016 317 212 409 281
B2 0.0016 212 317 319 381
F2 0.0016 130 159 268 240
E2 0.0016 323 49 667 294
B2 0.0015 660 190 726 249
C2 0.0015 401 53 447 112
Q0 0.0014 35 11 810 352
C0 0.0014 608 50 813 184
C3 0.0014 1 401 73 495
B2 0.0014 237 202 367 330
C2 0.0013 201 364 334 422
B2 0.0013 72 101 164 175
A2 0.0013 65 219 295 508
Q0 0.0012 670 8 812 207
I3 0.0012 25 -4 157 150
E0 0.0012 75 0 811 264
B2 0.0012 344 86 379 121
C2 0.0012 698 0 818 64
B2 0.0011 435 70 526 178
B2 0.0011 118 158 281 331
B2 0.0011 270 182 783 402
C2 0.0011 522 165 643 280
C3 0.0011 800 144 815 233
B2 0.0010 424 260 513 379
F2 0.0010 107 159 266 305
B2 0.0010 390 59 501 162
D1 0.0010 451 74 821 269
E2 0.0010 637 203 757 354
C3 0.0010 684 183 798 263
B2 0.0010 516 179 629 294
B2 0.0010 166 303 220 336
I3 0.0010 697 0 816 68
