B2 0.9687 34 157 526 423
B2 0.5828 27 80 144 409
B2 0.3740 13 2 177 125
B2 0.1907 373 61 499 158
B2 0.0810 174 1 503 158
F2 0.0388 35 155 525 425
B2 0.0368 288 159 527 418
B2 0.0335 382 12 470 67
B2 0.0235 12 2 371 337
B2 0.0202 8 1 453 213
B2 0.0086 177 0 432 130
B2 0.0082 69 -3 508 179
F2 0.0069 8 4 349 233
F2 0.0055 7 1 394 169
B2 0.0048 327 5 386 80
B2 0.0043 26 3 521 318
B2 0.0037 337 41 497 163
B2 0.0034 24 65 330 406
B2 0.0033 131 32 230 61
B2 0.0032 176 1 393 66
F2 0.0030 185 0 475 78
B2 0.0026 274 8 362 67
B2 0.0025 178 0 417 91
B2 0.0019 45 6 369 245
B2 0.0019 309 5 495 165
B2 0.0017 23 91 216 411
B2 0.0016 321 34 395 97
F2 0.0011 173 0 501 157
