B2 0.9658 294 203 455 526
B2 0.8825 430 207 511 527
B2 0.8729 377 338 435 523
B2 0.8717 8 4 147 525
B2 0.8431 381 0 486 235
B2 0.8117 109 1 243 246
B2 0.6827 233 0 333 245
B2 0.6692 182 172 360 524
B2 0.6369 61 0 155 122
B2 0.5665 13 6 214 525
B2 0.4247 48 232 157 524
B2 0.3141 72 0 242 510
B2 0.3071 10 0 138 359
B2 0.2800 177 0 355 522
B2 0.2402 5 5 80 524
B2 0.2230 92 6 240 352
B2 0.1496 6 68 57 540
B2 0.1316 41 158 219 520
B2 0.1110 307 0 403 164
B2 0.1009 318 0 489 505
B2 0.0432 134 244 206 527
B2 0.0243 120 227 250 524
B2 0.0193 184 214 305 526
B2 0.0032 133 352 201 525
B2 0.0021 7 0 138 39
B2 0.0016 393 228 442 303
B2 0.0015 225 -1 496 521
B2 0.0010 8 0 133 78
