B2 0.9554 0 139 435 666
B2 0.9447 197 194 627 664
B2 0.8063 371 45 583 199
B2 0.7804 2 -1 232 160
B2 0.6871 233 0 383 140
B2 0.4155 460 187 633 660
B2 0.4014 592 1 680 149
B2 0.3569 0 134 221 457
B2 0.3093 627 541 680 661
B2 0.2695 507 3 681 232
B2 0.2646 415 1 512 69
B2 0.2408 557 357 679 664
B2 0.2118 155 54 321 195
B2 0.1985 615 86 681 399
B2 0.1497 -1 123 223 617
B2 0.1465 504 2 636 157
B2 0.1117 617 184 681 419
B2 0.0782 512 68 675 221
B2 0.0693 518 105 662 216
B2 0.0438 635 133 681 257
B2 0.0386 563 447 675 661
B2 0.0357 541 2 669 147
B2 0.0272 461 78 675 664
B2 0.0265 0 298 104 643
B2 0.0251 156 -3 389 187
B2 0.0188 620 223 680 361
B2 0.0181 615 175 683 542
B2 0.0163 546 188 681 583
B2 0.0162 613 282 680 390
B2 0.0161 634 72 680 374
B2 0.0158 192 188 456 657
B2 0.0150 0 140 26 440
B2 0.0134 0 -1 237 261
B2 0.0130 632 129 682 210
B2 0.0126 638 168 680 245
B2 0.0100 582 -1 681 224
B2 0.0099 565 70 681 663
B2 0.0089 630 422 682 661
B2 0.0079 630 0 681 173
B2 0.0077 -1 129 41 609
B2 0.0071 3 181 174 652
B2 0.0071 463 0 631 192
B2 0.0067 0 175 27 332
B2 0.0062 -1 125 36 452
B2 0.0053 0 258 60 619
B2 0.0050 609 1 681 277
B2 0.0044 653 365 680 646
B2 0.0043 639 308 681 604
B2 0.0039 14 0 234 62
B2 0.0039 0 95 26 557
B2 0.0034 630 33 681 279
B2 0.0034 0 255 33 620
B2 0.0028 2 480 225 664
B2 0.0027 594 303 680 612
B2 0.0027 640 186 680 537
B2 0.0025 581 151 679 464
B2 0.0025 591 62 679 390
B2 0.0024 618 311 683 442
B2 0.0024 0 63 29 397
B2 0.0023 655 278 680 603
B2 0.0023 601 417 681 662
B2 0.0022 420 172 562 292
B2 0.0022 654 118 681 223
B2 0.0021 631 61 682 225
B2 0.0020 657 343 681 479
B2 0.0020 635 142 676 201
B2 0.0020 -1 65 45 421
B2 0.0018 502 0 614 57
B2 0.0017 645 43 679 283
B2 0.0017 -1 246 90 572
B2 0.0016 584 0 681 77
B2 0.0016 507 -2 621 113
B2 0.0015 670 110 680 285
B2 0.0014 614 485 681 658
B2 0.0013 0 93 83 435
B2 0.0013 188 50 321 151
B2 0.0012 0 139 25 302
B2 0.0012 656 75 681 220
B2 0.0012 555 48 679 262
B2 0.0010 -1 303 154 614
B2 0.0010 158 56 268 190
B2 0.0010 564 104 652 180
