B2 0.9650 139 20 316 228
B2 0.8004 82 244 225 410
B2 0.7877 379 102 417 215
B2 0.5242 220 178 298 279
B2 0.4401 279 127 370 289
B2 0.4069 84 152 143 257
B2 0.3630 0 183 77 281
B2 0.3086 217 127 371 282
B2 0.1620 410 104 425 214
B2 0.1536 398 108 423 214
B2 0.0242 0 181 78 340
B2 0.0167 82 266 151 414
B2 0.0145 136 39 264 229
B2 0.0132 2 18 312 262
B2 0.0092 249 21 317 148
B2 0.0087 0 169 82 411
B2 0.0070 0 181 76 243
E2 0.0068 0 181 77 245
A2 0.0060 174 330 424 425
A2 0.0059 324 69 383 132
A0 0.0043 175 328 423 425
B2 0.0025 139 126 205 229
C0 0.0024 0 231 90 428
B2 0.0020 403 126 422 201
B2 0.0019 333 97 408 218
F3 0.0017 0 174 83 422
D2 0.0016 0 170 82 395
C3 0.0015 0 189 90 425
C0 0.0013 0 299 102 425
C3 0.0013 0 237 47 429
E2 0.0012 103 323 421 426
E2 0.0012 -6 232 81 342
B2 0.0011 145 242 227 355
D2 0.0010 96 328 419 425
