B2 0.9774 378 77 714 642
B2 0.9636 81 50 328 558
B2 0.9607 286 60 495 560
B2 0.7288 0 160 184 634
B2 0.5126 0 323 110 636
B2 0.2721 429 143 585 394
B2 0.0881 11 164 184 330
B2 0.0241 20 440 254 636
B2 0.0232 9 350 259 636
B2 0.0208 545 0 706 111
B2 0.0187 468 47 707 604
B2 0.0101 0 329 46 638
B2 0.0080 3 426 98 637
F2 0.0080 545 0 706 112
B2 0.0063 84 341 323 557
B2 0.0048 0 429 28 635
C2 0.0044 0 427 23 638
B2 0.0044 0 426 44 635
B2 0.0043 0 330 30 649
B2 0.0040 0 234 50 428
B2 0.0034 234 553 403 638
B2 0.0031 669 78 708 289
B2 0.0024 -1 179 122 617
B2 0.0019 0 227 34 475
B2 0.0018 681 74 707 304
C3 0.0018 531 1 706 102
B2 0.0017 228 528 500 638
B2 0.0016 194 508 332 627
B2 0.0012 290 60 472 357
B2 0.0011 549 2 707 173
