B2 0.9401 119 85 304 301
B2 0.8587 1 132 229 291
B2 0.5690 231 3 303 304
D2 0.0965 72 0 222 71
B2 0.0566 180 0 301 299
D2 0.0481 72 0 307 71
B2 0.0158 232 16 304 163
B2 0.0132 119 0 306 265
B2 0.0131 268 104 304 302
B2 0.0095 268 116 304 222
B2 0.0094 39 115 303 302
E2 0.0082 273 0 303 74
E2 0.0046 0 227 111 304
B2 0.0038 -2 229 270 303
B2 0.0036 273 69 304 219
F3 0.0023 -1 239 286 303
E2 0.0022 68 0 224 72
H0 0.0012 267 1 304 93
D2 0.0012 0 39 106 113
B2 0.0012 276 4 304 131
C3 0.0011 0 225 115 304
B2 0.0011 261 39 304 229
B2 0.0011 274 146 304 294
