D2 0.2100 154 268 289 399
B2 0.2079 72 174 249 280
B2 0.2064 247 110 367 187
B2 0.2048 154 267 291 399
A2 0.1739 153 267 290 399
B2 0.1725 246 109 368 239
A2 0.1230 246 109 370 241
D2 0.1141 246 110 366 187
B2 0.0835 272 14 398 130
B2 0.0736 156 220 235 294
C2 0.0713 109 0 152 63
D2 0.0700 359 190 393 216
D2 0.0671 309 187 349 239
B2 0.0606 332 263 394 380
B2 0.0571 61 349 186 399
D2 0.0568 290 0 385 24
B2 0.0556 242 325 367 400
C2 0.0524 171 223 234 290
D2 0.0509 236 193 347 273
C2 0.0485 76 193 127 238
D2 0.0480 21 0 117 109
B2 0.0478 129 175 246 239
D2 0.0455 341 169 371 193
D2 0.0453 250 325 365 399
D2 0.0451 155 220 235 294
B2 0.0437 275 16 394 93
B2 0.0427 334 293 390 377
F2 0.0418 73 172 248 273
B2 0.0396 167 0 304 69
C2 0.0395 308 184 349 239
E2 0.0395 61 351 143 398
B2 0.0395 360 190 393 215
D2 0.0391 5 0 396 391
F2 0.0383 320 263 394 379
B2 0.0374 289 0 385 23
B2 0.0365 357 263 396 342
B2 0.0363 84 270 168 341
B2 0.0356 112 354 187 399
D2 0.0346 275 0 321 28
C2 0.0340 61 355 120 395
B2 0.0329 168 0 250 70
B2 0.0327 0 167 42 266
B2 0.0314 368 262 399 384
D2 0.0305 60 355 122 395
B2 0.0303 61 350 146 397
C2 0.0275 254 3 305 47
D2 0.0254 254 4 305 47
A2 0.0251 321 262 394 380
D2 0.0242 61 349 145 397
A2 0.0233 313 209 397 378
B2 0.0218 79 88 240 221
C2 0.0209 2 172 40 239
B2 0.0201 26 0 103 104
C2 0.0200 78 66 127 109
C2 0.0183 101 154 142 193
D2 0.0179 110 -1 152 65
B2 0.0178 233 186 398 387
B2 0.0173 241 371 365 400
C2 0.0169 9 131 49 169
F2 0.0169 80 0 267 90
B2 0.0166 254 2 304 47
B2 0.0165 77 -1 283 90
C2 0.0164 167 0 237 66
D2 0.0158 102 154 141 193
B2 0.0157 0 238 68 342
D2 0.0150 53 321 120 368
B2 0.0150 234 189 347 340
B2 0.0148 237 189 348 281
C2 0.0142 274 0 321 27
A2 0.0141 17 0 174 112
D2 0.0131 234 186 351 339
D2 0.0128 76 193 130 238
C2 0.0125 345 98 379 166
C2 0.0122 20 0 56 30
D2 0.0122 346 101 378 165
B2 0.0120 380 266 399 356
B2 0.0118 386 268 400 325
D2 0.0117 78 219 236 343
F2 0.0115 159 1 396 147
D2 0.0115 75 216 177 279
B2 0.0113 173 19 284 124
B2 0.0113 274 65 351 128
D2 0.0112 80 69 126 110
D2 0.0112 346 0 383 24
D2 0.0112 213 157 401 302
B2 0.0111 156 268 285 356
D2 0.0111 315 289 342 334
C2 0.0109 45 124 97 173
B2 0.0108 56 265 187 401
H3 0.0108 5 -6 399 400
B2 0.0107 372 290 400 384
B2 0.0107 86 219 235 355
C2 0.0105 53 321 119 368
D2 0.0104 237 172 400 388
B2 0.0104 341 169 371 193
F2 0.0103 93 15 283 201
D2 0.0102 292 0 355 18
B2 0.0102 9 131 49 169
C2 0.0102 241 375 294 399
C2 0.0101 254 202 333 259
A2 0.0101 357 262 396 340
D2 0.0100 274 0 397 91
B2 0.0098 101 153 142 193
E2 0.0097 0 151 101 372
B2 0.0095 0 232 73 385
F2 0.0094 75 86 246 281
B2 0.0094 177 22 282 89
C2 0.0093 31 6 95 75
B2 0.0092 21 0 56 30
B2 0.0090 248 164 362 239
C2 0.0088 0 1 24 56
B2 0.0088 358 242 398 268
B2 0.0087 94 90 182 196
B2 0.0086 294 0 353 17
B2 0.0086 62 355 120 393
D2 0.0085 241 374 298 399
C2 0.0085 282 272 321 335
A2 0.0085 58 265 190 400
D2 0.0084 341 232 375 258
B2 0.0082 341 232 374 258
B2 0.0082 80 0 180 82
G3 0.0082 283 272 320 335
B2 0.0080 269 12 386 178
B2 0.0080 79 0 165 63
D2 0.0079 272 7 398 168
F2 0.0078 59 264 191 400
D2 0.0078 283 273 320 335
B2 0.0077 77 215 175 279
B2 0.0077 33 156 82 248
B2 0.0076 280 372 372 400
C2 0.0076 141 22 174 83
N0 0.0076 335 295 390 371
B2 0.0075 275 0 323 27
C2 0.0074 35 160 78 246
B2 0.0072 79 66 126 110
C2 0.0070 111 359 185 398
B2 0.0069 140 0 173 21
B2 0.0069 363 142 392 179
B2 0.0067 242 374 294 399
B2 0.0066 22 0 134 111
B2 0.0065 360 375 397 399
B2 0.0064 346 94 378 165
D2 0.0062 358 242 399 269
A2 0.0061 13 0 191 67
B2 0.0059 44 98 109 129
B2 0.0059 369 -8 400 227
B2 0.0059 310 185 348 240
D2 0.0059 0 237 68 344
B2 0.0058 234 0 306 48
C2 0.0058 250 116 359 178
B2 0.0057 52 320 120 369
E2 0.0055 0 229 69 327
B2 0.0055 20 314 84 393
C2 0.0054 293 0 357 17
D2 0.0054 43 98 110 129
B2 0.0053 143 99 239 188
D2 0.0053 75 322 119 369
B2 0.0053 84 196 244 296
B2 0.0053 282 0 394 51
B2 0.0052 317 257 371 296
C2 0.0052 41 98 108 130
B2 0.0052 372 325 399 385
B2 0.0052 269 0 370 26
B2 0.0052 321 24 388 92
B2 0.0051 347 208 391 241
D2 0.0051 233 163 357 289
E2 0.0050 57 63 412 356
B2 0.0050 204 68 272 145
F2 0.0050 92 88 242 189
B2 0.0049 309 0 399 91
B2 0.0049 347 191 394 217
D2 0.0049 33 156 81 250
B2 0.0047 47 123 96 170
C2 0.0047 333 297 389 369
B2 0.0046 293 289 393 392
B2 0.0046 123 16 290 178
B2 0.0045 84 0 118 39
B2 0.0045 102 212 143 235
B2 0.0044 156 271 228 357
B2 0.0044 8 93 113 177
A2 0.0043 71 47 403 356
F2 0.0043 19 0 183 61
C2 0.0042 340 232 374 257
B2 0.0042 266 22 353 131
B2 0.0042 91 265 297 403
D2 0.0042 158 267 284 351
C2 0.0041 0 184 13 221
D2 0.0041 229 136 406 341
B2 0.0041 346 0 382 23
B2 0.0040 110 47 283 204
B2 0.0040 142 22 174 85
F2 0.0040 123 174 248 237
B2 0.0040 1 238 103 394
B2 0.0040 65 77 244 270
B2 0.0039 207 69 263 109
B2 0.0039 0 166 43 317
C2 0.0039 85 0 118 41
B2 0.0039 172 65 278 144
B2 0.0038 55 268 120 374
B2 0.0038 140 268 245 380
B2 0.0038 261 257 401 397
F2 0.0038 0 216 135 394
D2 0.0038 168 0 240 67
D2 0.0038 53 320 154 398
A2 0.0037 0 230 128 391
C2 0.0037 207 69 262 108
E2 0.0036 69 217 234 345
B2 0.0036 328 372 398 400
D2 0.0035 0 163 46 261
B2 0.0035 385 233 400 324
F2 0.0035 5 47 197 202
E2 0.0034 27 350 165 401
B2 0.0033 370 122 399 337
B2 0.0033 376 13 399 148
B2 0.0033 16 0 180 61
B2 0.0033 143 -4 403 157
F2 0.0032 10 -2 217 121
D2 0.0032 134 173 250 236
C3 0.0032 142 23 174 83
B2 0.0031 316 289 342 334
F2 0.0031 63 -15 311 189
B2 0.0031 104 62 153 96
B2 0.0030 0 177 15 253
B2 0.0030 19 0 136 48
D2 0.0030 4 175 40 244
B2 0.0030 0 185 13 220
B2 0.0030 1 156 96 356
B2 0.0029 387 151 399 266
D2 0.0029 158 115 238 186
B2 0.0028 11 167 40 193
F2 0.0028 272 19 376 94
B2 0.0028 351 171 388 193
D2 0.0028 224 246 257 273
B2 0.0028 382 142 399 326
B2 0.0028 8 -1 210 117
E2 0.0028 20 312 154 399
C2 0.0027 7 101 51 130
B2 0.0027 348 204 399 290
D2 0.0027 344 169 388 193
C2 0.0027 62 356 98 395
D2 0.0027 234 172 362 250
B2 0.0027 315 207 396 297
D2 0.0026 116 93 266 191
B2 0.0026 183 324 383 400
B2 0.0026 7 100 51 130
B2 0.0026 144 91 179 118
D2 0.0025 248 294 401 398
B2 0.0025 21 337 63 390
B2 0.0025 13 280 127 398
E2 0.0025 66 214 213 310
B2 0.0025 0 2 25 56
B2 0.0025 128 5 224 90
B2 0.0024 224 246 256 272
B2 0.0024 25 251 124 386
B2 0.0024 225 330 286 386
F2 0.0024 -2 -2 400 266
B2 0.0024 70 187 173 276
B2 0.0024 329 373 366 399
B2 0.0024 234 232 323 339
B2 0.0024 1 160 87 301
B2 0.0023 333 201 399 352
C2 0.0023 1 240 63 307
C2 0.0023 22 338 63 388
D2 0.0023 -2 192 120 368
D2 0.0023 333 23 383 93
B2 0.0023 101 91 179 158
B2 0.0022 376 169 400 331
C2 0.0022 0 45 33 83
B2 0.0022 97 0 173 53
F2 0.0022 81 267 170 342
C2 0.0022 330 23 388 91
E2 0.0022 18 0 89 29
D2 0.0022 105 62 154 97
C2 0.0022 244 200 334 243
E2 0.0022 8 -1 129 127
E2 0.0022 119 156 363 341
C2 0.0022 121 164 173 215
B2 0.0022 158 218 268 298
E2 0.0021 157 267 283 351
B2 0.0021 69 148 225 247
B2 0.0021 369 262 393 285
B2 0.0021 344 91 376 129
B2 0.0021 20 0 76 29
B2 0.0021 376 125 400 298
B2 0.0020 385 120 399 256
D2 0.0020 0 184 13 223
B2 0.0020 342 154 390 194
B2 0.0020 117 88 256 190
F2 0.0020 232 10 352 130
B2 0.0020 22 0 116 33
F2 0.0020 21 0 126 30
B2 0.0019 269 62 378 167
C2 0.0019 11 167 41 203
C2 0.0019 161 277 218 351
F2 0.0019 271 365 396 400
B2 0.0019 280 267 323 339
B2 0.0018 385 186 399 323
C2 0.0018 103 62 154 96
F2 0.0018 121 167 368 352
E2 0.0018 -9 144 144 393
D2 0.0018 100 91 180 160
C2 0.0018 224 246 257 272
B2 0.0017 341 68 387 198
B2 0.0017 261 245 360 352
C2 0.0017 204 25 277 78
B2 0.0017 239 51 383 199
E2 0.0017 1 180 68 348
F2 0.0017 84 0 196 77
B2 0.0017 5 108 105 258
D2 0.0017 259 204 335 259
B2 0.0017 -1 211 118 367
B2 0.0016 0 317 75 398
B2 0.0016 342 215 393 264
B2 0.0016 371 62 399 267
D2 0.0016 198 268 290 395
B2 0.0016 382 81 399 258
B2 0.0016 190 -3 382 115
C2 0.0016 4 168 40 216
D2 0.0015 48 128 96 174
A2 0.0015 55 257 122 377
C2 0.0015 86 290 136 339
B2 0.0015 348 326 399 400
B2 0.0015 49 122 93 144
B2 0.0015 172 325 299 397
A2 0.0015 340 145 399 280
D2 0.0015 0 3 25 57
B2 0.0015 72 160 183 248
B2 0.0015 232 0 372 21
F2 0.0015 45 240 132 385
B2 0.0015 362 189 390 209
B2 0.0015 346 0 394 27
B2 0.0014 260 259 324 339
D2 0.0014 0 0 404 239
F2 0.0014 362 17 399 172
B2 0.0014 12 167 40 183
B2 0.0014 355 1 398 119
B2 0.0014 62 175 182 361
B2 0.0014 256 311 402 399
B2 0.0014 380 134 400 265
D2 0.0014 351 116 378 166
B2 0.0014 138 17 294 100
C3 0.0014 389 126 400 275
C2 0.0014 283 75 347 123
B2 0.0014 389 137 400 282
B2 0.0014 165 0 200 40
A2 0.0014 94 129 388 353
B2 0.0013 283 75 347 118
B2 0.0013 278 380 335 399
B2 0.0013 121 0 173 20
C2 0.0013 31 10 77 71
C2 0.0013 161 177 240 234
E2 0.0013 71 186 170 267
B2 0.0013 171 0 203 12
C2 0.0013 244 391 279 399
C2 0.0013 243 389 295 399
C2 0.0013 0 42 35 100
B2 0.0013 332 256 369 292
B2 0.0013 304 0 400 62
B2 0.0013 203 -2 351 90
C2 0.0012 0 179 36 259
D2 0.0012 272 67 378 168
B2 0.0012 235 0 340 44
B2 0.0012 155 365 185 399
B2 0.0012 359 241 398 282
E2 0.0012 266 269 353 347
B2 0.0012 98 0 175 23
B2 0.0012 261 176 318 207
B2 0.0012 19 150 99 250
C3 0.0012 161 113 239 188
D2 0.0012 153 126 193 165
F2 0.0012 10 0 310 101
D2 0.0012 234 55 406 393
B2 0.0012 390 180 400 268
E2 0.0012 144 191 326 379
F2 0.0012 10 220 187 387
B2 0.0012 6 169 39 232
D2 0.0012 73 185 175 280
B2 0.0012 212 373 314 400
C2 0.0012 153 126 193 165
F2 0.0012 234 193 402 393
B2 0.0011 5 22 132 185
Q0 0.0011 234 7 403 396
B2 0.0011 388 255 399 350
B2 0.0011 0 45 34 83
B2 0.0011 389 211 400 337
B2 0.0011 374 1 400 102
B2 0.0011 23 338 62 374
B2 0.0011 152 116 196 165
F2 0.0011 231 0 392 98
B2 0.0011 8 119 106 180
B2 0.0010 346 170 390 215
B2 0.0010 391 112 400 241
B2 0.0010 -1 176 18 280
D2 0.0010 229 333 283 386
F2 0.0010 23 0 183 29
B2 0.0010 388 302 400 397
D2 0.0010 283 212 340 263
B2 0.0010 343 89 380 185
B2 0.0010 306 1 389 19
B2 0.0010 272 267 336 344
B2 0.0010 21 318 63 374
E2 0.0010 115 153 314 263
B2 0.0010 377 12 400 253
B2 0.0010 160 -2 344 105
B2 0.0010 367 210 391 243
B2 0.0010 237 135 414 258
F2 0.0010 75 7 310 119
B2 0.0010 282 331 315 345
B2 0.0010 78 193 125 237
