B2 0.1097 89 79 151 233
H0 0.0650 41 130 144 343
B2 0.0590 41 204 126 328
G3 0.0337 39 28 179 331
C2 0.0192 94 145 144 211
B2 0.0111 92 3 182 251
B2 0.0094 43 64 152 359
F2 0.0091 99 29 187 189
C2 0.0083 41 299 65 318
E3 0.0077 40 21 161 332
A3 0.0067 123 28 160 94
L0 0.0064 41 100 146 345
H0 0.0063 42 180 131 333
C2 0.0061 103 142 142 196
C3 0.0055 92 143 143 224
G3 0.0051 40 207 128 330
F2 0.0043 100 28 161 106
P0 0.0043 40 206 123 327
C2 0.0039 119 141 136 154
B2 0.0039 123 29 159 96
F2 0.0034 102 58 150 97
Q0 0.0034 82 28 188 219
G3 0.0033 91 141 141 234
G3 0.0032 92 206 128 231
B2 0.0031 99 49 153 219
B2 0.0029 70 112 147 282
F2 0.0028 103 27 167 139
C2 0.0025 154 143 188 202
C2 0.0025 123 29 161 95
D2 0.0024 119 139 135 156
B2 0.0024 91 125 144 238
B2 0.0023 119 140 136 154
F2 0.0022 44 27 186 335
L0 0.0021 41 206 122 327
F2 0.0021 101 55 158 108
G3 0.0020 39 145 142 329
B2 0.0019 67 74 154 245
G3 0.0019 24 211 155 328
E3 0.0018 -21 18 193 338
Q0 0.0017 115 31 188 200
B2 0.0016 42 228 101 327
F2 0.0016 119 19 202 95
D2 0.0015 115 136 135 155
G3 0.0015 116 189 130 200
A2 0.0014 123 31 188 210
F2 0.0014 47 90 157 327
F2 0.0013 122 28 179 95
C2 0.0013 105 137 141 169
B2 0.0013 172 247 190 273
C3 0.0013 125 62 150 94
B2 0.0011 94 206 127 231
L0 0.0010 102 28 187 212
