I3 0.4597 643 170 767 505
B0 0.1660 290 -50 643 888
P0 0.1458 284 -52 631 960
M0 0.0913 282 -4 688 842
B0 0.0655 304 -24 672 638
N0 0.0626 277 -4 685 845
C3 0.0413 237 282 332 375
C0 0.0385 -3 0 213 248
B1 0.0311 283 -103 642 869
C0 0.0301 668 950 765 1024
B3 0.0282 273 -7 667 951
C0 0.0238 15 37 143 133
O0 0.0207 647 168 766 503
C2 0.0199 178 91 365 228
C3 0.0194 558 446 766 565
C3 0.0187 13 37 144 133
C2 0.0186 618 662 753 775
B2 0.0148 621 659 754 774
B3 0.0144 289 143 621 873
B3 0.0144 305 -64 676 709
C0 0.0142 7 -1 166 143
D2 0.0139 622 672 756 775
E0 0.0130 188 87 363 236
F0 0.0112 186 88 364 233
K0 0.0108 558 447 767 562
C3 0.0096 185 91 365 231
N0 0.0075 645 173 772 427
C0 0.0074 0 126 193 204
D2 0.0074 241 463 320 541
C0 0.0073 155 -4 231 263
G3 0.0073 612 57 685 218
B3 0.0070 231 122 774 846
B3 0.0069 188 84 366 239
B2 0.0066 241 463 320 541
C0 0.0066 -1 71 204 241
O0 0.0064 291 12 657 849
C3 0.0057 329 35 387 108
C3 0.0056 634 56 686 175
P0 0.0055 293 182 602 872
C0 0.0054 16 96 111 135
C3 0.0051 -1 -4 41 136
M0 0.0049 4 62 783 1006
K0 0.0047 155 -4 229 261
C3 0.0046 299 80 382 185
C3 0.0045 671 956 768 1023
E3 0.0043 -9 174 757 1018
G3 0.0041 632 55 685 190
C3 0.0041 1 687 79 791
F0 0.0039 -8 149 768 1016
C3 0.0039 298 31 386 192
C2 0.0038 299 83 380 185
C2 0.0037 0 685 80 792
E3 0.0036 3 1 214 245
O0 0.0036 262 174 737 678
C2 0.0035 0 881 65 935
F0 0.0035 325 -19 687 592
C3 0.0034 100 79 166 141
R0 0.0034 -9 178 772 1019
C0 0.0032 157 56 202 184
C2 0.0031 -1 -5 41 135
B3 0.0031 647 174 767 501
C2 0.0031 240 462 320 541
C3 0.0030 462 943 767 1026
C0 0.0030 499 953 765 1026
Q0 0.0030 -3 3 214 255
D0 0.0029 -10 177 767 1019
B2 0.0028 1 685 78 791
K0 0.0028 372 -1 683 218
C3 0.0028 373 -3 683 215
B0 0.0027 478 945 771 1029
H3 0.0026 173 20 370 241
F0 0.0026 370 -1 681 218
B2 0.0025 0 418 130 509
H3 0.0024 -9 160 775 1015
C3 0.0022 194 959 255 1025
C2 0.0022 0 310 80 386
C3 0.0021 1 881 65 935
P0 0.0020 247 -64 637 660
C2 0.0020 0 418 133 506
C0 0.0019 557 411 767 561
C0 0.0018 0 123 195 245
C0 0.0017 -2 -1 49 143
O0 0.0017 678 277 746 379
B0 0.0017 242 221 754 637
B2 0.0017 0 881 65 934
E2 0.0016 514 478 764 982
N0 0.0016 308 2 668 516
N0 0.0016 203 151 694 707
B3 0.0015 374 -3 681 215
B3 0.0015 295 36 386 195
E2 0.0014 53 796 446 1025
C0 0.0013 2 -3 122 218
E3 0.0013 67 3 269 251
I3 0.0013 624 105 750 305
B0 0.0013 81 910 771 1023
C3 0.0013 0 123 199 258
C0 0.0013 297 35 389 196
J0 0.0013 1 123 201 249
B1 0.0013 296 34 389 194
Q0 0.0012 11 147 765 852
C3 0.0012 550 508 630 560
C3 0.0012 713 955 768 1023
C2 0.0011 423 931 521 1020
I3 0.0011 645 138 839 515
C0 0.0011 2 0 105 134
F2 0.0011 439 722 766 1027
B0 0.0010 376 931 764 1022
B2 0.0010 0 788 70 834
B2 0.0010 477 727 573 772
I0 0.0010 56 890 773 1025
B3 0.0010 614 162 749 456
G3 0.0010 15 97 108 134
C3 0.0010 601 326 681 412
E2 0.0010 372 -2 672 217
C0 0.0010 638 941 770 1026
G0 0.0010 816 120 890 396
C0 0.0010 612 57 684 223
B2 0.0010 665 863 767 1001
