B2 0.1976 98 94 233 431
D1 0.1257 92 1 239 464
C2 0.0749 222 306 249 349
B0 0.0399 101 -5 237 379
N0 0.0305 92 1 236 423
D2 0.0226 222 306 249 350
M0 0.0218 98 2 235 426
C2 0.0201 223 250 253 297
B3 0.0179 100 -8 239 380
D2 0.0168 -1 91 257 422
N0 0.0129 0 91 255 422
B3 0.0129 96 116 232 441
C2 0.0112 224 197 252 243
E3 0.0061 0 83 260 427
D1 0.0059 106 -13 235 342
B0 0.0058 28 41 253 426
D2 0.0056 224 251 253 297
C0 0.0052 113 -4 238 312
M0 0.0048 2 77 257 425
H3 0.0047 112 -4 233 300
B1 0.0045 99 -37 244 483
D0 0.0042 99 126 228 439
B2 0.0025 77 14 229 493
H3 0.0019 -1 5 82 151
E2 0.0013 -34 83 244 454
C2 0.0013 226 82 253 129
G3 0.0013 280 334 311 366
C0 0.0013 2 89 241 427
E3 0.0011 9 90 171 426
H3 0.0011 -1 80 260 433
H3 0.0011 117 5 228 213
D1 0.0011 0 106 69 219
D2 0.0010 101 91 243 421
