B0 0.2097 104 60 270 384
M0 0.1388 100 35 270 404
N0 0.1302 100 37 271 403
P0 0.0919 117 38 270 355
B3 0.0517 102 71 270 431
B0 0.0507 125 35 266 309
B1 0.0458 101 75 268 406
M0 0.0216 125 48 269 331
C2 0.0143 259 156 281 182
G3 0.0097 235 215 281 274
E3 0.0057 27 173 282 429
N0 0.0054 15 2 327 420
C2 0.0052 184 41 249 111
P0 0.0033 102 -38 270 426
F0 0.0030 27 173 281 429
A2 0.0030 -5 54 133 449
N0 0.0027 26 162 282 425
H3 0.0027 23 -6 293 440
C0 0.0026 183 40 249 112
Q0 0.0024 28 175 281 429
N0 0.0024 184 41 249 109
M0 0.0023 29 119 291 424
C2 0.0023 235 215 281 272
B0 0.0019 27 170 282 428
A2 0.0016 -10 -32 165 308
H0 0.0016 -4 0 320 422
M0 0.0015 178 47 272 317
D1 0.0013 92 53 266 427
B3 0.0011 183 39 249 116
B2 0.0010 272 379 316 422
