B3 0.6566 35 47 408 371
B3 0.3513 38 154 401 374
M0 0.2559 409 151 432 320
B3 0.1616 47 50 394 188
F0 0.0897 410 155 432 330
B0 0.0756 409 186 432 297
B3 0.0517 406 143 433 278
B3 0.0485 409 146 432 353
B3 0.0407 407 178 432 305
B3 0.0189 400 146 433 319
M0 0.0112 407 35 432 319
C3 0.0090 409 197 433 322
E0 0.0077 123 1 365 92
F0 0.0067 411 195 433 312
E0 0.0062 409 148 432 378
M0 0.0061 399 149 432 344
C0 0.0050 87 2 352 95
E0 0.0044 52 55 388 192
D3 0.0044 36 157 408 372
B0 0.0041 408 33 432 305
H3 0.0028 53 -1 372 89
I3 0.0024 35 206 399 369
B3 0.0024 407 11 433 358
I3 0.0021 423 24 433 238
H3 0.0021 35 154 403 372
B0 0.0020 390 2 432 221
B0 0.0020 399 3 432 320
B3 0.0019 70 -2 362 91
I3 0.0019 420 33 433 283
B0 0.0013 407 148 432 374
C3 0.0013 428 52 433 159
N0 0.0012 398 132 433 317
C0 0.0011 428 52 433 177
B3 0.0011 385 45 432 297
