C0 0.1904 369 625 575 997
R0 0.1897 369 620 574 1006
C2 0.0981 453 -5 576 188
D1 0.0843 10 -105 418 1130
B0 0.0570 -2 -115 439 999
D1 0.0528 -15 -45 445 734
B1 0.0474 21 78 406 1082
B1 0.0415 -16 -158 452 898
B3 0.0364 -12 -137 435 1030
H0 0.0188 452 -2 576 206
B3 0.0187 -68 -265 507 1219
M0 0.0104 -4 -2 458 996
D0 0.0076 3 -1 528 1014
R0 0.0069 384 3 575 388
C2 0.0065 -2 817 77 950
C2 0.0063 455 28 561 150
G0 0.0056 9 10 567 1016
H3 0.0055 372 720 573 1022
B3 0.0049 20 156 416 1073
E2 0.0044 454 -2 575 207
G3 0.0041 -1 300 38 502
I0 0.0040 -25 -2 573 442
R0 0.0037 391 524 575 624
G0 0.0033 14 3 562 393
J0 0.0032 390 364 575 628
G0 0.0030 -10 -6 572 611
C3 0.0028 11 635 54 674
I3 0.0026 -1 -17 438 639
B2 0.0024 451 0 574 202
E3 0.0023 389 8 571 374
B0 0.0022 0 142 437 849
R0 0.0021 57 612 578 1027
C2 0.0021 375 749 435 925
C3 0.0020 0 774 58 831
E0 0.0019 44 613 578 1038
G0 0.0017 380 3 573 385
R0 0.0016 12 8 578 1041
R0 0.0016 391 447 575 622
H3 0.0016 374 619 548 994
H3 0.0015 388 -5 576 396
C2 0.0015 -3 806 80 1019
Q0 0.0015 386 4 576 383
B0 0.0013 -23 -3 551 695
C0 0.0013 380 662 492 972
G0 0.0013 0 166 535 758
D1 0.0013 -3 -151 311 876
D1 0.0012 -59 -32 663 958
B3 0.0012 -85 10 685 956
B0 0.0011 1 268 432 655
N0 0.0011 384 -3 582 591
C3 0.0011 -1 924 80 1023
C0 0.0011 378 720 471 957
B3 0.0011 57 -27 484 1216
C2 0.0011 455 48 534 140
H3 0.0011 384 3 575 628
N0 0.0010 10 126 435 932
G3 0.0010 7 293 422 572
R0 0.0010 382 364 576 619
Q0 0.0010 377 625 571 1014
B3 0.0010 9 -48 322 1179
N0 0.0010 0 307 33 509
