B3 0.4057 29 13 165 157
A1 0.2344 34 8 166 155
E1 0.1636 31 7 161 156
F0 0.1213 30 15 162 155
B3 0.0690 187 7 198 152
B3 0.0678 0 -1 43 82
B0 0.0358 29 15 164 156
I3 0.0298 31 13 162 152
B3 0.0263 180 0 197 151
I3 0.0263 192 26 197 154
B3 0.0256 190 72 197 141
B0 0.0223 190 63 197 141
B3 0.0157 186 67 197 139
I3 0.0141 191 64 197 149
I3 0.0134 190 0 197 158
I3 0.0127 184 -5 198 151
B0 0.0102 186 65 197 136
B0 0.0101 180 -10 197 151
B0 0.0088 192 68 198 142
C3 0.0071 189 103 197 148
D3 0.0068 0 0 67 81
B0 0.0060 194 58 198 140
B3 0.0056 0 0 77 83
H3 0.0053 99 0 189 78
B0 0.0049 186 9 197 156
B3 0.0048 0 0 41 140
I3 0.0043 188 43 197 150
I3 0.0043 0 0 64 81
B3 0.0039 0 4 24 144
I3 0.0035 195 43 198 139
H3 0.0025 10 0 78 80
R0 0.0025 2 2 96 84
K0 0.0023 0 0 94 81
B3 0.0022 160 0 197 153
B3 0.0020 173 -20 197 155
A3 0.0018 189 108 197 147
B0 0.0017 0 1 82 81
B3 0.0016 0 -7 12 150
M0 0.0016 191 70 197 155
N0 0.0015 190 76 198 154
R0 0.0014 4 0 69 81
H3 0.0014 -1 1 98 83
B3 0.0013 188 79 197 152
C0 0.0012 190 98 198 149
Q0 0.0011 -15 75 97 224
