D2 0.1501 194 234 234 274
B0 0.1478 105 12 316 393
M0 0.1457 116 12 308 412
A3 0.1444 153 213 267 331
C2 0.1166 194 233 234 275
C2 0.0690 153 212 268 331
N0 0.0533 111 12 309 416
L0 0.0390 153 212 267 332
P0 0.0312 104 53 312 370
O0 0.0258 115 10 308 416
R0 0.0166 117 16 311 419
C2 0.0153 156 211 239 303
I0 0.0142 115 14 313 418
C2 0.0085 164 230 254 300
C2 0.0082 192 214 257 285
H0 0.0076 150 211 269 346
R0 0.0053 116 194 299 410
L0 0.0037 134 200 273 355
P0 0.0032 134 124 272 359
B3 0.0031 90 46 293 424
A3 0.0030 148 161 289 350
C3 0.0020 152 207 271 338
P0 0.0019 148 198 267 341
P0 0.0010 94 21 266 449
L0 0.0010 111 177 290 404
