K0 0.0787 63 107 106 264
K0 0.0733 10 51 101 277
R0 0.0415 -6 0 124 63
Q0 0.0299 -1 0 119 63
E3 0.0298 9 26 119 269
K0 0.0240 9 22 71 289
H0 0.0233 10 54 114 276
K0 0.0222 11 -3 115 309
K0 0.0220 62 164 104 266
K0 0.0187 12 145 106 269
B1 0.0159 61 91 102 266
A0 0.0132 12 140 109 269
N0 0.0118 4 24 118 273
N0 0.0110 66 122 95 175
A0 0.0109 14 27 117 246
B1 0.0108 48 58 122 279
K0 0.0092 58 75 120 278
K0 0.0083 4 16 47 287
C2 0.0073 66 122 95 175
G3 0.0060 67 123 95 176
E3 0.0058 1 23 117 106
Q0 0.0056 0 20 117 107
P0 0.0052 51 41 120 291
P0 0.0047 64 117 99 188
I3 0.0037 65 120 97 178
L0 0.0036 -2 0 121 62
P0 0.0036 59 89 101 261
R0 0.0035 2 2 120 92
K0 0.0032 63 203 104 266
K0 0.0030 15 151 72 268
D1 0.0029 61 96 103 263
P0 0.0027 25 12 118 260
H0 0.0026 52 84 98 198
C3 0.0024 -2 0 119 60
Q0 0.0023 -13 252 118 309
D1 0.0022 -2 26 35 277
K0 0.0020 1 26 100 110
K0 0.0020 11 92 81 274
B1 0.0019 0 23 38 280
K0 0.0019 -1 -18 56 295
H0 0.0018 64 115 97 184
P0 0.0018 41 88 99 247
E3 0.0016 3 28 118 143
R0 0.0015 3 17 116 291
Q0 0.0015 0 227 121 310
G3 0.0015 2 24 117 108
K0 0.0014 2 26 60 109
N0 0.0013 4 29 118 114
B1 0.0011 68 37 121 292
G0 0.0010 -56 261 119 310
C2 0.0010 63 206 103 263
