E0 0.0982 6 45 194 167
E0 0.0531 5 59 193 235
H3 0.0477 1 57 194 236
Q0 0.0439 0 46 193 229
C3 0.0344 11 48 188 143
C3 0.0199 -1 86 191 233
C3 0.0159 12 47 182 111
C3 0.0094 15 85 168 176
Q0 0.0080 0 31 201 307
C2 0.0066 47 101 81 153
R0 0.0065 0 27 200 322
C3 0.0061 10 36 193 213
R0 0.0059 0 144 200 330
H3 0.0055 0 32 198 322
R0 0.0034 -2 234 192 324
E0 0.0033 10 47 185 109
Q0 0.0031 2 1 193 45
C2 0.0024 0 18 16 100
Q0 0.0019 1 123 198 323
Q0 0.0016 -8 236 198 325
Q0 0.0014 1 -1 186 29
Q0 0.0013 5 2 195 78
N0 0.0011 0 15 13 193
F2 0.0010 13 0 121 17
