B0 0.0883 -51 96 359 483
H3 0.0616 -48 75 364 495
O0 0.0336 -2 77 326 445
I3 0.0321 137 115 192 188
B0 0.0310 139 115 193 187
B0 0.0295 -8 148 328 435
I3 0.0290 102 112 234 188
E0 0.0236 -32 153 343 441
F0 0.0202 -25 144 332 437
E2 0.0197 -31 144 351 446
B3 0.0181 138 115 193 188
G3 0.0166 140 117 191 186
B1 0.0140 140 117 191 186
I3 0.0137 30 123 75 180
B0 0.0133 90 109 245 189
C3 0.0104 -28 167 347 448
M0 0.0104 -2 76 326 445
G3 0.0095 146 153 163 187
B3 0.0091 147 153 163 188
N0 0.0082 146 153 163 187
H3 0.0079 -73 87 381 362
B3 0.0074 96 108 240 191
B3 0.0059 116 109 201 191
Q0 0.0057 -1 75 328 451
Q0 0.0049 0 349 331 471
R0 0.0048 0 349 329 473
H3 0.0048 31 122 80 180
H3 0.0042 67 111 233 189
C3 0.0034 174 113 232 187
B0 0.0031 58 96 275 192
E2 0.0031 -21 48 373 548
C3 0.0029 64 135 90 182
Q0 0.0027 12 87 316 204
C3 0.0024 145 118 191 185
N0 0.0022 -9 63 324 443
Q0 0.0022 25 14 310 106
P0 0.0021 238 112 326 361
I3 0.0016 147 109 235 190
C3 0.0016 32 123 75 178
N0 0.0016 32 123 77 178
Q0 0.0014 14 0 309 33
I3 0.0012 38 122 95 184
B0 0.0010 231 80 326 401
C3 0.0010 175 170 192 188
