B0 0.4712 255 249 397 502
R0 0.4327 132 489 508 846
P0 0.1915 257 249 397 501
M0 0.1653 251 248 398 504
B3 0.1188 252 246 398 500
J0 0.0478 133 484 510 842
N0 0.0233 258 257 394 499
C2 0.0181 257 269 394 507
G0 0.0127 94 474 517 866
C3 0.0088 256 275 392 506
G0 0.0085 15 310 669 925
R0 0.0049 41 460 623 879
G0 0.0036 -13 16 718 961
P0 0.0034 199 263 466 807
B3 0.0030 147 238 508 874
P0 0.0027 253 245 405 664
Q0 0.0026 -11 4 709 957
H3 0.0022 -10 -2 716 962
G0 0.0020 -17 833 710 957
Q0 0.0018 -31 862 721 959
Q0 0.0016 -25 4 683 111
F3 0.0016 -17 863 748 960
B3 0.0015 249 244 405 614
F0 0.0015 -8 0 718 958
B0 0.0013 -15 3 710 967
R0 0.0011 146 341 509 819
D1 0.0011 130 243 511 872
M0 0.0010 189 242 516 817
