B0 0.2728 36 137 194 375
H3 0.0985 35 135 192 243
C3 0.0852 8 -14 224 145
Q0 0.0762 2 1 222 146
I3 0.0756 33 138 194 368
O0 0.0747 34 135 192 370
D2 0.0735 1 -6 224 148
A3 0.0611 7 -11 223 146
B3 0.0374 39 143 187 379
P0 0.0366 0 95 53 292
L0 0.0340 33 135 196 243
C3 0.0259 34 135 195 242
B0 0.0220 0 95 52 292
B3 0.0206 0 94 54 293
C2 0.0168 1 220 42 287
A3 0.0163 0 96 52 288
P0 0.0122 33 134 191 381
O0 0.0103 -1 92 52 293
C2 0.0102 178 364 225 394
K0 0.0099 0 95 53 292
C3 0.0098 182 250 220 264
C3 0.0098 48 300 228 395
Q0 0.0086 33 138 193 370
C3 0.0084 1 97 53 291
C3 0.0076 176 365 226 394
M0 0.0065 -1 95 55 293
Q0 0.0056 40 305 225 394
C3 0.0055 1 221 42 291
D2 0.0052 0 94 52 289
I3 0.0045 0 94 53 295
Q0 0.0040 2 259 223 395
H3 0.0032 38 125 192 347
D2 0.0032 46 300 227 396
A0 0.0028 0 -2 226 290
Q0 0.0026 0 -3 226 270
D2 0.0026 0 -3 226 280
N0 0.0026 -2 94 52 291
Q0 0.0026 -1 94 52 292
C2 0.0024 190 303 225 348
A3 0.0023 47 301 228 396
B3 0.0018 38 136 193 246
H3 0.0016 1 -8 226 358
E2 0.0014 22 -21 236 152
Q0 0.0014 10 9 210 387
C3 0.0013 41 206 182 371
H3 0.0013 177 364 225 395
Q0 0.0013 -6 5 233 81
C2 0.0013 208 303 226 339
C2 0.0012 52 382 153 395
H3 0.0012 43 293 228 397
E0 0.0012 46 299 228 395
B2 0.0011 178 366 225 394
C3 0.0011 54 363 193 395
Q0 0.0011 0 263 90 388
C2 0.0010 166 304 225 368
C2 0.0010 185 304 225 361
