B0 0.3566 77 137 165 375
B0 0.2396 181 19 289 414
N0 0.1217 296 36 419 384
M0 0.1171 297 35 420 384
P0 0.1129 78 135 165 377
B0 0.1027 296 35 417 346
B0 0.0976 0 235 65 381
P0 0.0908 182 16 290 420
P0 0.0817 297 0 419 402
A2 0.0725 0 0 207 125
M0 0.0719 76 134 166 380
B1 0.0684 295 -9 419 416
B2 0.0596 301 26 415 406
B1 0.0570 180 55 287 390
O0 0.0473 0 236 66 381
B3 0.0466 0 234 66 380
P0 0.0394 0 235 64 384
F0 0.0379 -1 236 66 381
B3 0.0336 294 3 420 392
M0 0.0323 182 48 291 386
K0 0.0310 -1 236 66 382
B3 0.0307 78 131 164 381
A2 0.0289 0 -1 211 195
O0 0.0264 73 111 167 380
I3 0.0258 -1 237 66 381
C2 0.0213 155 122 190 179
H0 0.0127 154 122 190 181
B3 0.0123 182 59 287 401
O0 0.0103 300 30 419 393
A2 0.0097 2 0 137 119
N0 0.0082 180 50 290 379
C2 0.0075 -1 250 66 385
C3 0.0060 121 85 151 142
C2 0.0059 284 131 310 198
C3 0.0056 154 122 190 180
C3 0.0051 284 131 310 200
R0 0.0047 1 347 441 443
M0 0.0047 17 78 167 386
P0 0.0044 287 73 419 266
E0 0.0041 0 216 65 371
N0 0.0038 286 39 419 203
B0 0.0038 181 50 286 287
B1 0.0036 294 32 415 296
N0 0.0033 85 234 164 362
M0 0.0033 85 25 361 417
M0 0.0030 54 17 167 391
L0 0.0030 5 1 214 370
P0 0.0028 0 171 66 367
B2 0.0028 0 -5 215 202
L0 0.0025 0 -3 214 196
M0 0.0024 -3 166 68 385
N0 0.0024 -1 136 68 384
O0 0.0024 0 78 166 389
C3 0.0023 0 231 66 382
G3 0.0023 121 85 151 142
O0 0.0021 0 96 78 388
N0 0.0020 110 30 334 399
B0 0.0020 3 3 200 385
O0 0.0019 -2 161 67 384
E3 0.0018 26 20 193 394
E3 0.0018 285 38 417 202
F2 0.0018 1 -3 213 197
M0 0.0017 15 18 427 435
C2 0.0017 0 86 13 180
N0 0.0017 -4 249 66 376
C0 0.0017 311 38 414 131
H0 0.0016 153 121 211 181
P0 0.0016 290 105 408 235
C2 0.0015 74 227 165 363
D2 0.0013 -4 -1 215 361
C2 0.0013 156 123 188 155
N0 0.0013 -1 43 57 390
E3 0.0013 1 -1 212 197
C0 0.0012 320 38 408 107
C2 0.0011 0 237 56 299
A2 0.0011 14 0 161 84
N0 0.0010 112 225 162 361
B1 0.0010 0 83 15 242
E0 0.0010 1 201 39 373
F2 0.0010 -1 0 215 317
