D0 0.3024 335 444 617 810
D1 0.2749 173 203 630 821
D0 0.1821 164 220 636 830
Q0 0.0356 180 188 635 818
G3 0.0336 171 196 629 824
G0 0.0205 158 77 661 886
C2 0.0160 317 0 414 36
C2 0.0159 145 676 260 766
D0 0.0154 288 306 622 819
A3 0.0146 0 536 157 932
C0 0.0138 335 443 619 810
F3 0.0135 159 179 636 824
D2 0.0123 317 0 414 35
H3 0.0119 186 201 433 491
B2 0.0112 145 677 258 763
C3 0.0108 671 948 769 1024
R0 0.0098 0 22 768 1006
A2 0.0096 448 17 771 411
B0 0.0090 -9 11 794 1005
C0 0.0089 188 203 431 492
D0 0.0088 187 205 434 495
D2 0.0081 146 677 261 765
Q0 0.0077 111 6 756 956
C2 0.0077 0 75 83 131
H0 0.0075 -11 -15 429 657
E3 0.0072 -14 0 421 963
G0 0.0069 46 43 741 989
A2 0.0062 3 -2 417 272
C2 0.0056 224 876 355 937
R0 0.0054 187 37 743 703
L0 0.0045 -10 -25 430 614
C2 0.0041 453 284 545 399
J0 0.0040 170 48 730 701
D1 0.0039 152 71 736 739
L0 0.0038 -5 -1 477 976
F2 0.0037 443 6 779 416
H3 0.0037 93 188 542 890
R0 0.0036 71 320 539 964
B2 0.0034 -20 73 306 953
A2 0.0033 -11 -16 429 514
C3 0.0032 2 547 154 936
C0 0.0031 70 220 594 875
B0 0.0031 -5 -91 385 747
C3 0.0031 453 286 542 399
C0 0.0028 675 948 765 1027
C0 0.0027 671 896 769 1025
B0 0.0027 -5 1 539 971
E2 0.0027 -17 32 310 1002
C2 0.0026 525 164 681 218
L0 0.0025 -4 66 310 1014
C0 0.0025 284 267 634 815
C3 0.0022 527 164 680 218
E3 0.0022 447 8 768 985
J0 0.0020 68 287 570 1025
G0 0.0020 0 406 730 1015
A2 0.0020 188 760 714 1025
H0 0.0019 -11 112 305 1095
D0 0.0019 186 208 602 658
C2 0.0017 454 185 535 260
B3 0.0016 260 234 665 823
A2 0.0016 172 -3 406 256
R0 0.0016 0 537 719 1019
B2 0.0016 223 757 706 1028
R0 0.0015 104 519 567 992
B3 0.0014 -17 -76 430 738
D1 0.0014 29 249 521 977
B0 0.0014 220 777 709 1026
C0 0.0014 451 0 763 799
B0 0.0014 458 11 770 964
E2 0.0014 191 771 708 1024
N0 0.0013 408 466 597 772
D1 0.0013 536 50 772 1132
N0 0.0013 373 522 559 756
C0 0.0012 166 55 712 717
B2 0.0012 308 71 403 115
B3 0.0012 374 448 630 818
B2 0.0011 533 163 671 212
H3 0.0011 104 173 448 536
B2 0.0011 553 0 641 23
C0 0.0011 3 -18 468 614
A3 0.0010 6 490 238 950
N0 0.0010 252 278 429 486
E2 0.0010 0 629 132 936
B2 0.0010 507 194 769 1052
