H0 0.5095 511 555 766 688
B1 0.3470 296 303 406 817
B3 0.1069 296 347 409 801
C3 0.0509 713 829 768 909
B3 0.0308 485 690 659 881
L0 0.0291 510 554 764 692
D1 0.0251 287 290 407 797
C2 0.0239 518 850 648 896
B0 0.0234 290 282 409 780
O0 0.0230 457 657 769 1024
P0 0.0229 484 684 654 874
M0 0.0192 580 677 650 835
C2 0.0187 645 778 724 855
N0 0.0185 305 467 405 770
B3 0.0179 462 675 771 1030
P0 0.0160 580 677 651 837
F0 0.0154 463 670 772 1029
B0 0.0149 580 677 649 835
B3 0.0142 557 674 649 843
R0 0.0121 495 621 767 814
E3 0.0119 -2 253 406 752
A3 0.0117 -5 249 391 777
C2 0.0116 513 556 746 684
G3 0.0116 582 678 648 830
C3 0.0098 705 758 768 858
M0 0.0085 289 275 411 778
B1 0.0084 494 620 766 814
N0 0.0081 582 677 647 827
P0 0.0079 278 353 413 798
P0 0.0077 483 690 560 853
B2 0.0069 -8 249 389 772
C0 0.0065 307 602 634 891
B3 0.0061 520 622 760 822
P0 0.0059 215 271 412 812
B1 0.0059 470 858 766 1024
B3 0.0057 637 776 729 914
C0 0.0049 302 753 480 897
N0 0.0042 449 631 768 1019
C0 0.0040 475 887 762 1022
K0 0.0038 -4 256 352 753
C3 0.0038 484 759 662 869
C0 0.0035 305 685 575 901
C2 0.0035 305 444 403 769
B2 0.0034 521 849 646 894
C3 0.0033 645 778 724 855
B2 0.0032 645 778 724 853
C3 0.0030 304 812 407 896
B3 0.0029 567 656 712 857
G3 0.0028 705 759 767 856
B3 0.0028 467 798 770 1025
C2 0.0028 507 850 650 921
F0 0.0028 470 799 765 1023
R0 0.0027 16 608 504 1000
G3 0.0027 511 680 558 784
C2 0.0026 300 293 396 378
O0 0.0026 474 858 766 1022
C2 0.0026 636 832 729 905
C2 0.0025 632 695 767 792
B3 0.0024 466 681 593 1031
B2 0.0023 635 834 729 905
C2 0.0023 486 760 658 867
M0 0.0022 454 640 769 1020
L0 0.0021 494 613 773 800
Q0 0.0021 2 263 409 749
C0 0.0020 472 677 567 870
N0 0.0020 312 619 768 899
N0 0.0019 -3 267 416 766
C0 0.0019 508 687 558 748
C3 0.0019 702 649 768 709
E3 0.0019 305 560 768 907
H3 0.0018 494 622 774 806
Q0 0.0017 82 5 774 170
G3 0.0016 517 681 554 736
H0 0.0016 506 617 763 721
P0 0.0016 466 673 575 1024
Q0 0.0016 -13 772 485 1019
B3 0.0016 643 778 729 854
B3 0.0016 496 687 558 799
B0 0.0015 3 261 424 779
B3 0.0015 476 873 762 1024
Q0 0.0015 147 -2 720 85
E3 0.0014 395 621 767 890
N0 0.0014 487 756 658 867
P0 0.0014 609 761 728 917
L0 0.0013 491 610 761 720
E3 0.0013 -5 223 477 1009
C3 0.0013 578 654 710 706
N0 0.0013 294 356 408 559
C3 0.0013 517 680 554 739
C0 0.0013 515 685 556 735
B0 0.0012 -1 215 443 978
L0 0.0012 294 534 689 901
R0 0.0012 4 779 474 1023
B3 0.0012 662 767 759 916
B3 0.0012 629 768 742 992
L0 0.0011 304 612 612 898
C0 0.0011 588 641 765 816
C3 0.0011 632 699 767 798
B1 0.0011 639 776 729 908
C2 0.0011 579 654 705 704
G3 0.0010 305 814 402 895
E3 0.0010 431 435 742 881
C3 0.0010 638 833 729 906
N0 0.0010 -9 184 688 1007
P0 0.0010 464 690 569 920
G3 0.0010 546 681 596 764
B3 0.0010 712 836 752 908
