K0 0.5161 92 535 294 699
K0 0.2815 6 161 176 333
D1 0.1802 248 125 401 603
C0 0.1312 172 0 313 86
B0 0.1229 248 147 398 578
C0 0.0741 362 333 473 467
P0 0.0704 247 141 399 580
K0 0.0694 97 560 217 692
B3 0.0612 245 141 410 602
C2 0.0551 362 335 472 455
L0 0.0515 172 0 313 87
C3 0.0481 -2 45 53 194
M0 0.0451 246 146 411 587
B1 0.0431 248 141 401 605
K0 0.0417 -1 35 52 194
N0 0.0331 240 133 413 605
E3 0.0284 -11 0 530 690
B1 0.0280 364 333 475 469
B1 0.0264 172 0 314 85
K0 0.0195 173 0 313 87
C3 0.0186 363 333 473 464
C3 0.0178 20 191 175 330
O0 0.0128 174 0 312 88
R0 0.0117 -12 -8 538 694
B3 0.0117 237 148 468 553
N0 0.0106 -15 1 520 680
D1 0.0096 242 143 475 532
K0 0.0094 7 187 131 279
C2 0.0090 292 396 392 550
C3 0.0089 214 -1 315 88
N0 0.0084 287 395 394 559
K0 0.0072 0 49 203 356
C2 0.0067 216 2 313 87
F0 0.0063 -1 32 52 195
G3 0.0063 14 535 300 692
C3 0.0061 6 206 129 272
Q0 0.0060 -7 -10 536 700
L0 0.0059 7 171 152 292
C0 0.0059 363 294 482 498
C2 0.0056 14 215 162 328
I3 0.0055 0 36 52 196
C3 0.0054 172 1 304 86
C0 0.0050 0 539 12 623
E3 0.0045 95 532 528 699
B3 0.0043 215 267 461 512
C3 0.0042 172 14 237 82
B1 0.0042 221 319 472 483
C2 0.0042 105 558 220 691
C2 0.0041 172 3 307 85
C3 0.0041 159 539 293 704
B3 0.0040 172 -1 313 90
C3 0.0039 99 564 216 695
C0 0.0032 248 98 502 523
C2 0.0031 0 47 46 191
K0 0.0030 136 533 357 698
C2 0.0030 293 413 382 500
M0 0.0028 8 19 512 696
B3 0.0028 234 246 439 590
H3 0.0027 0 30 53 194
H0 0.0025 -5 -22 453 716
C3 0.0024 173 35 232 81
B1 0.0024 197 89 402 624
N0 0.0024 155 527 295 704
G3 0.0023 96 540 294 701
C2 0.0021 30 181 169 323
N0 0.0020 219 -1 314 87
G3 0.0020 -110 513 318 709
L0 0.0020 -43 -24 457 551
L0 0.0019 -1 22 391 462
D1 0.0018 239 24 520 557
G3 0.0017 88 534 525 704
K0 0.0016 8 144 166 409
C2 0.0016 6 208 125 269
A3 0.0015 -7 -42 458 673
F2 0.0015 -45 537 312 710
K0 0.0014 137 509 307 676
P0 0.0014 241 82 494 551
C2 0.0013 0 540 12 619
C0 0.0013 214 1 319 85
B3 0.0013 261 292 412 590
H3 0.0012 -66 4 58 197
C2 0.0012 365 337 445 427
C0 0.0012 220 323 474 510
E2 0.0011 -6 21 449 710
C3 0.0010 0 540 12 621
C0 0.0010 221 -11 543 579
L0 0.0010 5 185 125 275
C0 0.0010 -45 -44 510 719
B3 0.0010 238 315 470 553
