O0 0.1609 86 -4 183 217
I3 0.1166 151 0 472 441
N0 0.1062 86 -5 172 212
P0 0.1011 440 880 640 1022
B0 0.0982 440 880 641 1022
B0 0.0884 84 -1 183 217
I3 0.0748 244 354 409 690
I3 0.0637 83 -1 184 218
B3 0.0617 82 -5 181 217
P0 0.0604 84 -3 185 218
B0 0.0447 230 1 425 744
B0 0.0378 246 355 406 689
E3 0.0336 155 -2 476 693
M0 0.0330 443 882 643 1021
E3 0.0287 -17 170 753 1016
P0 0.0285 226 11 424 736
B3 0.0270 247 362 407 691
P0 0.0224 148 -1 470 453
B0 0.0217 149 -126 438 842
B3 0.0191 441 877 644 1025
C2 0.0175 431 358 575 434
P0 0.0173 243 300 407 689
C3 0.0168 -1 344 70 383
B2 0.0163 239 223 417 699
F2 0.0149 196 -101 439 794
C2 0.0131 250 384 384 679
L0 0.0128 -12 196 754 1019
R0 0.0123 104 194 798 991
E2 0.0120 126 217 749 897
B2 0.0115 380 458 480 559
M0 0.0111 230 131 432 712
C2 0.0110 2 797 94 870
E2 0.0105 -9 425 588 1024
E2 0.0103 -101 333 733 1065
M0 0.0100 241 340 414 697
P0 0.0100 355 874 658 1025
B0 0.0099 157 1 467 388
P0 0.0097 193 -115 457 806
B3 0.0096 223 12 443 762
A3 0.0089 33 587 277 737
C2 0.0088 378 458 480 562
C2 0.0084 86 10 166 188
D2 0.0078 1 796 93 871
E2 0.0076 31 574 278 745
K0 0.0073 153 -8 441 560
K0 0.0073 608 825 768 1023
A0 0.0072 -14 175 760 1025
B0 0.0072 352 875 663 1025
N0 0.0072 250 372 389 666
E2 0.0071 -166 206 845 1142
M0 0.0067 397 760 671 1023
P0 0.0064 609 732 767 1022
K0 0.0064 222 11 443 459
K0 0.0063 156 -120 442 786
R0 0.0059 -82 365 736 1048
R0 0.0054 -187 238 908 1067
M0 0.0050 436 797 743 1031
C0 0.0049 710 566 766 704
R0 0.0048 -3 460 576 1027
C2 0.0047 245 96 412 331
B3 0.0047 106 2 245 323
M0 0.0047 368 815 640 1024
O0 0.0046 147 0 474 468
B2 0.0045 3 796 93 870
C3 0.0044 131 47 248 365
C3 0.0042 660 717 744 755
A3 0.0040 -84 387 770 1074
C3 0.0038 104 831 296 1017
K0 0.0038 603 732 767 1027
C2 0.0036 4 887 79 945
H3 0.0033 3 187 755 1027
C3 0.0031 0 177 67 222
F2 0.0031 101 -88 467 754
C3 0.0031 7 826 300 1023
I3 0.0029 136 46 249 373
G3 0.0028 591 745 775 1024
D2 0.0028 39 287 101 338
F2 0.0028 34 586 290 737
B2 0.0028 4 886 79 944
M0 0.0027 71 5 216 226
C3 0.0025 135 0 455 438
C3 0.0025 710 616 768 699
B3 0.0025 557 471 751 880
K0 0.0024 669 733 769 829
N0 0.0023 58 0 234 233
C2 0.0022 39 286 101 336
C2 0.0022 36 590 171 722
P0 0.0022 407 810 706 1026
C3 0.0022 70 143 110 174
C3 0.0021 -42 449 729 1045
C2 0.0021 43 591 235 730
K0 0.0020 663 737 768 1023
E2 0.0019 -1 344 69 382
E2 0.0019 0 429 300 932
G3 0.0018 398 34 438 331
C2 0.0018 99 838 286 997
A2 0.0017 35 584 295 742
C3 0.0017 672 733 767 826
C3 0.0017 556 471 749 882
B2 0.0017 113 909 196 1008
C3 0.0017 696 216 767 401
C3 0.0017 552 963 642 1023
C3 0.0017 711 543 768 697
P0 0.0016 340 779 671 1029
B0 0.0016 424 733 762 1047
F0 0.0016 177 -3 467 306
N0 0.0016 405 730 753 1021
C3 0.0015 14 498 564 1032
K0 0.0015 660 715 751 824
N0 0.0015 603 740 771 1018
B2 0.0014 434 358 559 427
C0 0.0014 0 171 127 217
Q0 0.0014 391 722 759 1020
P0 0.0014 71 230 719 939
C3 0.0014 220 975 268 1024
E3 0.0014 53 40 510 615
E2 0.0014 5 153 248 445
C0 0.0013 659 679 765 828
C0 0.0013 664 588 764 794
C0 0.0013 683 553 764 716
C2 0.0013 289 213 324 409
K0 0.0013 132 47 247 370
C3 0.0013 644 782 732 852
P0 0.0013 223 357 439 752
G3 0.0012 470 736 779 1021
F2 0.0012 17 454 215 843
I3 0.0012 -126 740 5 1028
B2 0.0012 558 454 750 876
N0 0.0012 469 894 643 1022
C3 0.0012 184 975 271 1023
E3 0.0011 466 729 768 1021
C2 0.0011 250 103 405 260
Q0 0.0011 493 0 757 257
G3 0.0010 670 734 768 818
C2 0.0010 354 947 471 1023
C3 0.0010 205 315 789 1034
