M0 0.1764 0 6 94 231
B0 0.1100 -2 -3 94 226
B1 0.1083 1 43 92 236
N0 0.0474 -1 0 93 228
B3 0.0299 0 19 93 243
F0 0.0245 0 3 92 207
E2 0.0224 0 -10 91 221
P0 0.0165 0 -12 92 250
B0 0.0065 1 -17 89 168
H3 0.0053 2 -1 86 142
M0 0.0039 43 0 90 220
B3 0.0032 4 75 90 234
N0 0.0029 43 -1 89 211
M0 0.0028 81 1 96 216
N0 0.0023 77 1 95 205
R0 0.0021 77 -1 174 216
R0 0.0016 5 178 98 233
Q0 0.0013 3 177 97 234
N0 0.0011 62 0 92 203
R0 0.0011 -34 187 98 236
I3 0.0010 -82 0 2 17
B0 0.0010 9 192 93 236
