B0 0.1138 81 1 214 351
C2 0.0608 94 383 136 418
D0 0.0594 84 92 220 390
C0 0.0593 82 87 215 393
B3 0.0277 81 -2 213 383
H3 0.0193 77 -12 218 336
P0 0.0180 81 -25 216 408
M0 0.0159 83 4 220 377
N0 0.0134 81 1 217 377
E3 0.0117 41 186 265 419
C2 0.0088 113 4 173 25
C0 0.0074 72 4 224 455
K0 0.0068 79 358 139 418
C0 0.0050 89 -14 214 319
C2 0.0042 79 360 138 418
G0 0.0034 43 186 264 418
A2 0.0025 -76 311 -3 409
H3 0.0025 49 -3 237 395
Q0 0.0023 43 184 264 418
C3 0.0022 113 3 172 24
N0 0.0021 43 171 263 414
Q0 0.0018 24 322 199 417
Q0 0.0016 4 4 261 213
Q0 0.0015 25 359 213 416
K0 0.0014 85 380 137 420
C2 0.0013 57 214 90 266
H3 0.0012 83 61 199 394
B3 0.0011 84 90 196 387
H3 0.0010 46 177 266 416
H3 0.0010 102 5 191 200
C2 0.0010 41 271 91 332
C0 0.0010 102 4 195 209
