H0 0.3553 0 132 130 295
B1 0.1814 116 43 449 668
O0 0.1221 112 24 468 757
E2 0.1221 398 222 602 528
C2 0.1001 -2 144 112 286
I3 0.0835 109 20 455 625
E2 0.0596 -1 121 173 529
E2 0.0515 0 275 171 504
E2 0.0500 -1 132 129 298
I0 0.0365 111 30 463 761
B2 0.0298 400 221 600 528
E2 0.0255 81 60 622 857
C3 0.0235 400 213 602 527
A2 0.0191 0 275 170 505
M0 0.0180 112 1 485 767
B1 0.0154 94 -63 504 759
B3 0.0150 129 114 413 644
C3 0.0136 -3 145 115 288
B0 0.0130 114 26 461 554
C3 0.0125 226 506 290 567
Q0 0.0113 81 36 528 773
F0 0.0084 100 -6 439 695
E3 0.0080 398 167 603 523
I3 0.0077 140 245 440 776
E2 0.0076 114 48 513 768
F0 0.0073 139 227 439 773
B3 0.0069 125 92 513 755
I3 0.0067 178 598 392 756
C2 0.0063 0 241 67 294
B3 0.0059 71 52 425 751
E2 0.0058 412 226 598 380
E2 0.0056 101 135 645 623
C2 0.0055 503 307 601 420
Q0 0.0054 49 109 589 612
P0 0.0049 149 297 416 760
B1 0.0049 259 269 384 503
H0 0.0047 145 277 419 759
C2 0.0045 199 421 283 513
F2 0.0044 407 221 599 395
C3 0.0039 0 241 68 294
F0 0.0035 -4 60 588 789
R0 0.0034 -8 474 599 802
E3 0.0033 -1 131 173 507
M0 0.0032 34 -18 587 794
Q0 0.0028 398 174 603 522
H0 0.0026 1 118 153 429
G3 0.0025 185 675 626 798
H0 0.0023 167 357 408 650
Q0 0.0021 -24 490 599 797
E2 0.0021 430 195 598 245
H3 0.0021 -8 151 604 796
E2 0.0020 244 325 442 521
G3 0.0020 184 730 638 801
B0 0.0018 106 26 497 770
C3 0.0017 507 315 598 417
I3 0.0016 67 -101 593 784
Q0 0.0016 184 667 662 796
E2 0.0016 36 179 719 692
R0 0.0015 155 525 626 795
C3 0.0015 181 594 392 757
E2 0.0014 0 177 132 518
B2 0.0012 403 314 599 516
G0 0.0012 213 721 643 800
G3 0.0012 93 644 603 797
C3 0.0011 436 141 485 210
C3 0.0011 96 422 171 483
E2 0.0011 -2 22 132 307
E2 0.0011 0 274 103 504
C3 0.0011 455 241 600 472
H3 0.0011 111 11 462 520
C3 0.0010 402 311 601 514
C3 0.0010 191 444 288 564
H0 0.0010 192 403 360 586
