B1 0.0911 29 20 152 342
C0 0.0665 35 35 152 358
B0 0.0527 26 11 152 308
D1 0.0442 28 10 153 313
D0 0.0309 29 20 152 372
D1 0.0298 0 360 164 399
B1 0.0293 47 59 145 381
B0 0.0234 43 55 146 385
H3 0.0135 33 41 150 382
N0 0.0097 31 41 151 357
B3 0.0083 18 4 153 360
B3 0.0076 45 64 146 379
M0 0.0062 30 33 152 362
G3 0.0040 144 240 164 355
D1 0.0032 37 368 162 399
G3 0.0031 148 208 164 340
R0 0.0026 1 352 163 399
N0 0.0025 145 215 163 366
Q0 0.0025 0 357 165 399
F2 0.0025 -12 361 170 398
N0 0.0024 148 200 163 340
F0 0.0023 32 37 151 254
Q0 0.0015 1 265 164 395
J0 0.0014 43 368 163 399
B0 0.0014 96 26 155 362
N0 0.0012 139 35 163 358
B0 0.0011 144 48 163 359
