B1 0.1432 32 59 200 144
D1 0.0738 17 61 202 156
H3 0.0620 4 60 194 209
E0 0.0468 9 60 211 201
M0 0.0434 8 60 214 201
H3 0.0357 -22 47 239 220
O0 0.0348 11 60 211 202
R0 0.0345 24 59 205 144
D1 0.0326 -14 43 224 214
Q0 0.0285 71 0 218 52
B1 0.0260 4 76 194 210
Q0 0.0235 9 61 215 201
Q0 0.0190 34 0 216 66
N0 0.0170 9 62 213 201
F2 0.0166 1 88 231 195
E2 0.0109 8 90 228 204
F2 0.0100 34 134 191 202
F2 0.0082 15 106 194 204
C3 0.0076 20 106 184 203
Q0 0.0074 9 59 212 145
R0 0.0069 71 0 220 65
D1 0.0050 74 0 206 51
Q0 0.0039 -1 0 215 95
H3 0.0039 16 56 191 164
C3 0.0039 25 58 213 144
G3 0.0035 -2 217 214 244
F2 0.0034 28 103 218 182
L0 0.0034 1 217 214 244
R0 0.0030 4 213 212 243
F3 0.0029 60 225 204 244
Q0 0.0028 -1 -3 217 156
G3 0.0026 57 213 211 244
F2 0.0024 66 228 188 244
F2 0.0022 57 217 196 244
G3 0.0021 0 224 180 244
E2 0.0020 43 119 213 203
R0 0.0020 -2 0 211 96
Q0 0.0019 -1 -1 211 48
R0 0.0016 0 187 215 245
G3 0.0014 4 207 177 243
E0 0.0013 77 217 212 244
A3 0.0013 11 223 127 243
C2 0.0013 200 79 212 125
A3 0.0012 14 232 112 244
C0 0.0011 22 -2 177 72
C0 0.0011 60 216 213 244
F2 0.0010 62 3 215 54
E0 0.0010 93 227 209 243
C0 0.0010 85 230 207 244
D1 0.0010 10 70 216 184
