N0 0.0966 171 26 427 781
B0 0.0709 180 13 411 556
B2 0.0702 171 130 457 841
M0 0.0557 175 27 426 785
D2 0.0515 176 87 450 865
P0 0.0363 179 5 413 574
B3 0.0307 184 253 418 796
B1 0.0235 173 169 438 800
C2 0.0103 241 358 316 459
B2 0.0098 270 126 425 789
B0 0.0097 192 27 425 778
C2 0.0097 287 299 353 422
B2 0.0087 314 -29 419 838
B2 0.0084 200 8 429 743
M0 0.0080 199 20 419 540
C2 0.0071 0 659 71 800
N0 0.0066 181 38 411 530
E3 0.0062 29 362 452 797
C2 0.0056 273 249 350 325
Q0 0.0048 31 366 454 801
G0 0.0047 32 364 449 800
B2 0.0038 159 97 344 840
C0 0.0036 171 43 429 670
D1 0.0035 185 24 430 710
B3 0.0027 167 44 422 663
B2 0.0024 179 255 404 799
B0 0.0014 178 30 408 382
B2 0.0013 321 162 421 710
B2 0.0013 167 122 439 621
C3 0.0011 412 602 447 663
C2 0.0011 220 55 354 164
N0 0.0010 192 47 393 376
B2 0.0010 410 512 452 580
N0 0.0010 36 367 450 796
C2 0.0010 198 267 290 371
