B1 0.0843 160 -8 402 505
O0 0.0803 184 46 408 532
B1 0.0737 -2 59 78 479
G0 0.0703 185 31 402 517
D1 0.0527 -1 69 68 470
D1 0.0512 125 -24 416 564
B0 0.0369 128 -16 398 554
P0 0.0339 99 -29 412 565
M0 0.0314 177 25 414 532
P0 0.0297 170 96 371 490
B3 0.0286 0 91 70 483
B1 0.0255 201 67 368 503
B0 0.0216 187 79 367 497
R0 0.0189 158 13 418 477
I0 0.0185 -1 21 83 527
G0 0.0176 -1 20 82 532
M0 0.0167 -1 61 78 525
O0 0.0135 -1 51 79 522
R0 0.0123 33 8 444 530
B3 0.0112 -14 -4 105 530
B0 0.0104 36 0 467 531
M0 0.0093 79 -7 467 539
D1 0.0086 13 -109 477 627
B0 0.0078 -3 19 81 529
B3 0.0078 212 29 370 577
R0 0.0063 182 25 400 248
R0 0.0055 497 9 552 529
Q0 0.0054 -2 3 225 537
P0 0.0051 211 40 372 569
C2 0.0051 501 29 553 86
H3 0.0048 11 -8 484 540
P0 0.0044 -2 -104 484 626
B3 0.0043 495 12 554 514
B1 0.0040 141 -21 463 571
R0 0.0038 -2 1 229 532
A3 0.0032 1 -35 425 478
A0 0.0031 -2 -1 231 529
J0 0.0027 0 26 82 84
E3 0.0027 444 2 555 530
C3 0.0026 501 29 553 86
R0 0.0026 179 31 402 86
B3 0.0024 0 97 27 488
D1 0.0023 496 -16 554 511
B3 0.0022 -9 142 99 404
D1 0.0021 -4 17 90 481
P0 0.0021 495 -2 554 498
E3 0.0020 496 23 553 433
R0 0.0020 368 -7 558 532
B3 0.0019 168 98 446 445
R0 0.0019 434 -2 557 535
G0 0.0019 185 36 402 318
Q0 0.0017 8 0 341 542
C0 0.0017 9 80 432 489
E3 0.0016 495 34 553 257
E3 0.0015 352 -3 557 526
E2 0.0015 245 0 407 15
D1 0.0015 501 29 553 87
C2 0.0015 504 76 552 222
R0 0.0015 185 70 411 321
H3 0.0015 -2 26 228 536
A0 0.0014 503 47 552 525
B0 0.0014 0 2 227 531
B3 0.0014 152 52 473 517
A0 0.0014 5 -8 382 545
L0 0.0014 -36 28 478 455
A3 0.0013 500 27 553 240
L0 0.0012 7 479 533 554
L0 0.0012 17 429 538 550
Q0 0.0012 501 33 554 247
A0 0.0011 1 37 152 533
C3 0.0011 504 77 553 241
P0 0.0011 499 27 553 240
L0 0.0010 -5 144 433 402
B3 0.0010 218 209 372 534
E3 0.0010 457 40 555 400
E2 0.0010 0 18 82 82
R0 0.0010 0 25 82 81
