B0 0.3224 158 51 232 362
P0 0.1527 159 23 233 403
N0 0.1307 153 0 237 396
M0 0.1094 155 0 236 392
B3 0.0785 159 93 236 389
D1 0.0657 159 79 235 389
B3 0.0217 153 9 238 438
K0 0.0181 65 267 232 400
B0 0.0179 156 -6 230 299
K0 0.0088 71 271 181 398
Q0 0.0055 278 122 399 395
N0 0.0052 100 -6 279 406
Q0 0.0046 259 26 397 146
R0 0.0044 263 32 403 159
P0 0.0039 157 -13 229 275
M0 0.0036 154 -20 231 279
Q0 0.0035 285 206 401 403
M0 0.0035 92 -9 280 398
Q0 0.0031 267 28 396 385
R0 0.0028 280 75 399 401
P0 0.0026 159 42 197 347
B3 0.0026 181 65 238 403
E3 0.0025 61 269 264 399
B2 0.0024 70 267 289 400
G3 0.0023 62 269 264 399
K0 0.0020 219 269 266 401
K0 0.0018 63 326 117 400
N0 0.0017 160 255 199 372
Q0 0.0016 249 11 383 123
Q0 0.0016 61 272 264 400
E3 0.0016 157 295 378 399
R0 0.0015 262 10 412 393
C0 0.0015 62 327 116 401
K0 0.0015 66 324 230 400
K0 0.0015 159 79 216 401
E3 0.0015 67 273 380 399
N0 0.0014 61 269 266 398
B3 0.0013 162 266 242 384
R0 0.0013 4 -7 320 400
P0 0.0013 153 30 211 408
E3 0.0012 277 16 400 406
H3 0.0012 93 -7 359 401
N0 0.0012 10 302 218 396
Q0 0.0012 258 263 413 401
R0 0.0011 269 58 407 195
K0 0.0011 65 308 161 399
Q0 0.0011 228 -1 394 35
N0 0.0010 78 -1 382 400
Q0 0.0010 5 -8 322 403
G0 0.0010 230 -3 402 41
