B0 0.1584 101 101 186 338
P0 0.1058 102 105 187 342
B3 0.0996 102 98 187 342
G0 0.0833 11 56 299 342
M0 0.0378 100 100 190 337
J0 0.0368 178 188 295 249
R0 0.0332 170 175 299 333
R0 0.0281 -4 235 298 396
G0 0.0272 47 59 296 239
Q0 0.0246 47 59 298 241
M0 0.0211 74 55 215 350
D0 0.0204 0 43 301 392
J0 0.0182 169 177 299 334
R0 0.0172 -5 34 303 393
J0 0.0168 172 242 299 328
G0 0.0151 -1 239 299 394
I3 0.0111 49 61 141 232
C3 0.0078 60 181 106 242
B0 0.0076 99 69 188 270
D0 0.0071 48 60 139 233
R0 0.0067 177 187 295 248
N0 0.0064 35 29 288 379
Q0 0.0059 1 0 154 240
E3 0.0057 3 0 157 243
P0 0.0056 99 67 190 274
Q0 0.0055 0 240 300 394
D1 0.0054 50 163 309 263
R0 0.0049 48 58 139 233
R0 0.0041 175 206 296 269
Q0 0.0038 113 368 299 401
Q0 0.0037 11 4 315 381
Q0 0.0034 115 61 295 193
C3 0.0031 65 182 105 228
J0 0.0029 57 177 107 248
C3 0.0028 92 388 140 400
H3 0.0026 48 58 138 221
J0 0.0026 58 179 305 256
H3 0.0026 130 58 290 194
Q0 0.0024 -2 5 306 246
C2 0.0022 195 0 248 61
B3 0.0022 48 57 137 235
M0 0.0021 99 64 189 276
J0 0.0020 -3 231 237 399
C0 0.0019 10 100 131 339
J0 0.0017 180 217 297 248
C0 0.0016 29 108 114 307
C3 0.0015 111 383 280 401
J0 0.0015 135 238 293 371
H3 0.0014 -3 68 303 404
C2 0.0014 -1 0 41 16
Q0 0.0014 130 0 278 67
B3 0.0014 62 123 294 305
C3 0.0014 195 0 249 62
C0 0.0013 89 387 139 400
C3 0.0013 94 389 116 400
C2 0.0011 99 153 189 216
O0 0.0010 -1 0 160 242
B3 0.0010 59 58 207 259
