B1 0.2274 145 107 257 359
B1 0.1854 145 8 242 404
B1 0.1376 148 100 210 359
M0 0.1255 142 0 263 386
D1 0.0846 203 23 260 388
B1 0.0823 201 95 260 347
N0 0.0778 141 1 263 386
B0 0.0725 145 0 220 400
B0 0.0680 147 75 208 349
B3 0.0391 207 85 261 352
B1 0.0390 168 -26 266 421
B0 0.0268 138 -5 244 352
B0 0.0256 121 -22 266 439
P0 0.0229 138 -52 234 451
B0 0.0172 179 -19 264 382
P0 0.0171 117 -41 275 459
P0 0.0148 145 5 210 399
P0 0.0098 133 -1 263 375
D1 0.0086 148 62 199 362
E3 0.0078 1 110 175 399
Q0 0.0058 1 112 174 395
P0 0.0047 139 73 206 352
D2 0.0045 -1 109 176 397
N0 0.0035 -1 109 179 396
B3 0.0034 166 -42 263 392
N0 0.0034 18 52 333 394
I0 0.0032 99 288 399 399
B1 0.0029 151 96 189 382
B3 0.0026 317 22 327 52
B3 0.0021 219 91 256 354
B3 0.0021 155 118 258 391
N0 0.0021 84 -11 306 409
M0 0.0019 147 -4 251 262
R0 0.0018 101 307 409 400
M0 0.0018 0 103 389 400
G0 0.0017 98 258 409 397
F2 0.0014 186 0 314 22
Q0 0.0013 11 15 137 138
H3 0.0013 0 101 398 402
R0 0.0011 99 232 405 397
B3 0.0011 233 96 258 354
F2 0.0011 187 0 286 17
G3 0.0010 166 91 225 137
M0 0.0010 110 63 294 393
