B0 0.2434 114 86 272 473
M0 0.2335 108 67 277 466
N0 0.1404 107 66 277 467
C2 0.0768 142 349 207 407
P0 0.0478 115 104 274 468
B3 0.0308 110 110 270 468
M0 0.0066 34 41 363 502
P0 0.0036 112 53 234 495
G0 0.0019 109 478 434 526
C0 0.0017 112 69 241 153
G0 0.0017 126 456 379 522
F3 0.0016 98 465 377 525
N0 0.0014 66 51 334 497
C2 0.0014 165 474 210 512
C2 0.0012 146 362 184 407
B2 0.0010 172 474 210 504
G0 0.0010 109 433 443 525
H3 0.0010 22 37 366 521
C3 0.0010 168 474 210 508
