M0 0.7983 358 22 670 612
P0 0.6418 538 826 767 1024
N0 0.2721 358 45 668 621
B3 0.0735 627 -2 779 162
O0 0.0173 394 5 657 205
O0 0.0164 538 828 765 1025
D0 0.0137 584 0 674 70
C3 0.0101 529 822 770 1027
N0 0.0092 404 4 660 208
C3 0.0050 -122 802 -38 1041
O0 0.0037 279 -1 647 210
E2 0.0035 -33 0 224 55
I0 0.0032 631 6 751 150
N0 0.0028 535 801 779 1045
C3 0.0025 200 946 395 1022
H0 0.0025 646 93 764 263
B0 0.0016 259 0 455 55
C3 0.0015 292 989 503 1023
C3 0.0014 339 992 486 1022
N0 0.0010 630 0 769 156
C0 0.0010 439 34 677 194
