B1 0.2231 42 112 357 324
R0 0.0963 62 64 338 171
A0 0.0603 47 59 324 304
B1 0.0589 58 79 270 330
B1 0.0453 10 77 334 361
R0 0.0426 25 49 357 315
O0 0.0310 67 65 336 332
B1 0.0240 99 198 230 312
C2 0.0240 309 350 337 368
B1 0.0235 50 138 248 320
C2 0.0222 94 326 182 367
J0 0.0174 63 63 332 172
N0 0.0171 56 60 337 343
D2 0.0162 95 326 190 368
D2 0.0146 92 197 237 314
D2 0.0138 309 350 337 369
A2 0.0123 50 194 253 317
C0 0.0119 37 112 348 350
B1 0.0116 96 145 339 328
B2 0.0112 84 322 301 370
H3 0.0107 28 25 357 321
A0 0.0096 78 62 328 168
H3 0.0095 92 127 334 347
E2 0.0082 76 156 341 348
Q0 0.0073 60 62 338 322
B2 0.0073 70 197 259 319
B1 0.0069 58 196 271 322
B2 0.0056 60 267 324 367
F2 0.0055 64 273 313 365
C3 0.0055 309 350 337 369
G3 0.0044 92 306 160 326
F2 0.0042 64 144 298 314
B2 0.0038 28 193 316 341
H3 0.0037 0 72 336 373
M0 0.0037 66 64 338 356
F2 0.0034 29 274 344 346
Q0 0.0031 68 65 337 175
B1 0.0030 195 153 336 331
F0 0.0030 103 138 336 338
F2 0.0029 12 231 363 348
F0 0.0028 200 154 336 331
D1 0.0026 29 228 326 347
E2 0.0023 5 179 380 358
B1 0.0022 113 181 261 323
G3 0.0021 94 313 337 369
B3 0.0020 65 79 135 304
B1 0.0020 30 181 352 343
Q0 0.0019 99 5 325 66
H3 0.0018 -4 188 339 367
Q0 0.0018 120 0 329 20
D2 0.0017 79 323 324 369
B0 0.0017 60 50 244 324
C2 0.0017 155 239 217 306
B3 0.0016 91 141 346 332
B1 0.0015 63 60 200 338
F2 0.0014 101 173 264 268
E0 0.0014 0 189 338 368
E2 0.0013 92 325 178 370
D1 0.0012 65 66 152 319
M0 0.0012 0 187 338 368
C3 0.0012 0 0 70 53
C3 0.0012 1 25 70 71
N0 0.0012 -1 187 334 368
B3 0.0012 157 148 329 334
F2 0.0011 21 184 335 365
C0 0.0011 87 126 300 344
E3 0.0011 0 190 191 368
D1 0.0010 -13 220 395 358
F2 0.0010 47 285 311 335
