D1 0.1600 169 18 401 813
B0 0.1566 161 35 381 642
P0 0.0896 159 -18 388 715
M0 0.0875 155 10 405 792
N0 0.0750 154 10 404 783
B0 0.0661 175 84 397 822
B3 0.0618 161 39 405 789
P0 0.0274 177 98 403 823
E3 0.0188 4 0 596 481
N0 0.0169 49 -6 545 787
E3 0.0148 367 1 604 284
M0 0.0090 65 7 548 793
E3 0.0083 11 -9 588 769
B0 0.0056 61 -2 528 797
H3 0.0030 36 27 553 807
P0 0.0029 167 19 373 527
B3 0.0026 134 53 492 839
B3 0.0019 185 264 396 820
N0 0.0016 -7 -2 593 493
E3 0.0015 -2 346 597 796
E3 0.0012 377 356 600 796
E3 0.0012 333 11 604 409
Q0 0.0010 377 354 597 796
