B0 0.2574 41 10 308 648
M0 0.1255 39 34 310 636
M0 0.0910 224 32 311 318
N0 0.0606 37 33 307 630
B1 0.0591 35 104 304 650
P0 0.0579 228 35 308 305
P0 0.0547 36 1 297 656
B0 0.0465 226 35 309 300
B3 0.0334 34 128 308 648
N0 0.0268 186 32 309 524
N0 0.0204 220 22 315 473
M0 0.0131 224 35 310 223
R0 0.0118 0 470 313 692
D1 0.0111 11 66 306 672
M0 0.0102 214 33 314 479
B1 0.0093 64 11 177 173
Q0 0.0083 2 474 308 690
P0 0.0083 64 9 176 174
C2 0.0080 0 24 68 92
C3 0.0062 -1 24 67 92
P0 0.0059 227 16 309 214
C2 0.0058 0 414 65 499
C0 0.0053 1 285 60 489
P0 0.0051 444 49 502 441
C0 0.0049 0 288 47 422
B1 0.0049 0 84 85 298
G3 0.0047 162 123 228 184
F0 0.0047 62 13 177 173
B1 0.0046 0 413 65 503
N0 0.0045 223 29 313 305
I3 0.0044 0 70 82 297
M0 0.0040 446 59 501 436
B3 0.0038 0 85 71 297
B0 0.0038 43 33 302 430
E1 0.0032 0 21 78 296
N0 0.0031 61 7 174 250
C3 0.0029 -1 407 37 445
C3 0.0029 -1 299 47 416
P0 0.0026 223 0 311 120
N0 0.0026 0 25 79 313
B1 0.0025 36 141 77 288
C3 0.0025 -1 384 50 447
B0 0.0024 17 -45 265 735
C2 0.0024 30 440 66 501
M0 0.0024 30 188 314 522
N0 0.0022 16 10 180 291
N0 0.0018 226 54 311 228
P0 0.0018 386 22 500 468
G3 0.0017 264 180 304 285
E2 0.0016 65 15 176 75
B3 0.0016 63 12 180 173
C3 0.0016 0 416 66 500
C3 0.0015 161 123 228 184
G3 0.0014 37 148 71 278
P0 0.0014 197 41 303 315
M0 0.0013 287 117 310 326
N0 0.0013 213 1 313 236
N0 0.0012 264 179 304 289
I3 0.0012 -1 23 70 93
B3 0.0012 223 0 310 114
D2 0.0012 456 417 500 587
B2 0.0011 64 11 178 179
C2 0.0011 66 18 173 123
O0 0.0011 0 412 65 504
E2 0.0011 63 11 176 141
G3 0.0010 177 132 219 187
C2 0.0010 63 16 181 63
C3 0.0010 301 624 494 694
M0 0.0010 39 10 184 287
