B3 0.2284 93 142 185 317
B1 0.1218 95 138 185 319
B0 0.0873 95 140 184 319
B3 0.0395 83 34 188 347
M0 0.0283 87 35 190 347
B0 0.0231 83 32 185 327
N0 0.0178 86 30 191 352
C2 0.0144 79 248 116 294
P0 0.0127 92 51 187 337
Q0 0.0116 27 0 250 72
A3 0.0108 77 208 228 400
B2 0.0098 78 210 227 401
P0 0.0085 93 142 186 319
Q0 0.0064 49 -1 244 32
Q0 0.0055 47 15 238 77
N0 0.0048 79 114 243 392
C2 0.0048 79 251 128 304
M0 0.0036 79 33 236 397
N0 0.0028 68 2 249 396
E3 0.0028 75 205 226 400
F0 0.0027 77 130 277 401
K0 0.0025 142 213 222 394
Q0 0.0023 -7 0 259 46
C2 0.0021 74 130 304 400
E3 0.0018 76 133 300 399
D2 0.0015 76 129 292 400
E2 0.0013 81 210 226 395
C2 0.0013 75 203 101 244
N0 0.0012 -13 -7 286 403
A3 0.0012 143 208 225 387
B3 0.0011 77 54 222 321
C2 0.0010 80 247 109 285
