B0 0.3965 339 259 465 685
B0 0.3798 52 331 184 681
B0 0.3761 196 268 323 678
M0 0.3345 336 250 466 685
M0 0.2941 192 262 326 683
M0 0.2728 50 332 185 683
B0 0.2491 479 312 601 668
P0 0.1923 340 261 465 681
B0 0.1825 616 226 737 681
P0 0.1756 196 266 324 674
B3 0.1541 52 337 186 678
B3 0.1523 479 298 602 663
P0 0.1308 55 339 184 678
B3 0.1212 616 291 737 662
P0 0.1084 616 225 737 676
M0 0.0993 609 157 745 667
M0 0.0906 469 156 606 666
N0 0.0881 611 159 743 666
B3 0.0758 195 294 326 676
N0 0.0487 469 161 606 661
B3 0.0409 339 296 466 670
B0 0.0303 476 147 603 678
P0 0.0239 480 228 603 675
B1 0.0202 478 165 580 326
B1 0.0178 614 232 739 676
C0 0.0169 618 165 710 256
B3 0.0149 478 165 581 325
R0 0.0097 2 -11 798 789
N0 0.0089 13 14 818 768
P0 0.0072 480 164 580 326
A0 0.0065 3 -5 800 777
H3 0.0058 2 -15 803 797
C3 0.0043 617 165 711 256
N0 0.0038 495 167 581 334
C2 0.0037 635 254 719 325
B1 0.0035 477 302 606 669
C2 0.0030 619 167 710 250
N0 0.0029 538 157 751 676
M0 0.0027 432 158 682 687
C2 0.0026 216 266 294 426
N0 0.0024 215 270 298 433
N0 0.0023 618 356 679 667
N0 0.0023 198 381 322 657
C3 0.0023 497 190 581 324
B0 0.0019 1 3 800 786
N0 0.0016 665 328 735 707
C0 0.0016 617 162 715 323
C2 0.0015 363 256 440 435
C2 0.0014 498 257 580 323
N0 0.0012 63 224 557 752
M0 0.0012 529 142 770 679
N0 0.0012 362 261 442 435
P0 0.0012 614 80 727 746
B3 0.0012 620 162 711 267
B3 0.0011 457 61 667 379
N0 0.0011 336 395 468 660
N0 0.0011 536 365 601 664
C3 0.0011 635 254 720 325
Q0 0.0010 9 14 739 800
O0 0.0010 484 329 600 662
