B0 0.4976 96 171 724 405
B0 0.2884 64 200 603 388
H0 0.2360 261 -5 539 212
D1 0.2013 19 180 760 449
D0 0.1863 -1 0 96 240
K0 0.1845 -2 -3 97 241
P0 0.1767 38 183 746 468
H0 0.1762 260 -6 747 225
H0 0.1492 3 326 203 583
P0 0.1368 22 198 659 397
P0 0.0875 -39 7 819 483
N0 0.0840 40 171 774 488
B0 0.0799 24 13 797 479
H0 0.0684 69 -37 629 506
M0 0.0674 38 192 772 452
H0 0.0471 80 -93 814 533
N0 0.0421 3 -14 774 579
K0 0.0414 0 324 201 582
H0 0.0410 0 183 764 589
M0 0.0393 9 85 786 554
A3 0.0293 263 -3 516 215
D1 0.0282 92 38 775 458
B0 0.0271 32 166 773 486
H0 0.0268 223 -35 738 359
D1 0.0263 108 143 796 408
K0 0.0243 266 -3 519 214
B0 0.0234 -14 66 658 414
K0 0.0215 278 495 495 582
B2 0.0215 10 191 810 519
D2 0.0172 468 -6 780 222
C3 0.0170 278 494 494 583
A0 0.0170 102 -20 796 486
A0 0.0156 278 494 492 583
C2 0.0148 -1 3 93 202
C3 0.0117 0 -4 88 219
P0 0.0096 1 -66 628 506
H0 0.0091 118 -165 574 572
C2 0.0083 0 296 36 519
H0 0.0078 3 219 216 567
B1 0.0071 73 194 812 503
A3 0.0071 447 -6 768 221
B2 0.0068 456 -9 791 222
N0 0.0063 0 -4 86 237
H3 0.0051 0 -92 103 231
H0 0.0045 -7 141 287 590
H0 0.0041 185 -18 872 256
C2 0.0040 2 -68 81 174
H0 0.0035 234 -18 614 262
E2 0.0031 265 -4 512 216
H0 0.0031 417 -56 802 516
D1 0.0030 -53 173 780 577
C3 0.0029 164 0 285 15
H0 0.0027 -10 -12 81 513
L0 0.0026 2 -58 80 158
H0 0.0025 211 -43 582 401
B3 0.0025 -1 -3 99 266
E2 0.0024 0 -114 103 214
C2 0.0023 191 0 286 13
C2 0.0023 320 -1 392 35
C2 0.0023 1 341 49 612
D0 0.0023 386 208 760 408
B2 0.0022 -65 240 893 603
C3 0.0019 194 0 287 13
K0 0.0019 4 -6 145 252
F2 0.0018 -21 322 794 577
D1 0.0017 141 200 821 495
H0 0.0016 -80 483 584 588
B0 0.0016 1 324 788 588
C2 0.0016 0 309 35 460
C2 0.0015 0 387 60 588
B0 0.0015 242 -10 778 240
H0 0.0015 0 312 64 586
C2 0.0014 1 -7 67 220
M0 0.0014 -7 -68 97 238
B3 0.0013 231 201 779 413
C2 0.0013 0 281 40 635
K0 0.0013 0 313 64 587
G3 0.0013 1 333 56 620
C2 0.0012 274 500 449 581
H0 0.0012 1 78 190 570
K0 0.0012 1 -3 91 351
C3 0.0011 0 399 61 583
K0 0.0011 482 385 680 495
Q0 0.0010 -1 -6 310 222
B0 0.0010 -5 0 99 240
