B0 0.1683 158 -6 371 759
P0 0.0938 162 -45 370 866
D1 0.0798 163 -64 369 771
B3 0.0757 157 -23 377 847
M0 0.0560 162 9 376 750
I3 0.0348 168 16 362 658
A0 0.0309 344 136 599 918
E3 0.0228 4 0 587 785
N0 0.0166 149 2 390 776
C2 0.0150 180 744 288 799
D1 0.0118 170 9 361 585
P0 0.0117 87 -69 385 796
M0 0.0102 13 5 580 772
H3 0.0091 20 -4 583 783
B3 0.0082 51 -31 586 888
N0 0.0070 60 -5 517 793
B3 0.0060 162 214 364 774
P0 0.0055 166 199 364 786
R0 0.0044 241 -14 597 432
C2 0.0043 104 518 168 598
B2 0.0042 104 519 168 598
C2 0.0040 3 102 91 186
R0 0.0036 320 252 591 840
H0 0.0031 20 -10 577 797
A3 0.0026 309 -96 600 529
B3 0.0025 107 90 501 797
D2 0.0023 105 521 167 599
D1 0.0022 98 -172 481 868
D2 0.0020 4 103 90 185
C2 0.0020 410 0 487 61
C3 0.0019 296 -102 604 547
R0 0.0018 341 1 598 659
B2 0.0018 4 103 90 186
R0 0.0017 -2 -50 185 704
E2 0.0015 15 40 637 851
D2 0.0014 353 9 603 839
D1 0.0014 -4 -80 659 831
P0 0.0013 -22 -92 679 874
B0 0.0012 339 -32 598 665
D2 0.0012 409 0 487 61
M0 0.0011 119 7 487 784
E2 0.0011 352 -2 605 850
P0 0.0010 333 65 594 945
C3 0.0010 0 609 13 637
C2 0.0010 182 777 290 800
C2 0.0010 460 705 544 792
