I3 0.6306 242 242 441 652
O0 0.1118 246 247 439 647
I3 0.0484 233 24 454 667
I3 0.0465 230 27 453 287
O0 0.0363 232 18 458 653
C2 0.0337 568 90 635 166
R0 0.0232 -10 469 771 1028
B0 0.0206 242 226 440 641
R0 0.0160 -10 -7 766 1019
Q0 0.0132 -7 482 774 1026
F0 0.0125 226 24 454 289
P0 0.0123 229 30 454 645
G3 0.0116 229 76 320 275
C2 0.0112 -1 120 41 208
H3 0.0093 -15 3 771 1017
C0 0.0092 556 73 640 177
K0 0.0086 231 22 457 289
C3 0.0084 -1 121 42 208
C3 0.0075 567 90 635 166
B0 0.0074 229 25 452 625
Q0 0.0072 -5 1 682 127
N0 0.0058 246 299 436 602
F0 0.0050 -10 4 761 1016
A0 0.0046 -5 6 760 1017
M0 0.0045 84 -4 607 945
M0 0.0043 224 22 462 657
B3 0.0041 229 50 457 652
B0 0.0041 -6 -4 755 1014
R0 0.0034 -3 4 707 125
C3 0.0033 234 23 454 287
E3 0.0032 226 19 461 650
H3 0.0028 229 13 452 633
R0 0.0025 -98 295 879 1022
G3 0.0022 303 82 348 287
F3 0.0018 -15 935 743 1025
P0 0.0017 235 232 435 641
E0 0.0015 -1 119 40 213
K0 0.0015 253 24 396 276
G3 0.0014 320 81 410 282
B3 0.0014 232 226 439 630
C0 0.0013 566 90 635 166
E2 0.0013 -96 402 801 991
G3 0.0011 324 109 361 283
