B0 0.3403 311 330 589 892
D0 0.3028 309 340 589 889
A0 0.1444 -5 -2 386 384
C2 0.1384 316 263 501 357
C0 0.1373 305 327 590 879
K0 0.1223 642 722 768 1025
C3 0.0844 -5 -3 379 377
B3 0.0655 310 333 588 884
C3 0.0655 315 263 503 356
I3 0.0518 321 261 500 357
C0 0.0329 641 725 766 1023
C2 0.0291 -2 462 120 623
K0 0.0255 -16 -3 381 380
H3 0.0187 314 322 594 859
E2 0.0170 1 292 255 570
D2 0.0152 0 293 255 573
C0 0.0151 382 995 448 1024
B2 0.0142 1 291 256 573
Q0 0.0140 -5 0 380 379
C2 0.0139 645 726 772 930
E3 0.0139 -2 0 381 380
C3 0.0137 -1 880 70 1022
R0 0.0127 360 -1 762 571
L0 0.0105 648 719 767 1023
E3 0.0099 -3 300 714 1022
G3 0.0096 385 994 447 1024
B2 0.0095 0 289 50 478
C3 0.0082 646 723 769 932
P0 0.0079 0 749 107 1028
Q0 0.0074 363 2 766 571
C3 0.0060 2 605 89 686
N0 0.0057 274 279 596 970
D2 0.0054 0 301 709 1018
B1 0.0051 -4 872 74 1026
E2 0.0049 0 592 99 780
C2 0.0048 15 302 122 420
G0 0.0047 362 0 761 568
N0 0.0047 81 261 682 1016
K0 0.0046 644 721 766 912
P0 0.0046 -2 871 75 1026
C2 0.0040 24 341 216 511
E3 0.0038 0 287 217 912
C0 0.0038 373 992 535 1025
F2 0.0037 0 293 255 574
C0 0.0036 290 992 444 1025
R0 0.0035 265 733 763 1023
B2 0.0034 3 604 88 684
E2 0.0031 0 288 51 480
C3 0.0030 -2 603 103 791
C2 0.0029 11 305 145 456
B0 0.0027 -7 294 707 1016
B2 0.0027 0 594 102 783
C2 0.0026 0 603 102 782
Q0 0.0025 266 739 756 1023
B0 0.0024 314 253 579 731
C2 0.0024 560 540 702 620
P0 0.0023 311 243 580 748
C2 0.0023 11 300 103 398
C3 0.0023 -1 167 90 334
C2 0.0022 2 604 89 686
E3 0.0021 -2 592 118 1025
C2 0.0020 4 322 183 498
C3 0.0020 -1 464 117 627
O0 0.0020 -11 559 181 1034
C2 0.0019 0 285 51 476
N0 0.0018 290 240 547 857
G3 0.0018 373 992 515 1023
C2 0.0018 321 270 449 355
N0 0.0017 208 75 646 963
C3 0.0017 689 944 768 1023
C0 0.0017 376 989 626 1025
K0 0.0016 267 986 444 1026
E3 0.0016 281 708 863 1024
B2 0.0016 2 291 132 479
E2 0.0015 0 273 259 739
C3 0.0014 0 286 51 477
G3 0.0014 0 291 51 480
N0 0.0013 316 271 554 678
E3 0.0013 3 476 208 995
E2 0.0012 0 458 119 633
C2 0.0012 -1 171 90 328
E2 0.0012 0 440 116 841
B2 0.0012 261 971 449 1026
C2 0.0012 537 406 660 498
B2 0.0011 4 289 145 629
C3 0.0011 663 812 766 922
N0 0.0011 19 10 746 1024
B2 0.0011 0 585 109 875
E3 0.0011 2 320 423 1023
B0 0.0011 0 743 115 1030
N0 0.0010 466 636 590 832
B3 0.0010 -2 869 88 1026
C2 0.0010 95 386 245 561
