B0 0.2301 180 46 572 868
M0 0.1418 165 35 589 1011
N0 0.1219 165 40 589 1002
P0 0.1107 480 23 598 189
B0 0.0982 479 24 597 186
B3 0.0741 124 210 571 1039
C2 0.0596 478 23 598 183
P0 0.0587 169 40 571 957
D1 0.0582 153 138 585 1072
M0 0.0570 -1 238 116 435
D2 0.0549 583 228 678 318
B3 0.0540 -3 209 131 414
P0 0.0508 -1 238 116 446
B0 0.0452 146 146 585 1051
B3 0.0400 192 -2 310 138
B3 0.0388 472 20 599 191
B1 0.0380 119 140 206 302
B1 0.0374 0 237 117 438
B3 0.0347 73 239 175 413
D0 0.0326 536 405 659 573
P0 0.0317 97 194 197 334
N0 0.0315 119 141 207 302
B3 0.0314 92 191 196 332
M0 0.0312 473 21 599 186
C3 0.0308 531 405 661 569
I3 0.0306 248 35 394 182
M0 0.0294 94 194 198 332
P0 0.0276 110 136 212 318
C3 0.0275 252 966 350 1024
B2 0.0272 582 228 678 318
M0 0.0265 -5 222 192 532
C2 0.0259 581 228 679 318
B0 0.0256 2 216 131 412
B3 0.0247 16 415 161 537
B3 0.0231 101 -51 651 1084
B1 0.0231 193 0 310 131
B3 0.0231 115 135 207 307
N0 0.0231 -4 243 114 445
N0 0.0225 479 20 597 194
B1 0.0216 138 124 590 1058
N0 0.0194 99 196 195 335
C3 0.0193 0 517 219 841
M0 0.0191 117 136 208 305
H3 0.0161 -1 520 220 851
C3 0.0149 157 296 209 390
P0 0.0141 -3 228 170 539
G3 0.0138 121 140 205 303
B0 0.0134 14 413 162 534
B1 0.0125 98 195 196 331
M0 0.0118 14 414 163 532
N0 0.0115 3 215 136 410
M0 0.0111 191 0 309 131
C2 0.0111 561 799 657 946
B1 0.0109 77 243 165 393
B3 0.0102 252 37 395 183
B3 0.0100 15 219 200 526
C2 0.0100 98 197 195 329
K0 0.0099 365 68 596 378
P0 0.0097 18 411 161 539
P0 0.0096 166 -91 458 1078
B0 0.0092 184 6 535 658
N0 0.0083 78 242 166 392
G3 0.0081 562 856 639 951
C3 0.0076 702 921 769 1023
C2 0.0074 247 37 393 186
I3 0.0073 543 768 689 972
G3 0.0072 96 307 169 412
C3 0.0070 128 623 221 764
C2 0.0065 111 521 213 578
C3 0.0063 477 19 600 186
B0 0.0058 196 37 459 451
C3 0.0056 100 195 195 331
C3 0.0054 561 802 657 950
H3 0.0054 554 775 686 969
P0 0.0052 424 17 601 205
K0 0.0052 584 1 768 178
J0 0.0049 537 408 659 585
F0 0.0049 60 15 703 1023
G3 0.0048 -2 244 108 451
N0 0.0046 247 35 396 188
P0 0.0045 398 7 455 109
C3 0.0042 47 415 162 534
P0 0.0041 79 208 180 348
B2 0.0034 563 796 655 933
I3 0.0034 521 676 759 1003
M0 0.0032 31 306 90 401
E2 0.0032 545 767 700 973
B3 0.0032 212 -7 372 171
B3 0.0032 39 413 213 579
C2 0.0031 398 5 454 105
M0 0.0030 193 -34 604 742
B3 0.0030 17 366 590 983
D0 0.0030 33 98 742 1020
C3 0.0029 97 309 168 412
O0 0.0029 544 764 694 970
C3 0.0029 576 793 658 886
B0 0.0028 441 1 742 188
C2 0.0028 516 279 590 479
G3 0.0028 102 194 193 332
N0 0.0027 398 5 455 107
B3 0.0026 539 758 688 973
G3 0.0026 3 217 88 309
C0 0.0026 535 407 658 561
E3 0.0026 415 0 762 208
B3 0.0025 68 171 192 402
C0 0.0023 550 764 692 975
H3 0.0023 23 15 751 1023
P0 0.0023 215 39 418 461
N0 0.0023 33 414 163 534
N0 0.0022 184 52 587 503
N0 0.0022 91 295 168 408
P0 0.0022 179 29 507 684
C2 0.0020 120 143 201 292
C3 0.0020 112 521 211 577
C3 0.0020 3 509 238 979
C2 0.0019 461 137 590 309
K0 0.0019 373 52 530 302
B2 0.0018 567 838 609 915
N0 0.0018 194 -1 306 133
E3 0.0017 489 17 775 247
E3 0.0017 345 1 758 264
E3 0.0017 188 63 593 506
P0 0.0017 6 514 251 1051
M0 0.0016 24 409 209 573
Q0 0.0016 -1 646 262 1014
B2 0.0016 371 59 595 500
C2 0.0015 370 124 468 253
C3 0.0015 569 1 767 235
C3 0.0015 722 174 769 261
N0 0.0015 244 31 396 310
B2 0.0015 445 113 599 432
C2 0.0014 -1 474 39 570
B3 0.0014 -5 400 204 537
H3 0.0014 17 318 638 905
P0 0.0014 250 37 396 326
C3 0.0014 199 119 239 218
B3 0.0014 572 667 763 1025
C3 0.0013 597 73 749 181
B3 0.0013 78 280 535 874
K0 0.0013 568 2 766 254
C0 0.0013 657 670 766 1023
C3 0.0013 574 163 728 252
N0 0.0012 41 -4 672 1041
Q0 0.0012 544 278 761 981
P0 0.0012 437 1 769 190
K0 0.0012 439 98 596 358
M0 0.0012 186 60 593 511
C3 0.0012 399 5 454 107
K0 0.0012 2 539 258 1049
C3 0.0012 506 1 765 182
K0 0.0012 379 25 475 296
C3 0.0011 701 985 763 1024
C3 0.0011 381 124 436 174
G3 0.0011 365 120 459 256
B3 0.0011 128 239 724 718
C3 0.0011 625 802 690 958
G0 0.0011 5 200 771 1014
Q0 0.0010 252 933 679 1027
M0 0.0010 25 -5 668 1019
P0 0.0010 199 118 241 225
E3 0.0010 370 733 755 1019
C2 0.0010 197 118 273 316
R0 0.0010 205 662 758 1023
