B0 0.4153 147 98 236 314
B0 0.4151 44 122 118 317
B0 0.3719 270 77 366 318
M0 0.3243 42 117 119 317
M0 0.2510 147 85 237 316
M0 0.1688 270 89 365 318
P0 0.1567 44 120 118 316
P0 0.1162 148 90 237 319
P0 0.1094 271 90 365 319
N0 0.0538 268 76 369 317
B3 0.0072 43 144 118 318
N0 0.0063 137 100 245 331
M0 0.0059 22 91 359 379
N0 0.0053 42 126 124 316
M0 0.0053 71 95 304 356
N0 0.0052 43 182 118 298
N0 0.0038 102 101 270 335
N0 0.0035 149 191 224 303
R0 0.0029 0 288 399 399
B3 0.0023 272 139 364 318
Q0 0.0023 0 290 402 398
N0 0.0022 76 83 312 343
B3 0.0021 151 163 234 316
H3 0.0020 0 88 401 401
B0 0.0015 0 72 401 393
O0 0.0013 267 94 370 315
H3 0.0013 0 275 402 399
N0 0.0012 214 71 389 332
N0 0.0012 16 69 399 382
M0 0.0011 318 122 365 297
