B3 0.8651 1 196 71 335
B3 0.7818 207 248 426 881
B3 0.4778 105 41 204 206
N0 0.4016 206 253 429 877
B3 0.3824 0 270 44 375
O0 0.3225 399 827 638 1024
P0 0.3067 396 827 640 1020
B3 0.2213 14 118 112 261
B3 0.1059 2 184 98 329
M0 0.0452 391 824 642 1025
N0 0.0399 401 809 528 1013
N0 0.0109 376 823 647 1023
B3 0.0108 1 196 68 285
B3 0.0071 -4 -11 160 237
B3 0.0034 4 171 65 258
N0 0.0031 417 813 620 1055
B3 0.0025 316 0 477 109
C0 0.0024 316 1 490 105
M0 0.0021 275 818 663 1029
B3 0.0020 15 256 69 330
D0 0.0017 1 271 42 372
N0 0.0010 252 816 663 1021
N0 0.0010 460 817 643 1037
B3 0.0010 0 191 56 254
