B0 0.1012 4 175 114 204
R0 0.0895 11 38 176 203
Q0 0.0426 3 113 187 203
Q0 0.0358 2 61 187 206
B1 0.0335 8 175 114 204
H3 0.0249 11 12 186 200
Q0 0.0224 13 14 186 179
A0 0.0189 51 58 157 138
H3 0.0182 53 57 153 138
A0 0.0181 13 14 185 184
Q0 0.0155 76 173 176 203
D0 0.0128 4 175 113 204
H3 0.0124 4 174 75 204
H3 0.0113 5 169 115 204
H3 0.0111 0 159 74 204
Q0 0.0101 70 162 187 205
C0 0.0085 11 175 112 204
Q0 0.0075 0 159 112 203
B0 0.0074 0 160 116 204
D1 0.0069 -7 4 178 108
H3 0.0062 26 34 157 148
B3 0.0056 7 175 110 204
B0 0.0055 -1 167 186 204
H3 0.0055 15 15 184 140
Q0 0.0048 0 170 184 203
Q0 0.0046 68 120 187 209
Q0 0.0042 14 39 174 155
B0 0.0041 21 14 185 194
D0 0.0035 8 177 76 204
Q0 0.0034 15 16 176 68
H3 0.0033 57 188 112 204
C3 0.0032 57 188 113 204
Q0 0.0031 -1 149 178 204
C0 0.0030 55 187 127 204
C0 0.0029 55 187 151 206
B1 0.0027 50 53 151 140
R0 0.0026 0 159 112 203
F2 0.0026 7 16 174 81
B3 0.0024 0 159 17 204
R0 0.0023 106 0 163 17
C3 0.0022 8 178 74 204
Q0 0.0022 99 0 166 13
I3 0.0021 114 0 162 15
C3 0.0017 4 13 190 93
J0 0.0016 8 178 72 204
H3 0.0015 12 27 154 117
Q0 0.0015 90 151 184 208
R0 0.0015 8 8 173 115
Q0 0.0015 13 17 183 103
B0 0.0014 12 31 157 99
Q0 0.0014 45 0 164 16
H3 0.0013 50 183 158 205
D0 0.0011 0 159 17 205
C2 0.0010 0 162 17 203
