B1 0.2362 19 84 200 572
B1 0.0987 47 17 166 216
M0 0.0654 18 13 202 581
N0 0.0437 15 9 204 576
B0 0.0392 16 6 209 453
B3 0.0372 32 182 195 573
O0 0.0327 21 16 202 574
B1 0.0322 18 -3 207 472
B3 0.0194 47 16 168 216
P0 0.0105 9 -19 210 446
Q0 0.0073 0 434 216 586
O0 0.0036 28 184 198 568
B1 0.0035 30 20 207 314
E0 0.0033 25 2 206 427
B3 0.0032 27 5 194 357
C3 0.0028 188 543 223 589
K0 0.0026 46 10 165 222
Q0 0.0025 6 255 213 580
R0 0.0024 -9 436 222 587
C2 0.0024 191 183 222 275
G0 0.0023 45 9 222 205
P0 0.0023 35 2 186 341
D0 0.0021 -70 436 230 588
Q0 0.0019 3 369 213 577
Q0 0.0016 43 4 219 238
H3 0.0013 44 0 213 206
C2 0.0013 153 31 212 154
B1 0.0013 96 146 199 566
C2 0.0012 160 156 222 253
N0 0.0012 40 1 221 266
Q0 0.0011 0 261 55 562
I0 0.0011 44 2 223 213
J0 0.0011 4 532 187 589
R0 0.0010 1 532 185 588
N0 0.0010 131 15 221 479
