B0 0.2916 137 179 256 305
B0 0.2110 11 190 131 305
B0 0.1969 265 161 413 306
E0 0.1587 265 161 414 307
C2 0.1426 209 25 287 93
A3 0.1278 209 22 287 96
C2 0.0921 12 189 132 304
C3 0.0882 210 23 286 96
H3 0.0764 10 189 132 306
E0 0.0748 138 179 256 305
B3 0.0728 137 177 256 304
L0 0.0616 11 189 132 304
C3 0.0577 11 187 132 304
C3 0.0499 138 177 258 304
P0 0.0456 137 178 258 306
B1 0.0409 332 13 362 109
H3 0.0314 137 177 257 307
C3 0.0258 265 160 416 306
B1 0.0196 312 14 336 109
A2 0.0190 224 0 420 42
F2 0.0170 217 0 422 40
R0 0.0128 2 259 418 426
H3 0.0127 266 161 410 306
B1 0.0127 285 13 318 110
O0 0.0125 10 189 133 302
B3 0.0124 331 13 362 109
N0 0.0117 331 16 361 101
G3 0.0113 332 17 361 100
B3 0.0108 266 158 414 306
A2 0.0086 207 4 287 98
A3 0.0082 208 3 303 100
B3 0.0068 311 18 336 109
Q0 0.0065 0 260 421 423
B1 0.0063 406 31 421 105
B1 0.0063 299 0 355 112
E3 0.0061 214 -4 421 302
I3 0.0053 12 189 131 303
B3 0.0051 11 187 133 304
B1 0.0048 359 28 381 105
G0 0.0044 1 82 417 398
M0 0.0043 406 32 420 106
B3 0.0040 285 14 316 111
Q0 0.0040 17 1 200 49
N0 0.0039 405 30 421 104
B1 0.0037 262 -2 377 114
N0 0.0031 357 30 380 106
C2 0.0031 285 17 315 103
G3 0.0031 357 30 380 105
E3 0.0030 216 2 418 105
B3 0.0030 357 26 382 118
R0 0.0027 3 73 417 414
F0 0.0026 138 178 258 305
C3 0.0025 377 38 409 107
G3 0.0024 376 37 409 106
R0 0.0023 116 317 325 412
B2 0.0022 236 -1 406 112
Q0 0.0021 -5 17 276 114
B1 0.0021 377 24 409 109
A2 0.0020 227 -1 410 112
B3 0.0020 378 25 409 110
R0 0.0019 87 0 174 8
B1 0.0019 357 22 385 167
Q0 0.0018 0 65 421 403
H3 0.0018 -1 71 422 422
C3 0.0018 358 51 380 106
N0 0.0018 376 25 409 107
G3 0.0017 286 21 315 103
M0 0.0016 275 0 422 307
Q0 0.0016 219 2 420 86
B3 0.0016 402 24 420 158
B2 0.0016 283 11 318 110
Q0 0.0015 14 11 205 97
O0 0.0015 266 169 403 295
G3 0.0014 405 31 421 103
N0 0.0014 285 19 317 106
B3 0.0013 376 18 410 166
B3 0.0013 391 17 420 174
C3 0.0013 406 27 420 107
B1 0.0013 377 18 413 164
F2 0.0012 221 0 351 32
C2 0.0012 376 31 409 106
C3 0.0012 168 14 294 102
R0 0.0011 50 1 177 16
N0 0.0011 310 24 336 104
N0 0.0010 366 -27 420 296
E3 0.0010 282 -2 418 302
A2 0.0010 209 3 260 81
O0 0.0010 13 143 140 315
