B3 0.9815 196 69 310 377
B3 0.9781 326 123 423 373
B3 0.6681 40 0 194 382
B0 0.4786 45 3 190 377
B3 0.3063 436 188 451 359
I3 0.1502 439 178 451 366
B3 0.1182 430 205 451 377
B3 0.1050 428 154 450 362
B0 0.0677 294 220 333 280
E1 0.0573 441 187 450 359
B3 0.0388 440 164 450 347
I3 0.0228 432 179 450 366
B0 0.0225 441 135 451 363
E1 0.0197 441 116 451 360
B3 0.0168 441 199 451 379
B3 0.0160 294 217 334 280
D1 0.0143 44 15 193 384
B3 0.0104 438 239 451 372
A1 0.0102 330 130 420 367
B3 0.0101 445 179 450 317
E1 0.0081 199 68 307 363
B3 0.0076 425 199 450 346
N0 0.0068 44 6 197 391
N0 0.0056 199 66 310 368
B0 0.0045 201 65 307 369
B0 0.0042 330 136 419 365
A1 0.0034 200 73 307 369
I3 0.0032 200 66 308 366
B1 0.0029 42 2 193 383
C1 0.0025 442 102 451 347
B0 0.0024 440 195 451 381
C1 0.0018 431 102 450 349
B3 0.0017 429 248 449 364
B3 0.0017 442 255 451 367
B3 0.0017 413 182 449 366
B3 0.0014 426 208 448 309
