R0 0.1107 12 23 56 47
R0 0.0373 0 16 84 89
J0 0.0295 11 23 55 47
Q0 0.0261 0 14 88 89
K0 0.0181 0 34 8 76
C0 0.0167 0 34 9 75
Q0 0.0158 0 25 16 76
R0 0.0152 8 14 58 48
K0 0.0131 0 36 5 75
B1 0.0115 0 33 9 76
R0 0.0102 45 22 85 46
H3 0.0100 55 21 84 67
Q0 0.0096 48 23 87 64
C0 0.0091 -6 68 70 85
C3 0.0088 45 22 83 47
H3 0.0081 0 25 12 77
C0 0.0081 24 0 41 24
K0 0.0076 0 48 8 75
P0 0.0074 0 47 9 89
Q0 0.0073 0 73 90 91
H3 0.0072 45 22 85 46
Q0 0.0067 0 39 89 86
C0 0.0062 0 25 12 77
B1 0.0062 0 33 16 76
Q0 0.0058 0 59 89 82
Q0 0.0056 0 49 85 80
Q0 0.0055 0 15 85 48
R0 0.0053 0 76 87 91
B0 0.0051 0 45 10 90
C0 0.0048 -13 70 76 82
H3 0.0048 0 63 91 91
L0 0.0048 20 0 44 25
B0 0.0048 0 28 10 76
C0 0.0047 9 67 70 82
R0 0.0046 0 0 56 28
P0 0.0045 0 25 17 77
H3 0.0044 55 34 81 50
R0 0.0043 3 10 90 56
K0 0.0042 0 47 7 91
B0 0.0041 0 23 18 73
R0 0.0041 28 0 65 27
Q0 0.0041 26 0 65 26
H3 0.0040 0 23 8 79
H3 0.0040 56 39 80 46
C0 0.0039 0 30 5 75
K0 0.0039 0 30 16 79
Q0 0.0038 0 15 56 47
E0 0.0036 3 62 60 77
Q0 0.0036 0 63 90 91
L0 0.0036 23 0 35 24
Q0 0.0035 0 15 50 27
O0 0.0035 0 24 17 92
E2 0.0035 3 63 78 75
H3 0.0034 -7 68 74 92
Q0 0.0033 0 0 45 27
H3 0.0033 0 63 88 81
R0 0.0032 -9 8 108 61
Q0 0.0031 0 21 23 76
K0 0.0030 0 49 5 75
H3 0.0030 5 62 61 78
C2 0.0029 0 48 8 72
C0 0.0029 27 0 39 19
H3 0.0028 10 20 53 47
B3 0.0027 0 24 18 77
Q0 0.0027 47 21 88 91
C2 0.0026 0 49 3 73
H3 0.0026 -2 10 106 57
R0 0.0026 0 14 57 28
Q0 0.0025 1 0 71 28
R0 0.0025 -2 0 86 47
R0 0.0019 1 19 63 82
H3 0.0018 54 24 82 51
G3 0.0018 70 46 78 65
D1 0.0017 -3 15 46 27
Q0 0.0017 63 62 91 90
B1 0.0016 -6 69 78 82
K0 0.0016 19 0 31 19
Q0 0.0015 47 20 84 46
E2 0.0015 2 65 78 81
B3 0.0014 0 48 6 91
H3 0.0014 1 10 60 54
G3 0.0014 71 53 76 73
N0 0.0014 1 47 8 72
Q0 0.0014 7 0 82 44
R0 0.0013 -1 3 65 35
R0 0.0013 10 65 70 82
Q0 0.0011 0 23 24 45
C0 0.0011 23 0 32 17
Q0 0.0011 -1 19 67 77
O0 0.0011 0 41 10 92
G3 0.0011 1 47 8 68
L0 0.0010 22 0 30 22
G3 0.0010 0 49 3 75
H3 0.0010 0 42 65 81
Q0 0.0010 17 0 79 26
R0 0.0010 10 35 88 76
H3 0.0010 0 19 18 72
