B1 0.1856 234 111 388 378
M0 0.1248 16 0 174 401
D1 0.1238 235 99 390 388
N0 0.0957 15 1 173 399
I3 0.0949 244 3 377 121
B1 0.0853 17 89 173 393
M0 0.0695 232 0 387 408
N0 0.0682 230 1 386 403
R0 0.0504 6 -9 417 415
I3 0.0485 27 2 160 120
D1 0.0451 19 106 174 380
G0 0.0410 234 2 389 406
I0 0.0403 234 -5 390 405
B0 0.0366 233 2 390 402
R0 0.0312 24 -28 175 349
R0 0.0310 20 105 173 370
G0 0.0180 4 -5 414 413
O0 0.0174 18 0 175 405
B0 0.0163 17 1 174 407
I0 0.0162 16 0 176 404
H3 0.0157 31 80 140 120
B1 0.0083 269 70 391 404
B3 0.0045 17 122 168 410
R0 0.0044 239 -17 379 334
O0 0.0040 235 122 392 400
B3 0.0038 244 2 377 121
Q0 0.0036 243 4 378 121
B3 0.0034 236 -12 383 352
Q0 0.0025 262 8 349 117
P0 0.0025 235 -24 379 336
R0 0.0024 27 23 168 225
B0 0.0024 15 -1 440 402
N0 0.0023 244 8 375 121
R0 0.0023 247 3 373 89
B3 0.0018 27 1 164 123
H3 0.0018 26 3 166 137
B1 0.0017 43 20 204 441
D1 0.0016 234 71 332 403
R0 0.0014 29 59 157 144
D1 0.0013 35 11 219 446
Q0 0.0012 36 5 143 124
B3 0.0011 18 102 107 410
I3 0.0010 33 1 133 98
H3 0.0010 29 48 161 174
E3 0.0010 4 293 419 416
