B0 0.3057 301 138 372 388
I3 0.1802 386 275 411 405
B1 0.1507 192 121 280 397
P0 0.1416 302 144 371 390
B0 0.0938 192 45 282 396
M0 0.0861 299 135 375 385
B3 0.0861 302 130 371 396
P0 0.0605 191 41 283 401
C2 0.0590 216 208 259 252
N0 0.0569 298 134 374 397
B1 0.0563 78 36 172 435
B3 0.0530 195 131 277 404
M0 0.0504 192 67 283 407
B0 0.0403 79 25 169 440
M0 0.0379 77 22 173 406
O0 0.0366 384 273 412 406
P0 0.0350 196 133 277 399
D1 0.0349 77 -4 169 444
B3 0.0335 82 90 166 410
N0 0.0327 191 64 284 401
F0 0.0249 386 259 412 406
B3 0.0243 191 41 284 426
O0 0.0224 81 18 173 408
P0 0.0204 80 73 168 412
P0 0.0202 303 143 347 384
N0 0.0107 73 20 177 405
I3 0.0093 387 322 411 404
C2 0.0087 321 270 351 301
B0 0.0076 39 29 370 411
B1 0.0073 137 14 228 393
P0 0.0071 384 172 412 423
B1 0.0070 305 136 371 238
B3 0.0069 70 -40 174 417
B1 0.0064 70 -92 174 474
M0 0.0063 384 193 412 412
N0 0.0061 290 25 379 399
B1 0.0060 83 -22 237 441
C2 0.0058 386 276 412 343
B1 0.0056 100 -30 176 454
C2 0.0056 387 318 412 402
G3 0.0039 226 83 240 185
O0 0.0039 369 266 419 411
C3 0.0037 382 397 412 412
C3 0.0037 387 317 412 403
B3 0.0034 386 213 412 408
B1 0.0034 80 23 168 138
C3 0.0033 386 275 412 343
B3 0.0030 385 324 412 405
M0 0.0030 70 50 363 414
P0 0.0029 157 6 290 456
B1 0.0028 185 46 285 421
B0 0.0026 63 9 283 416
C0 0.0026 332 395 410 412
D1 0.0026 67 -120 175 495
B1 0.0025 303 157 369 405
P0 0.0024 70 -39 178 369
G3 0.0023 213 84 232 182
B3 0.0022 305 135 372 238
B0 0.0022 384 150 412 425
N0 0.0021 78 5 350 412
G3 0.0020 198 106 213 177
G3 0.0020 227 104 239 178
N0 0.0018 383 175 411 411
B1 0.0018 203 67 281 183
M0 0.0018 280 109 392 407
P0 0.0018 189 19 250 417
B1 0.0017 158 79 212 419
G3 0.0016 214 103 229 178
B3 0.0016 66 17 166 136
B1 0.0015 94 71 195 407
B1 0.0014 126 -56 224 471
B1 0.0014 94 -79 196 523
K0 0.0014 203 70 281 179
M0 0.0014 365 161 415 414
N0 0.0014 309 141 365 226
B1 0.0013 61 -135 252 512
B3 0.0013 -2 3 104 439
P0 0.0013 51 -14 166 486
D0 0.0012 8 39 413 416
P0 0.0011 -2 -47 94 483
B3 0.0011 286 134 335 393
N0 0.0011 245 10 369 412
E1 0.0010 298 133 332 381
N0 0.0010 168 15 360 407
C3 0.0010 84 23 171 137
