O0 0.1061 28 -1 297 533
D1 0.1061 18 95 317 521
I0 0.0431 28 2 293 534
B0 0.0397 65 109 292 514
G0 0.0353 28 -2 289 528
I3 0.0320 37 9 301 340
R0 0.0317 37 7 301 346
E3 0.0288 28 1 294 533
B2 0.0248 52 72 290 568
B3 0.0201 72 67 288 563
Q0 0.0185 27 -1 298 532
C3 0.0173 110 137 248 307
P0 0.0153 22 88 312 520
C3 0.0151 36 -3 305 392
R0 0.0140 1 433 326 544
H3 0.0133 89 102 281 504
H3 0.0129 30 -8 258 440
P0 0.0116 86 27 290 548
D1 0.0108 -23 -46 314 599
Q0 0.0099 7 436 330 541
C3 0.0078 94 97 251 341
H3 0.0077 46 29 276 547
B3 0.0075 6 -71 290 591
B0 0.0074 26 -76 277 557
C3 0.0034 104 93 268 439
C3 0.0026 80 36 271 371
B3 0.0026 86 -55 340 603
P0 0.0016 86 -159 311 660
M0 0.0016 37 7 320 550
E2 0.0013 67 0 275 16
F0 0.0012 59 -60 298 440
