B1 0.1938 118 141 508 422
B0 0.1504 118 141 501 427
K0 0.1000 121 138 520 448
O0 0.0156 117 144 542 432
C0 0.0155 140 132 548 442
B0 0.0123 0 -4 561 716
A0 0.0107 1 137 487 703
O0 0.0105 67 119 577 498
H3 0.0097 6 -6 710 705
L0 0.0086 0 102 521 702
L0 0.0083 -4 -3 717 717
A0 0.0074 1 22 694 710
O0 0.0067 24 33 694 682
P0 0.0065 118 136 472 428
F0 0.0054 0 124 509 703
B1 0.0046 144 118 574 469
B0 0.0043 52 116 570 503
K0 0.0032 381 -1 447 149
C3 0.0018 381 10 447 148
H3 0.0017 4 48 475 711
C3 0.0017 140 153 554 447
G3 0.0016 381 10 447 150
E3 0.0014 -2 140 466 707
E2 0.0013 -108 131 492 698
