K0 0.2756 133 87 187 151
K0 0.2716 112 77 186 152
F2 0.0872 -1 57 106 98
B2 0.0759 0 55 106 98
K0 0.0638 -1 57 104 97
K0 0.0540 57 70 104 97
G3 0.0449 0 54 106 98
G3 0.0403 107 70 188 151
G3 0.0310 0 57 185 152
K0 0.0302 35 66 103 97
O0 0.0275 112 74 187 151
K0 0.0257 111 75 140 145
A3 0.0243 -3 57 105 96
G3 0.0212 2 56 156 120
E3 0.0076 111 77 185 151
K0 0.0074 106 75 153 150
E3 0.0072 -1 54 190 148
L0 0.0045 2 53 106 97
G3 0.0045 1 36 109 106
Q0 0.0043 1 62 103 187
E3 0.0038 1 53 110 146
N0 0.0036 125 91 181 146
K0 0.0033 90 74 144 148
C3 0.0032 124 93 186 144
K0 0.0032 111 75 138 117
Q0 0.0024 6 173 67 217
O0 0.0022 73 67 202 157
R0 0.0020 194 75 284 203
Q0 0.0020 170 68 294 160
C3 0.0020 153 94 186 147
Q0 0.0020 190 76 285 187
I3 0.0017 18 208 80 219
G3 0.0017 -2 5 108 124
C3 0.0016 54 70 106 96
N0 0.0015 140 90 187 147
G3 0.0014 252 -22 275 19
G0 0.0012 195 136 290 207
F2 0.0012 1 57 125 213
G3 0.0012 -3 -7 187 144
I0 0.0012 100 175 210 216
F2 0.0012 1 48 106 180
O0 0.0011 -1 63 216 161
E3 0.0010 1 51 106 208
Q0 0.0010 -2 -17 109 101
Q0 0.0010 -2 94 87 251
Q0 0.0010 0 62 100 277
Q0 0.0010 43 102 59 122
F3 0.0010 -2 64 202 164
