D0 0.1585 117 187 409 515
B2 0.1282 112 186 411 515
D2 0.0494 110 187 413 535
B1 0.0340 128 189 406 532
C0 0.0250 157 470 292 670
B0 0.0224 16 0 587 681
C2 0.0193 158 476 284 586
K0 0.0138 113 186 410 535
E2 0.0138 103 189 432 517
N0 0.0130 7 -13 582 694
C2 0.0117 143 386 237 445
R0 0.0099 131 0 372 80
C2 0.0089 142 326 239 446
G3 0.0081 117 199 393 670
N0 0.0079 112 174 390 669
C0 0.0060 68 462 305 679
B0 0.0059 10 204 392 691
J0 0.0057 274 351 553 676
N0 0.0056 87 63 453 678
A3 0.0052 -7 368 261 689
C3 0.0045 262 353 542 676
D2 0.0043 -7 370 282 695
B2 0.0041 -4 362 276 695
J0 0.0040 135 0 368 82
B0 0.0040 103 176 430 677
C0 0.0038 -27 456 371 687
Q0 0.0036 308 0 578 364
C0 0.0033 162 188 407 525
K0 0.0032 247 516 373 688
B2 0.0029 149 393 236 445
C2 0.0027 159 333 230 424
R0 0.0026 271 349 555 665
C2 0.0026 100 221 221 298
Q0 0.0023 -3 -16 600 640
C2 0.0023 259 516 352 670
H3 0.0023 -1 217 380 694
C3 0.0020 143 332 239 442
G3 0.0019 0 376 374 689
H3 0.0019 133 0 377 78
A0 0.0018 319 2 596 376
C0 0.0018 138 237 389 696
C3 0.0017 96 220 219 306
K0 0.0016 -70 435 429 693
J0 0.0016 368 353 541 671
E2 0.0015 141 294 261 457
B3 0.0015 144 189 409 521
C3 0.0015 365 356 539 670
Q0 0.0014 -5 -2 368 425
F2 0.0013 6 367 294 660
N0 0.0013 13 304 407 671
C0 0.0013 7 342 308 685
C3 0.0013 120 225 411 523
Q0 0.0012 1 218 226 445
C0 0.0011 154 359 302 644
A0 0.0011 34 175 542 689
G3 0.0011 52 -2 585 477
H0 0.0011 1 376 372 689
G3 0.0010 0 150 405 679
C0 0.0010 146 250 306 691
A3 0.0010 19 373 191 614
