D0 0.4093 267 281 355 392
C0 0.2601 175 155 322 277
C0 0.2284 266 281 354 391
H3 0.1956 175 153 321 278
E0 0.1645 294 45 546 294
K0 0.1608 289 47 543 294
L0 0.1549 159 47 513 291
B0 0.1430 145 44 541 295
C0 0.1390 160 48 519 301
K0 0.1079 164 41 566 298
H3 0.1044 266 280 355 391
E0 0.0830 152 44 546 300
C0 0.0822 297 51 546 292
C3 0.0258 172 159 293 274
C3 0.0241 265 280 356 394
O0 0.0221 298 1 547 292
Q0 0.0151 301 6 545 293
C2 0.0125 106 336 163 394
O0 0.0100 126 3 549 304
N0 0.0098 173 157 293 275
B0 0.0088 168 55 432 289
C3 0.0050 500 36 547 167
Q0 0.0046 396 164 633 388
N0 0.0042 267 282 355 392
C0 0.0037 502 37 546 175
Q0 0.0034 153 9 544 329
K0 0.0027 301 2 519 250
R0 0.0027 393 13 636 394
C0 0.0024 231 249 404 392
E0 0.0023 105 0 558 392
H3 0.0022 108 1 549 390
R0 0.0020 391 157 635 391
Q0 0.0018 1 23 114 394
R0 0.0018 0 20 113 391
C2 0.0015 500 36 545 169
N0 0.0014 76 30 134 194
C0 0.0013 171 118 491 301
K0 0.0012 176 153 272 269
J0 0.0012 542 -13 638 176
Q0 0.0011 366 10 608 382
F3 0.0011 550 23 640 317
B3 0.0010 -7 56 119 424
G3 0.0010 107 339 268 394
E2 0.0010 541 -33 653 184
