K0 0.2599 384 34 445 195
K0 0.2597 211 118 338 291
C3 0.0639 230 -1 316 117
K0 0.0565 228 0 315 117
C2 0.0434 230 -1 315 99
P0 0.0406 209 111 366 331
K0 0.0346 203 102 389 346
E0 0.0329 53 10 410 400
H3 0.0263 66 -5 552 379
L0 0.0227 64 -3 550 378
C3 0.0200 207 334 254 379
C2 0.0176 445 253 499 295
G3 0.0172 388 48 447 189
F2 0.0135 202 107 399 366
H3 0.0117 64 -18 408 355
K0 0.0108 375 0 501 186
H3 0.0083 -2 -6 241 116
H3 0.0074 146 -4 477 254
G3 0.0072 0 62 13 146
N0 0.0070 227 119 330 260
E2 0.0068 221 26 569 367
K0 0.0066 377 0 507 115
H3 0.0057 474 0 552 220
E2 0.0056 190 108 436 364
C0 0.0052 0 63 13 146
C0 0.0051 474 0 552 222
C3 0.0050 221 130 326 273
E0 0.0047 239 33 565 379
C3 0.0047 4 -7 232 117
K0 0.0047 175 99 358 316
F2 0.0044 231 185 391 352
C3 0.0044 384 33 448 196
D0 0.0043 -2 -4 251 114
K0 0.0035 376 -2 445 176
H3 0.0034 208 -22 582 394
C0 0.0032 379 3 510 114
P0 0.0031 177 98 346 302
C3 0.0031 445 254 499 295
Q0 0.0029 48 -2 558 371
Q0 0.0026 0 89 238 379
H3 0.0026 273 41 550 377
G3 0.0025 0 24 13 161
F2 0.0025 275 187 384 346
C0 0.0025 434 -10 549 219
C3 0.0024 196 -1 324 125
A0 0.0024 107 -27 495 314
C0 0.0024 412 7 527 135
R0 0.0023 4 80 200 385
C0 0.0021 418 10 508 114
C3 0.0019 343 321 376 346
E0 0.0019 162 -18 609 410
B1 0.0017 -4 -3 266 110
C0 0.0017 139 -30 606 400
C3 0.0016 190 326 253 378
H3 0.0015 212 -8 460 221
H3 0.0014 -3 -138 532 108
C0 0.0014 0 30 14 152
R0 0.0014 2 -118 535 112
Q0 0.0013 311 326 558 477
C3 0.0013 342 307 384 347
K0 0.0013 391 17 470 212
K0 0.0013 0 -92 40 150
Q0 0.0012 377 3 554 217
C3 0.0011 190 178 398 355
Q0 0.0010 473 6 553 212
F3 0.0010 270 355 548 467
K0 0.0010 305 13 447 199
C0 0.0010 456 -6 548 167
N0 0.0010 394 37 447 199
C3 0.0010 536 340 553 382
C3 0.0010 155 -23 594 419
