H0 0.1944 67 51 235 227
P0 0.0738 116 0 143 49
B0 0.0602 117 0 143 48
C3 0.0588 0 188 76 262
B3 0.0505 116 0 143 49
K0 0.0336 196 140 233 239
N0 0.0309 115 -1 144 49
C0 0.0265 0 189 77 263
A0 0.0223 41 99 226 274
M0 0.0195 116 0 143 49
G3 0.0165 115 -1 143 48
H3 0.0162 0 189 76 264
H0 0.0146 48 99 230 266
K0 0.0112 -3 130 164 279
A0 0.0102 0 189 77 263
E3 0.0101 44 51 240 282
C2 0.0099 102 55 132 85
F2 0.0092 50 50 237 282
Q0 0.0086 47 50 236 282
R0 0.0076 -4 231 274 309
K0 0.0076 37 119 148 284
K0 0.0072 70 65 130 148
K0 0.0071 -2 186 87 262
D2 0.0071 47 50 236 281
K0 0.0070 211 170 232 238
C3 0.0069 19 204 49 242
K0 0.0063 0 175 159 270
G3 0.0056 181 0 208 59
P0 0.0051 102 0 147 50
G3 0.0050 198 143 224 209
K0 0.0049 180 -1 208 63
K0 0.0044 198 178 232 245
K0 0.0041 67 49 234 202
R0 0.0039 -2 181 261 309
K0 0.0039 129 0 199 61
P0 0.0037 111 -1 204 60
C3 0.0034 109 -1 210 64
H3 0.0033 78 47 231 144
B3 0.0033 111 -2 206 60
A0 0.0033 83 46 229 148
Q0 0.0033 115 0 209 63
D1 0.0033 69 224 226 285
B2 0.0031 35 54 228 285
R0 0.0030 -2 256 255 307
G3 0.0027 199 135 228 227
B3 0.0027 133 0 194 59
Q0 0.0025 81 46 227 154
A0 0.0025 84 53 231 196
K0 0.0025 20 49 238 298
K0 0.0024 73 49 235 149
N0 0.0023 182 0 207 60
K0 0.0022 175 138 233 245
Q0 0.0022 0 22 250 295
K0 0.0022 23 128 232 284
N0 0.0021 115 0 209 65
K0 0.0021 34 37 151 304
B1 0.0021 178 0 208 63
Q0 0.0019 126 258 274 308
D0 0.0019 2 267 232 308
F2 0.0019 61 244 243 298
P0 0.0016 179 -1 207 64
K0 0.0016 166 60 228 152
Q0 0.0016 -5 267 277 308
B1 0.0016 135 0 192 59
C0 0.0015 196 141 230 232
C3 0.0015 164 59 229 164
B0 0.0015 83 44 228 142
K0 0.0015 53 184 110 282
C3 0.0015 76 50 223 150
C1 0.0014 -2 171 242 285
C3 0.0014 20 218 47 241
K0 0.0014 -6 163 114 266
Q0 0.0014 -7 13 96 197
K0 0.0013 160 53 231 223
O0 0.0013 116 0 211 63
D1 0.0011 52 242 233 307
A0 0.0011 58 140 231 285
P0 0.0011 201 0 239 65
C0 0.0011 1 180 147 279
B0 0.0010 -2 141 241 285
P0 0.0010 90 -1 150 84
C1 0.0010 -2 184 169 285
R0 0.0010 -10 9 95 201
