D0 0.2722 49 159 183 218
G3 0.1093 114 214 153 279
C2 0.1021 158 241 232 316
C0 0.1009 32 210 207 322
E2 0.0987 156 241 233 319
B0 0.0965 50 158 184 219
C0 0.0742 34 229 130 278
D2 0.0734 153 243 232 321
C2 0.0684 310 192 374 278
C0 0.0655 48 159 183 217
C0 0.0648 31 224 189 296
C3 0.0644 65 92 319 370
C0 0.0596 96 212 203 322
E0 0.0587 89 88 320 377
C2 0.0544 218 398 298 465
K0 0.0542 33 230 130 279
D2 0.0498 96 90 318 374
K0 0.0479 100 267 203 320
C3 0.0470 38 230 134 279
C2 0.0446 240 310 341 391
H3 0.0317 49 157 186 219
C2 0.0310 305 211 369 291
C2 0.0272 320 287 374 383
E2 0.0216 70 206 257 329
H3 0.0205 43 95 304 371
M0 0.0199 105 91 285 499
C0 0.0193 102 265 204 321
B3 0.0180 34 229 130 280
M0 0.0166 -6 28 354 490
B3 0.0156 50 156 184 220
L0 0.0154 42 101 301 363
B0 0.0152 110 90 285 498
C3 0.0147 59 159 188 214
K0 0.0144 207 373 374 500
D2 0.0132 145 215 237 324
H3 0.0108 -5 -2 366 495
E2 0.0106 59 104 329 372
C0 0.0097 32 221 216 280
D2 0.0096 211 463 365 500
B3 0.0087 185 346 255 499
G3 0.0086 123 219 153 287
C0 0.0084 35 100 302 361
D2 0.0084 218 376 373 472
M0 0.0081 63 95 315 420
D2 0.0077 -6 6 379 497
B0 0.0074 -1 48 376 500
F2 0.0068 37 222 233 279
E2 0.0066 56 162 283 344
C3 0.0066 157 105 318 358
B0 0.0061 69 117 360 498
D2 0.0060 306 192 373 290
C2 0.0055 242 283 373 393
F2 0.0051 75 209 246 326
P0 0.0051 34 229 131 280
C3 0.0050 141 0 182 32
G3 0.0050 117 218 178 318
E0 0.0048 83 142 308 505
B0 0.0048 26 80 333 430
E2 0.0045 216 462 366 500
D2 0.0044 6 -4 210 245
D1 0.0043 188 349 254 498
D2 0.0041 129 156 391 516
B1 0.0039 188 349 254 500
C2 0.0039 140 149 400 557
D2 0.0038 163 102 318 359
K0 0.0036 120 184 266 498
L0 0.0034 26 206 208 323
D2 0.0033 177 249 232 317
Q0 0.0033 0 0 209 267
F2 0.0033 41 153 292 340
C0 0.0032 109 193 266 492
B0 0.0032 -4 205 380 500
D2 0.0031 239 283 373 394
G3 0.0030 69 92 319 366
C2 0.0028 298 223 364 300
B2 0.0028 149 180 267 500
N0 0.0026 62 160 187 209
E3 0.0026 -4 249 372 500
K0 0.0026 0 9 88 258
C3 0.0026 100 268 211 322
K0 0.0024 143 157 298 510
C0 0.0024 163 172 287 506
G3 0.0024 96 222 191 327
K0 0.0023 210 464 365 500
D2 0.0023 139 143 313 508
H3 0.0023 0 176 372 495
F2 0.0021 104 135 282 520
E2 0.0021 85 185 304 426
A1 0.0020 91 95 319 369
C0 0.0019 48 151 192 270
A0 0.0018 4 -7 208 270
D2 0.0018 109 104 337 535
G3 0.0018 120 221 192 300
L0 0.0018 -5 232 377 498
C0 0.0017 18 156 306 311
C0 0.0017 38 134 235 306
G3 0.0017 97 267 215 322
C2 0.0017 226 108 290 138
C2 0.0017 0 86 36 269
C2 0.0016 219 398 267 463
D2 0.0016 -1 230 380 498
G3 0.0016 0 7 369 400
C2 0.0015 312 194 373 241
C2 0.0015 240 464 372 498
N0 0.0015 194 346 252 470
N0 0.0015 34 231 142 278
C2 0.0013 166 260 230 318
B3 0.0013 6 0 221 306
B2 0.0013 228 108 286 135
C0 0.0013 75 212 292 428
C2 0.0013 206 470 365 499
D2 0.0012 185 352 373 500
G3 0.0012 94 219 156 289
G3 0.0012 -5 238 378 499
C2 0.0012 -3 492 86 499
G3 0.0011 80 224 154 276
K0 0.0011 290 188 375 389
C2 0.0011 216 482 356 499
C3 0.0011 5 7 213 289
P0 0.0010 54 162 290 498
C2 0.0010 200 211 379 506
C2 0.0010 204 488 260 500
C2 0.0010 333 297 373 385
K0 0.0010 242 188 375 402
C3 0.0010 213 111 320 351
F0 0.0010 -5 244 370 499
C0 0.0010 144 160 364 520
K0 0.0010 1 8 84 131
R0 0.0010 298 56 374 341
D2 0.0010 326 306 373 386
C3 0.0010 80 198 298 414
K0 0.0010 4 -7 214 289
