H0 0.2634 122 244 306 395
K0 0.1657 211 131 309 257
A3 0.1002 211 131 310 257
B2 0.0915 122 248 303 395
A3 0.0900 123 240 298 399
C3 0.0390 211 130 310 256
H0 0.0339 210 131 311 256
C3 0.0277 288 367 318 393
H0 0.0181 151 130 319 264
R0 0.0161 5 68 368 391
E3 0.0156 116 238 311 393
K0 0.0118 124 247 298 396
R0 0.0104 119 88 331 271
Q0 0.0098 4 44 372 388
R0 0.0087 88 88 365 358
C2 0.0073 288 366 318 393
C2 0.0072 163 238 223 271
O0 0.0062 115 237 315 392
I0 0.0059 101 86 365 390
Q0 0.0055 -1 26 171 388
L0 0.0050 108 103 321 396
H0 0.0046 120 105 327 274
G0 0.0045 130 94 362 291
Q0 0.0045 123 1 369 36
K0 0.0043 234 262 305 394
Q0 0.0040 50 72 366 310
R0 0.0037 120 1 377 71
K0 0.0031 191 240 302 394
H3 0.0030 7 60 383 403
H3 0.0029 87 98 335 397
G3 0.0027 357 77 366 206
C2 0.0026 125 259 212 320
Q0 0.0025 132 98 361 290
K0 0.0025 163 237 248 291
R0 0.0024 1 19 172 393
A3 0.0023 116 112 328 265
K0 0.0022 123 255 220 393
A0 0.0020 105 110 322 401
B0 0.0020 112 115 316 397
Q0 0.0019 3 35 162 283
R0 0.0015 28 -1 371 85
B2 0.0014 244 254 276 278
B0 0.0013 115 236 318 396
K0 0.0013 219 110 354 291
G0 0.0012 71 0 355 45
C3 0.0010 243 254 276 279
E2 0.0010 99 382 119 393
