R0 0.4853 342 82 668 304
D0 0.1834 48 296 303 418
R0 0.1625 48 295 305 418
J0 0.1513 48 295 304 418
H3 0.0934 337 85 674 302
H3 0.0755 48 293 306 420
R0 0.0515 104 145 508 506
A0 0.0511 61 108 328 301
C0 0.0447 61 106 328 299
B2 0.0357 267 185 498 519
C3 0.0253 347 83 660 300
H3 0.0221 35 104 328 305
R0 0.0219 279 176 655 499
Q0 0.0190 2 53 693 512
R0 0.0188 1 53 704 517
R0 0.0163 88 8 577 566
H3 0.0151 87 54 553 496
A0 0.0143 70 43 573 516
C0 0.0138 90 60 541 502
Q0 0.0134 344 92 668 294
F2 0.0114 266 193 493 517
K0 0.0086 67 111 322 262
L0 0.0085 45 120 311 450
R0 0.0071 4 79 490 496
Q0 0.0070 28 94 329 294
Q0 0.0059 27 81 352 445
J0 0.0057 350 88 625 299
C0 0.0054 32 117 334 448
Q0 0.0054 65 273 294 431
H3 0.0045 41 171 497 516
C3 0.0044 35 82 329 310
R0 0.0044 256 75 687 510
B2 0.0041 261 183 629 512
C0 0.0034 72 294 305 415
C3 0.0032 373 150 624 294
J0 0.0032 273 204 642 512
R0 0.0031 -4 170 594 512
J0 0.0030 50 144 307 445
R0 0.0026 263 193 520 515
C0 0.0021 44 192 313 424
L0 0.0020 92 31 521 473
C0 0.0017 114 115 327 254
G3 0.0016 411 188 488 376
J0 0.0014 33 292 329 455
Q0 0.0014 257 78 684 473
R0 0.0014 376 75 656 518
D1 0.0013 236 181 662 508
Q0 0.0013 45 259 366 453
C0 0.0013 36 190 492 502
D1 0.0012 260 221 498 519
G0 0.0012 251 71 683 433
H3 0.0012 82 284 364 429
K0 0.0010 121 113 329 235
H3 0.0010 76 113 307 236
