C0 0.2722 315 246 328 289
D1 0.1961 5 143 246 206
B1 0.1384 210 155 276 214
B1 0.1009 114 153 272 215
B1 0.0616 156 154 243 214
D1 0.0441 -22 133 271 195
B0 0.0416 21 147 196 199
G3 0.0309 20 147 278 214
D1 0.0213 20 146 196 200
B1 0.0144 22 143 320 211
B0 0.0142 19 146 277 216
D1 0.0136 68 147 249 186
O0 0.0124 210 155 275 214
B1 0.0117 21 133 86 218
D1 0.0111 50 142 277 213
C0 0.0076 313 242 329 303
C3 0.0073 22 147 90 175
B3 0.0065 21 133 86 218
C0 0.0058 213 154 277 214
D1 0.0056 134 143 269 217
O0 0.0050 22 135 84 218
C0 0.0050 21 140 86 219
D1 0.0044 -44 140 305 185
B3 0.0038 214 153 276 215
B1 0.0036 173 155 277 214
R0 0.0030 7 176 326 328
G0 0.0026 14 147 279 216
G3 0.0022 20 146 216 203
B0 0.0021 313 241 326 298
L0 0.0021 18 140 202 187
B1 0.0020 210 156 233 211
B0 0.0018 -2 105 324 320
C0 0.0018 303 242 328 304
M0 0.0017 300 206 333 334
C0 0.0017 27 132 169 265
F2 0.0017 21 138 205 248
B0 0.0016 13 28 301 277
C3 0.0015 218 158 275 212
B3 0.0015 21 139 85 186
I3 0.0014 220 62 290 130
B1 0.0011 161 149 223 217
G0 0.0011 9 120 288 228
E3 0.0011 15 1 323 131
B3 0.0011 269 131 296 282
G0 0.0011 190 62 292 129
C0 0.0010 21 146 85 175
N0 0.0010 211 155 233 212
