E0 0.0426 13 77 321 392
B0 0.0385 13 73 320 393
G0 0.0373 8 63 319 392
O0 0.0266 19 74 322 395
H3 0.0255 12 76 320 391
L0 0.0246 13 75 319 392
Q0 0.0180 11 72 336 394
H3 0.0139 75 200 130 267
C3 0.0133 87 59 317 349
C3 0.0107 209 234 258 291
C2 0.0105 209 234 258 292
C0 0.0095 76 29 327 387
C3 0.0094 78 204 126 259
H3 0.0087 68 197 132 307
C0 0.0078 209 234 258 291
H3 0.0074 73 184 144 273
C0 0.0071 78 202 126 257
C0 0.0069 70 199 133 306
H3 0.0064 192 93 319 399
C0 0.0061 38 85 219 337
C0 0.0059 24 57 350 428
E0 0.0056 26 171 307 407
H3 0.0054 207 230 270 308
H3 0.0051 31 91 181 324
C2 0.0051 78 204 124 257
H3 0.0042 141 70 321 334
H3 0.0041 67 160 137 285
C0 0.0040 31 147 313 397
A2 0.0039 3 158 318 428
J0 0.0038 208 233 263 308
C3 0.0036 30 207 306 396
C0 0.0036 44 78 283 268
C0 0.0036 58 131 188 312
F2 0.0035 29 32 327 347
J0 0.0035 39 223 301 400
D1 0.0033 103 60 290 327
D1 0.0033 167 78 233 250
D1 0.0032 183 82 319 367
C3 0.0032 41 79 216 322
F2 0.0030 50 116 270 344
R0 0.0028 -16 0 341 55
D0 0.0027 208 234 262 307
C2 0.0027 180 114 213 178
C0 0.0027 46 62 273 368
C3 0.0026 68 197 137 308
R0 0.0026 38 225 302 397
H3 0.0025 45 85 272 262
D1 0.0024 150 75 249 277
C3 0.0023 21 60 277 332
L0 0.0022 47 114 260 333
C0 0.0020 200 221 287 310
C3 0.0019 152 62 323 384
I3 0.0018 208 233 269 307
C0 0.0018 101 112 278 313
Q0 0.0017 6 -1 347 31
C3 0.0017 28 84 267 261
C0 0.0016 170 77 230 189
C3 0.0016 183 204 213 225
J0 0.0015 202 224 277 310
C3 0.0015 63 189 149 342
K0 0.0015 -4 8 69 299
R0 0.0014 238 4 343 131
C0 0.0014 200 70 320 405
F2 0.0013 37 100 298 402
H3 0.0013 22 138 267 412
C0 0.0013 33 60 346 209
C3 0.0013 27 168 242 400
H3 0.0013 72 126 335 380
P0 0.0012 -2 -11 62 331
C0 0.0012 80 112 229 325
F2 0.0012 20 45 345 239
C3 0.0011 21 79 166 344
C0 0.0010 311 391 347 399
B2 0.0010 184 206 210 225
C0 0.0010 119 163 259 268
R0 0.0010 -1 3 333 94
C3 0.0010 81 203 125 228
A3 0.0010 -3 9 68 303
C3 0.0010 197 216 227 242
C2 0.0010 183 80 213 189
