C0 0.1268 1 268 177 358
A0 0.0842 152 66 434 435
B1 0.0709 3 268 175 358
H3 0.0507 148 41 424 447
K0 0.0485 163 30 435 296
H3 0.0403 1 268 179 358
H3 0.0245 173 26 456 345
A0 0.0221 1 21 455 491
A0 0.0210 167 31 439 330
L0 0.0206 0 22 453 493
C3 0.0204 147 67 444 430
C0 0.0198 154 137 437 508
H3 0.0169 2 21 460 498
K0 0.0141 162 32 331 281
H3 0.0128 156 142 420 501
B0 0.0112 4 267 175 356
L0 0.0102 -2 161 385 406
D0 0.0091 3 269 167 358
B0 0.0066 -1 22 454 500
L0 0.0064 -58 112 446 430
C0 0.0059 -18 165 414 430
F3 0.0047 54 481 454 529
F3 0.0039 33 437 424 524
Q0 0.0028 172 25 459 506
R0 0.0026 13 397 509 529
E0 0.0023 164 154 446 516
K0 0.0021 198 21 363 288
F3 0.0020 15 402 530 536
N0 0.0019 151 22 456 495
A0 0.0013 105 22 366 462
C0 0.0013 0 273 17 335
Q0 0.0013 6 28 221 211
C3 0.0012 236 39 454 432
B2 0.0012 505 170 549 486
F3 0.0011 38 479 336 524
Q0 0.0011 405 134 547 381
P0 0.0010 -11 10 415 479
E3 0.0010 437 249 546 515
Q0 0.0010 9 34 254 166
B0 0.0010 -3 21 414 327
C3 0.0010 -62 57 506 485
C3 0.0010 0 270 17 333
H3 0.0010 234 36 454 429
K0 0.0010 169 98 314 279
R0 0.0010 443 215 546 506
