H3 0.0891 19 17 285 205
C0 0.0880 30 15 264 232
B1 0.0435 42 145 231 216
C0 0.0390 53 143 228 216
D0 0.0344 41 145 231 216
C0 0.0337 268 171 302 217
K0 0.0316 14 191 76 216
D1 0.0313 28 142 236 218
B0 0.0159 12 12 273 217
K0 0.0158 28 149 90 174
K0 0.0150 40 134 232 214
E0 0.0135 27 36 250 221
C3 0.0131 14 193 75 217
B0 0.0130 12 172 241 216
C3 0.0113 268 174 303 218
B0 0.0112 11 146 237 217
F3 0.0089 11 146 234 216
C0 0.0083 268 136 302 217
K0 0.0080 13 146 90 218
C3 0.0064 37 53 242 218
C1 0.0060 10 173 239 216
G3 0.0058 11 146 239 215
C2 0.0052 159 95 186 125
K0 0.0049 48 83 232 215
C3 0.0047 35 65 95 103
C2 0.0041 138 200 164 218
C0 0.0039 21 42 232 192
B1 0.0039 2 18 292 223
G3 0.0036 22 191 302 224
K0 0.0035 18 142 229 188
C3 0.0035 29 148 90 173
K0 0.0029 14 180 78 215
B0 0.0028 14 189 285 219
L0 0.0028 14 47 252 220
F3 0.0026 3 176 310 263
J0 0.0026 130 -5 308 113
G3 0.0026 23 186 305 254
C0 0.0023 127 -2 300 112
L0 0.0022 270 98 302 223
K0 0.0021 34 65 96 101
C3 0.0020 54 26 118 62
C3 0.0018 130 2 297 114
F3 0.0018 33 198 296 259
F3 0.0016 9 213 285 261
K0 0.0016 30 14 284 162
R0 0.0016 130 -7 310 114
B0 0.0014 -13 172 327 256
C0 0.0014 87 22 270 203
C1 0.0012 11 147 243 215
B0 0.0012 0 162 269 243
K0 0.0012 2 -7 321 177
G3 0.0011 92 199 305 260
B0 0.0011 6 117 265 214
B0 0.0010 37 1 302 155
I3 0.0010 284 120 302 192
