B1 0.3746 584 -7 1029 403
B1 0.2796 862 332 1022 571
C0 0.2030 75 49 615 596
O0 0.1146 864 330 1024 571
D1 0.1116 590 -4 1030 427
K0 0.0972 63 55 580 598
D0 0.0843 600 -4 1025 421
B0 0.0607 863 328 1026 573
C3 0.0475 865 325 1024 574
C2 0.0467 602 521 874 573
C0 0.0410 599 -10 1018 417
K0 0.0371 74 84 424 585
B3 0.0283 862 326 1023 572
B0 0.0262 334 -50 630 566
P0 0.0204 865 326 1026 573
H3 0.0199 70 53 455 591
B1 0.0197 346 -55 642 570
C0 0.0195 343 196 571 310
C2 0.0191 -1 450 105 570
C0 0.0176 385 324 940 574
A0 0.0152 4 -9 1030 566
K0 0.0145 357 -16 635 554
B2 0.0137 388 516 894 574
C0 0.0120 866 323 1023 574
H3 0.0110 334 172 585 356
H3 0.0106 333 203 569 300
H3 0.0092 331 17 625 535
B1 0.0092 293 -18 1034 455
C3 0.0089 422 315 615 397
H3 0.0087 79 118 350 577
K0 0.0087 82 123 316 574
B1 0.0086 639 244 945 571
O0 0.0085 163 -8 1029 545
B0 0.0085 -3 -9 1034 567
C0 0.0084 260 65 620 573
O0 0.0082 69 17 615 572
N0 0.0079 65 20 613 579
B3 0.0075 315 3 627 550
K0 0.0072 242 -5 635 394
K0 0.0072 347 260 610 541
K0 0.0071 292 30 433 239
K0 0.0067 340 202 563 290
C0 0.0067 351 287 613 545
C2 0.0063 875 343 1027 578
G0 0.0061 530 -2 1020 409
C0 0.0061 614 332 887 567
A0 0.0058 33 14 631 569
K0 0.0056 280 -71 926 568
H3 0.0055 120 20 587 594
K0 0.0053 382 310 605 408
N0 0.0052 888 337 1026 577
B1 0.0052 858 160 1026 601
B0 0.0051 342 -13 1029 554
B1 0.0051 449 -20 915 445
H3 0.0050 247 -25 1013 462
C0 0.0047 376 310 613 407
D2 0.0047 606 520 893 572
R0 0.0047 640 258 945 571
K0 0.0046 272 201 607 516
J0 0.0044 642 280 934 567
B2 0.0043 380 464 897 571
K0 0.0039 279 27 462 330
G0 0.0039 261 0 1017 505
C3 0.0038 332 210 584 291
K0 0.0037 306 45 570 354
D2 0.0036 396 516 868 573
N0 0.0036 390 -3 1030 481
F2 0.0036 364 482 900 572
F2 0.0035 381 367 903 573
C3 0.0034 355 429 609 540
C2 0.0033 372 527 583 572
C2 0.0031 420 315 610 396
H3 0.0029 351 430 609 537
C0 0.0028 639 262 938 571
B2 0.0026 374 409 885 572
H3 0.0025 250 -3 626 365
B3 0.0022 741 279 1037 576
C3 0.0020 -1 447 106 576
C0 0.0020 848 131 1026 601
K0 0.0019 117 8 585 481
P0 0.0018 857 191 1025 594
K0 0.0017 174 153 570 404
K0 0.0017 447 -4 824 485
C0 0.0017 356 418 610 532
C0 0.0017 763 261 945 567
C3 0.0016 589 520 891 574
C0 0.0016 617 105 962 602
B1 0.0015 759 259 940 569
G3 0.0015 422 316 607 396
O0 0.0015 723 320 1028 570
C3 0.0015 421 311 613 458
C0 0.0015 760 183 1024 588
K0 0.0014 -1 448 106 573
H3 0.0014 164 -116 997 621
B1 0.0014 732 -9 1016 363
K0 0.0013 582 77 760 416
N0 0.0013 627 -2 1027 575
O0 0.0013 836 293 1026 695
C3 0.0012 583 86 760 418
Q0 0.0012 5 0 605 546
K0 0.0012 287 -86 644 600
C0 0.0011 513 107 919 622
C0 0.0010 723 26 1019 397
A3 0.0010 -2 447 106 572
K0 0.0010 95 406 661 558
C2 0.0010 591 523 791 570
B1 0.0010 577 46 769 416
N0 0.0010 849 53 1029 593
K0 0.0010 87 140 247 541
