G3 0.1592 163 29 410 639
C0 0.0642 169 37 270 138
D1 0.0431 166 15 391 427
B0 0.0387 166 23 377 415
K0 0.0363 190 60 398 496
C0 0.0352 167 9 387 440
R0 0.0240 12 18 419 645
C3 0.0188 168 34 274 139
B0 0.0152 186 12 416 642
C0 0.0128 193 94 413 450
G3 0.0115 168 32 389 463
C2 0.0115 168 38 275 137
B3 0.0095 161 2 386 454
K0 0.0091 247 173 396 494
K0 0.0089 332 286 391 499
Q0 0.0083 61 4 419 649
R0 0.0082 -1 349 394 652
B0 0.0082 33 12 430 644
D0 0.0081 172 36 271 139
D1 0.0074 169 34 351 358
Q0 0.0074 3 356 374 650
P0 0.0068 178 48 404 507
N0 0.0059 170 31 389 493
B0 0.0057 169 39 337 293
K0 0.0056 338 342 389 502
B3 0.0054 171 37 272 142
C0 0.0052 170 37 338 292
R0 0.0051 0 475 373 645
C1 0.0046 181 11 407 650
R0 0.0038 160 21 651 652
E3 0.0037 396 451 588 637
Q0 0.0036 24 367 269 643
C0 0.0034 336 348 388 503
Q0 0.0034 132 -1 632 646
K0 0.0034 170 9 354 387
Q0 0.0032 14 473 307 642
N0 0.0031 170 37 273 139
R0 0.0029 164 9 417 650
Q0 0.0027 173 41 418 478
Q0 0.0026 459 54 641 273
N0 0.0022 337 346 390 490
C0 0.0021 170 30 297 256
Q0 0.0021 404 394 580 647
K0 0.0019 319 240 395 521
E3 0.0017 381 501 609 646
E3 0.0017 301 514 633 648
N0 0.0016 204 89 327 282
R0 0.0014 21 349 204 631
E3 0.0013 32 512 443 645
K0 0.0012 316 271 404 637
E3 0.0011 437 386 560 638
Q0 0.0011 40 -3 567 50
Q0 0.0010 295 431 630 649
R0 0.0010 207 516 240 546
G3 0.0010 178 40 357 363
B3 0.0010 170 30 348 348
