C0 0.1231 15 358 163 565
L0 0.0964 77 278 285 559
C0 0.0557 18 277 289 573
L0 0.0452 57 259 520 587
C0 0.0401 20 313 206 568
C0 0.0375 11 161 221 595
K0 0.0315 73 275 287 572
C0 0.0305 68 264 451 585
C2 0.0270 15 361 158 554
L0 0.0254 4 154 281 579
R0 0.0245 -2 112 566 1013
R0 0.0182 -34 799 584 1022
C3 0.0152 17 359 161 564
K0 0.0150 18 357 164 568
R0 0.0094 13 243 515 722
C0 0.0073 68 264 504 740
L0 0.0055 45 188 388 572
N0 0.0050 19 369 150 561
G3 0.0046 76 319 219 548
Q0 0.0046 10 262 534 730
A2 0.0046 72 264 540 747
C0 0.0044 143 261 494 499
R0 0.0040 -18 587 530 1032
C0 0.0040 186 266 407 437
P0 0.0038 1 140 265 589
N0 0.0037 77 291 245 552
C0 0.0036 117 262 404 482
E3 0.0034 -13 922 601 1024
G3 0.0029 146 390 241 568
K0 0.0029 1 109 225 614
C0 0.0028 2 492 25 565
K0 0.0027 -2 141 259 390
G3 0.0025 91 292 257 515
E3 0.0025 7 297 579 987
C0 0.0025 103 233 595 608
E3 0.0022 -16 893 535 1015
E0 0.0021 70 265 522 743
G0 0.0020 -30 793 693 1030
C2 0.0020 400 309 537 406
G3 0.0020 1 145 269 563
B2 0.0019 1 145 261 393
K0 0.0018 3 355 77 574
K0 0.0018 122 349 267 599
H0 0.0017 -3 141 269 557
C3 0.0017 0 490 26 562
K0 0.0017 64 276 382 661
B2 0.0016 0 146 268 540
Q0 0.0016 188 0 640 82
C0 0.0015 725 310 798 559
G0 0.0014 40 933 621 1024
E3 0.0014 -13 803 495 1012
E3 0.0014 127 950 403 1016
K0 0.0013 35 265 439 747
C2 0.0013 430 572 510 645
E3 0.0013 1 149 268 571
R0 0.0012 85 554 436 903
C0 0.0012 13 361 332 604
E3 0.0011 -1 4 271 403
Q0 0.0011 4 5 267 404
R0 0.0011 410 645 815 1021
G0 0.0010 236 0 633 79
K0 0.0010 2 136 339 585
