D1 0.2748 295 167 585 243
C0 0.2007 92 154 275 290
L0 0.1109 92 155 278 290
L0 0.1088 57 144 478 297
G3 0.1057 301 167 576 242
C0 0.1042 53 145 472 295
C0 0.0411 89 152 370 293
L0 0.0357 290 158 582 240
Q0 0.0292 93 157 273 284
G3 0.0246 96 156 582 284
B0 0.0211 90 152 573 296
C0 0.0084 238 178 422 255
C3 0.0080 300 189 384 241
N0 0.0078 152 162 261 273
C0 0.0078 155 157 274 286
G3 0.0070 257 179 539 240
C2 0.0066 301 189 380 240
G3 0.0066 303 189 390 241
G3 0.0052 263 152 585 267
R0 0.0050 98 153 279 287
C3 0.0047 158 178 278 276
G3 0.0044 332 181 567 226
G3 0.0043 296 188 436 240
C0 0.0039 302 186 386 244
G3 0.0034 356 185 531 224
R0 0.0033 83 124 291 328
G3 0.0032 319 126 577 248
B0 0.0028 17 104 585 405
R0 0.0028 226 288 565 461
B0 0.0027 296 177 553 240
Q0 0.0024 91 143 329 295
R0 0.0022 -13 -5 469 177
G3 0.0021 272 171 638 233
R0 0.0021 14 -3 583 330
C1 0.0021 76 141 560 287
H0 0.0020 -4 -63 132 189
O0 0.0020 2 356 166 498
G3 0.0018 340 188 493 234
L0 0.0017 77 88 505 329
D1 0.0017 300 186 386 243
E3 0.0016 213 278 569 447
G3 0.0015 150 150 227 277
G3 0.0015 310 188 530 230
E3 0.0014 237 295 559 497
C1 0.0014 96 157 356 285
Q0 0.0013 74 103 302 332
D1 0.0013 354 165 568 233
C1 0.0013 50 2 580 321
G3 0.0013 389 176 581 224
G3 0.0013 159 156 210 264
L0 0.0012 318 94 556 236
L0 0.0012 362 118 513 215
B0 0.0011 298 156 582 297
G0 0.0011 340 -25 578 161
C1 0.0011 43 -2 518 176
B0 0.0011 43 349 163 500
M0 0.0010 5 370 151 490
G3 0.0010 394 190 471 221
G0 0.0010 51 -13 488 164
R0 0.0010 294 -24 585 163
