C0 0.9500 134 70 304 218
C0 0.9227 19 3 206 202
C0 0.1733 0 131 35 217
C0 0.1350 135 153 243 217
N0 0.0875 0 111 36 219
D0 0.0527 0 135 35 218
C0 0.0398 0 64 35 228
J0 0.0235 137 153 241 217
C3 0.0216 0 21 37 220
C0 0.0065 0 -3 38 222
C3 0.0063 138 152 242 218
J0 0.0047 78 185 141 218
C0 0.0045 277 43 305 130
D0 0.0044 73 185 136 218
C0 0.0042 245 130 304 268
Q0 0.0040 0 -23 39 226
C0 0.0038 71 184 135 218
C0 0.0024 274 57 305 222
J0 0.0024 95 185 132 216
D2 0.0021 0 38 38 227
J0 0.0018 76 185 179 218
C0 0.0016 52 64 281 217
C3 0.0013 263 87 303 277
C0 0.0013 13 154 254 218
D0 0.0012 71 181 159 218
C3 0.0011 244 148 304 257
C0 0.0010 196 52 303 218
