C2 0.3820 180 489 285 587
C2 0.3701 343 535 458 637
E0 0.1124 78 342 541 774
G3 0.0882 15 346 191 460
H3 0.0609 68 334 548 773
K0 0.0596 -4 348 183 463
G3 0.0476 272 -1 535 407
B0 0.0436 61 340 563 772
C3 0.0408 343 541 455 638
C3 0.0389 0 346 182 464
C0 0.0351 66 335 569 781
C3 0.0348 88 364 493 768
D1 0.0316 285 -5 528 412
L0 0.0258 -18 -5 593 795
A0 0.0228 -17 -4 595 790
G3 0.0211 321 282 370 407
H3 0.0205 12 208 586 768
B2 0.0202 298 14 538 420
G3 0.0146 -5 -5 551 416
C3 0.0145 287 3 527 414
C2 0.0140 0 341 20 415
C3 0.0129 345 571 450 637
C0 0.0127 -18 209 607 782
F2 0.0123 -8 307 497 460
L0 0.0120 -12 -6 552 416
B3 0.0092 293 6 532 412
A0 0.0092 -9 328 597 799
C2 0.0087 345 568 448 636
K0 0.0078 -25 305 490 471
C0 0.0068 75 299 535 456
C2 0.0064 -3 354 190 461
D2 0.0060 -21 0 538 413
Q0 0.0060 282 2 539 412
C3 0.0057 353 371 433 423
P0 0.0055 269 4 513 411
C0 0.0053 72 284 550 518
F2 0.0050 274 326 611 556
C0 0.0048 50 243 578 674
K0 0.0045 59 327 474 758
E0 0.0044 161 442 511 788
Q0 0.0043 -35 3 535 419
K0 0.0043 -11 312 328 465
C0 0.0037 278 322 611 550
G3 0.0036 277 336 389 398
N0 0.0024 309 141 411 417
H3 0.0024 -10 -6 610 814
B3 0.0023 0 347 185 464
G3 0.0023 92 133 129 257
H3 0.0021 201 331 625 811
C0 0.0021 267 270 441 454
Q0 0.0021 -74 35 218 314
F2 0.0020 313 -12 544 415
C3 0.0019 190 500 282 587
G3 0.0018 337 371 432 423
C3 0.0018 277 346 388 404
C2 0.0018 184 523 280 589
K0 0.0017 -35 280 532 434
G3 0.0017 279 350 356 399
F3 0.0017 -91 716 508 795
F2 0.0017 206 -9 523 426
L0 0.0016 -15 85 521 544
O0 0.0016 43 98 162 277
G3 0.0016 311 127 406 415
H3 0.0016 286 19 541 410
K0 0.0015 60 309 347 397
C3 0.0014 176 466 525 790
C3 0.0013 276 350 331 399
D0 0.0013 297 4 321 61
F3 0.0013 -77 49 180 274
G3 0.0013 276 351 330 398
G3 0.0013 275 294 388 407
B0 0.0012 271 60 568 388
K0 0.0012 12 306 445 407
G3 0.0012 524 50 566 99
C0 0.0012 313 277 398 428
B2 0.0011 177 -20 517 428
C3 0.0010 264 422 575 783
L0 0.0010 287 306 609 428
R0 0.0010 -7 319 606 805
