B0 0.2731 -39 -7 435 335
K0 0.2141 8 49 422 339
L0 0.1718 -81 24 409 333
K0 0.0938 -53 -38 509 393
B0 0.0683 100 1 440 209
L0 0.0614 4 -1 428 395
C0 0.0407 0 37 472 368
A0 0.0352 3 -1 428 396
B1 0.0306 108 11 435 218
B1 0.0299 77 37 438 378
K0 0.0266 3 136 232 320
K0 0.0243 67 9 442 397
C2 0.0193 325 257 380 301
B1 0.0184 -78 -6 554 289
D1 0.0175 15 18 466 256
N0 0.0140 -2 -2 423 387
K0 0.0136 12 73 301 342
B0 0.0098 -104 -8 557 289
H3 0.0093 1 -2 447 402
B1 0.0085 236 67 399 398
C3 0.0066 287 229 324 305
K0 0.0065 196 29 412 389
C0 0.0062 241 147 396 399
A0 0.0054 12 -2 298 202
K0 0.0048 240 154 396 397
C0 0.0046 -69 -5 553 272
E3 0.0046 2 0 444 200
C2 0.0045 286 224 324 301
C0 0.0044 52 90 444 423
C0 0.0035 144 13 436 347
E3 0.0030 0 -1 307 189
B0 0.0027 101 -29 455 380
B1 0.0027 200 -2 425 198
H3 0.0026 137 -23 442 374
G3 0.0024 300 306 334 388
A0 0.0020 0 -1 402 234
K0 0.0018 73 222 218 336
Q0 0.0018 -5 -1 282 100
R0 0.0017 0 294 447 449
A0 0.0017 -31 24 297 307
R0 0.0017 -2 0 286 99
D2 0.0017 341 368 444 445
H3 0.0016 291 0 417 166
E3 0.0016 0 1 100 166
G3 0.0016 287 230 323 302
K0 0.0015 133 77 422 421
C0 0.0015 236 42 406 377
E3 0.0015 246 290 449 409
H3 0.0014 210 0 423 181
K0 0.0014 388 46 446 341
Q0 0.0014 3 2 435 194
R0 0.0013 2 77 447 447
R0 0.0012 -3 -1 432 125
K0 0.0012 -76 16 366 323
R0 0.0012 -1 207 442 444
D2 0.0011 346 393 442 447
K0 0.0011 403 -4 446 368
K0 0.0010 17 200 217 325
