C2 0.3570 140 271 204 338
C2 0.1144 107 301 150 379
F2 0.0795 10 297 171 395
D2 0.0624 33 180 207 387
A0 0.0620 49 29 356 286
K0 0.0507 42 53 331 249
D2 0.0490 140 272 207 339
E2 0.0488 140 271 207 338
K0 0.0466 129 139 344 418
K0 0.0411 -19 29 406 255
K0 0.0347 100 6 361 269
K0 0.0325 41 82 272 303
C2 0.0323 115 268 211 388
L0 0.0322 27 0 364 310
F2 0.0320 36 86 268 308
K0 0.0302 34 194 214 380
K0 0.0300 191 113 350 406
K0 0.0280 91 211 168 313
C0 0.0275 64 109 278 292
D0 0.0268 171 140 249 213
E3 0.0257 21 -2 365 308
D2 0.0236 109 272 209 382
G3 0.0222 107 302 150 376
K0 0.0179 14 95 430 448
C0 0.0178 62 123 379 418
A0 0.0177 7 1 368 405
C2 0.0155 0 264 25 327
E2 0.0153 105 271 210 382
F2 0.0150 79 111 309 321
D2 0.0149 107 298 156 378
G3 0.0145 169 145 254 214
D2 0.0145 7 188 169 382
C0 0.0132 171 139 251 212
E0 0.0131 138 178 346 411
D2 0.0130 -13 172 237 375
C0 0.0128 162 136 253 244
B2 0.0125 23 88 225 323
Q0 0.0111 0 0 366 160
F2 0.0110 9 219 161 399
B2 0.0107 0 293 169 407
C0 0.0099 95 32 344 286
C2 0.0098 0 230 34 305
E2 0.0097 107 301 151 379
D2 0.0096 -4 -3 368 403
D2 0.0095 82 214 211 389
C0 0.0094 39 60 298 265
D2 0.0085 -16 68 207 395
F2 0.0078 3 294 250 400
A3 0.0075 140 150 344 422
D2 0.0074 60 266 211 382
C0 0.0073 2 55 445 471
D2 0.0069 21 243 219 383
F2 0.0065 17 57 416 452
E2 0.0065 2 294 165 409
D2 0.0064 -2 152 135 345
K0 0.0064 29 168 94 230
D2 0.0063 23 190 140 347
K0 0.0058 161 79 365 445
D2 0.0058 10 91 234 348
C0 0.0055 35 109 367 302
C2 0.0050 141 281 191 335
E2 0.0050 2 332 156 407
H3 0.0048 11 -2 370 323
D2 0.0047 -1 84 145 377
G3 0.0046 27 166 96 229
E3 0.0046 104 0 367 404
C0 0.0045 196 78 367 365
C2 0.0043 93 212 132 275
C0 0.0042 134 116 311 279
C3 0.0038 167 146 253 213
C0 0.0035 145 79 300 235
G3 0.0035 0 262 31 330
K0 0.0034 91 209 208 308
K0 0.0033 67 189 196 335
R0 0.0033 207 72 369 336
K0 0.0031 21 77 276 239
K0 0.0030 0 223 81 330
D2 0.0029 33 277 184 383
F2 0.0029 60 114 347 407
D2 0.0029 0 220 79 330
K0 0.0029 9 76 123 371
P0 0.0027 184 69 362 380
C3 0.0026 296 167 365 391
Q0 0.0026 1 0 215 154
D2 0.0025 10 251 168 390
R0 0.0024 1 -2 374 214
E2 0.0023 41 295 222 397
K0 0.0022 11 106 393 323
H3 0.0022 2 50 367 408
G3 0.0021 93 213 132 274
K0 0.0020 275 0 365 129
G3 0.0019 90 263 155 306
K0 0.0018 107 45 392 483
K0 0.0017 145 -17 391 290
Q0 0.0016 8 0 363 275
Q0 0.0016 -1 1 282 67
C0 0.0015 296 162 365 393
C2 0.0015 97 214 131 255
D1 0.0014 204 65 368 323
C2 0.0014 138 263 213 357
K0 0.0013 31 99 130 231
K0 0.0013 23 118 123 279
A2 0.0013 24 84 247 235
R0 0.0012 -1 -1 278 154
Q0 0.0012 1 298 245 407
K0 0.0012 147 41 346 285
K0 0.0012 25 66 211 334
B2 0.0011 50 115 267 321
R0 0.0011 1 321 251 406
Q0 0.0011 0 50 218 390
Q0 0.0010 3 340 245 404
E2 0.0010 137 226 209 352
A0 0.0010 79 0 395 245
G3 0.0010 91 238 155 308
E2 0.0010 69 123 335 420
L0 0.0010 102 0 280 102
