K0 0.3208 338 189 545 470
E2 0.2138 372 -4 510 190
K0 0.2096 622 56 716 314
C3 0.1412 371 -5 509 189
E0 0.0915 98 40 647 639
C2 0.0816 371 -3 508 164
K0 0.0485 368 -2 508 190
E2 0.0378 318 173 665 562
H3 0.0370 -8 -7 407 186
C3 0.0302 623 55 716 314
B3 0.0284 337 187 551 475
H3 0.0278 97 -11 658 576
P0 0.0251 337 185 571 499
C3 0.0243 333 536 411 615
E0 0.0201 87 -9 891 615
C2 0.0194 716 406 801 475
K0 0.0180 587 4 718 308
D0 0.0162 -3 -5 407 187
C3 0.0130 0 -10 399 189
P0 0.0120 314 167 651 560
E2 0.0103 423 289 604 511
E2 0.0095 339 185 585 504
C2 0.0093 335 535 409 615
G3 0.0089 634 89 717 311
C2 0.0087 719 595 810 618
E2 0.0083 456 312 591 486
E2 0.0081 305 301 687 569
F2 0.0079 295 187 692 604
H3 0.0074 107 -11 895 615
K0 0.0072 232 162 563 498
Q0 0.0069 2 134 345 615
E2 0.0067 222 -24 739 441
D2 0.0067 62 -5 883 609
B1 0.0066 -16 -4 417 185
Q0 0.0062 593 -2 889 352
G3 0.0053 0 117 23 233
E0 0.0053 -6 -9 378 188
N0 0.0045 365 187 536 434
C3 0.0041 717 594 809 617
C0 0.0040 0 107 23 235
Q0 0.0039 50 -7 894 598
C3 0.0036 361 197 536 443
R0 0.0032 7 98 335 625
E0 0.0029 214 -36 730 445
G3 0.0028 0 43 24 254
H3 0.0026 496 57 885 624
E0 0.0026 233 159 583 513
E2 0.0025 245 278 754 623
K0 0.0025 593 0 814 187
C3 0.0025 106 48 568 606
E2 0.0025 414 308 674 559
D2 0.0024 553 507 605 555
G3 0.0023 281 589 898 754
K0 0.0022 -6 -4 417 179
C3 0.0021 0 118 24 230
F3 0.0021 403 588 885 756
C3 0.0019 553 502 611 556
C3 0.0019 853 572 891 616
K0 0.0018 297 -27 604 518
K0 0.0018 629 36 747 333
C2 0.0017 458 311 581 487
H3 0.0017 177 0 361 266
H3 0.0017 135 0 541 299
H3 0.0017 664 -9 888 341
F3 0.0016 121 602 892 756
C3 0.0015 543 47 719 317
K0 0.0014 545 44 715 318
Q0 0.0013 734 12 890 322
Q0 0.0013 -6 0 402 179
E0 0.0012 190 61 599 536
F2 0.0012 442 313 679 562
B2 0.0012 552 507 607 556
D2 0.0012 552 497 620 556
C0 0.0011 123 -5 376 239
B2 0.0011 809 562 891 615
E2 0.0011 330 -3 746 330
E2 0.0011 8 -130 350 -4
H3 0.0011 131 -27 581 441
D2 0.0010 563 -136 631 -88
E2 0.0010 -9 -135 374 113
