C0 0.9649 184 67 334 209
C0 0.9554 2 6 246 143
C0 0.5440 159 1 323 45
C0 0.1294 185 167 218 193
C0 0.0878 279 189 333 219
C0 0.0590 242 189 334 220
C0 0.0211 271 1 321 31
C0 0.0102 215 179 334 220
C0 0.0097 270 186 335 278
J0 0.0069 308 0 334 36
C0 0.0038 307 0 335 37
C0 0.0033 173 2 336 147
J0 0.0032 164 2 313 46
C0 0.0024 4 78 232 221
J0 0.0021 117 168 219 219
C0 0.0021 174 184 341 219
C0 0.0018 213 3 287 45
C0 0.0018 303 191 334 277
C0 0.0017 295 0 333 37
J0 0.0015 144 191 214 221
C0 0.0010 30 3 327 207
