D0 0.3731 161 97 795 506
B0 0.0506 200 100 773 510
C0 0.0444 104 88 861 489
B0 0.0416 4 92 896 563
N0 0.0362 -1 20 894 577
C2 0.0343 710 253 859 377
D2 0.0332 712 258 861 379
C0 0.0328 -5 100 761 555
B1 0.0225 228 103 761 509
M0 0.0204 0 91 837 564
C2 0.0134 566 148 659 220
C3 0.0112 566 148 660 221
D1 0.0104 71 84 880 507
G3 0.0091 701 371 880 408
C0 0.0088 339 -2 894 449
B1 0.0078 21 166 377 573
C0 0.0071 244 102 774 528
C2 0.0065 21 385 165 547
H0 0.0061 348 -3 899 413
D0 0.0054 430 108 766 519
C0 0.0052 481 111 751 516
B0 0.0049 23 96 535 580
D0 0.0047 -140 100 976 506
C0 0.0039 -247 76 1085 517
C3 0.0032 31 390 172 553
B0 0.0028 294 -8 921 419
C0 0.0027 53 144 495 577
C2 0.0025 479 464 635 599
C2 0.0020 411 186 518 400
C2 0.0018 346 468 485 580
K0 0.0016 4 375 147 680
C0 0.0016 651 113 750 515
H0 0.0015 3 -15 685 676
N0 0.0015 655 104 745 457
B0 0.0015 227 18 887 611
C2 0.0014 390 201 500 397
D0 0.0014 651 109 751 521
C0 0.0014 15 307 353 564
B2 0.0014 306 413 552 606
M0 0.0014 -7 -30 724 684
D1 0.0013 15 120 374 579
B2 0.0012 258 405 618 608
C2 0.0012 486 490 611 601
D2 0.0012 767 268 842 367
C0 0.0012 3 100 377 591
C2 0.0011 253 422 361 524
G3 0.0011 654 365 847 411
L0 0.0010 883 569 993 842
C2 0.0010 121 325 363 467
