Q0 0.0969 128 0 284 49
K0 0.0832 142 222 229 317
K0 0.0785 57 99 118 179
D1 0.0536 45 73 234 239
Q0 0.0445 154 0 274 67
K0 0.0422 127 62 180 156
Q0 0.0295 135 0 270 37
B2 0.0273 127 61 181 157
B0 0.0255 49 69 231 245
H3 0.0215 46 60 235 265
O0 0.0214 42 59 273 314
O0 0.0205 46 60 251 233
C0 0.0192 36 68 239 249
K0 0.0185 46 37 223 272
D0 0.0159 127 62 182 157
C3 0.0158 57 98 119 180
K0 0.0145 52 61 203 197
H3 0.0143 57 62 200 183
C3 0.0117 130 70 181 149
C0 0.0091 58 63 196 188
C3 0.0078 22 81 266 244
G3 0.0070 127 68 178 143
Q0 0.0064 167 6 274 89
Q0 0.0059 48 60 253 234
K0 0.0058 55 93 129 224
K0 0.0051 74 93 191 182
K0 0.0049 55 96 165 182
K0 0.0043 91 219 246 319
N0 0.0043 131 70 181 149
M0 0.0042 37 53 277 319
G3 0.0042 60 108 117 174
K0 0.0041 95 105 167 172
K0 0.0040 124 56 207 190
N0 0.0030 47 55 270 303
K0 0.0027 91 55 241 231
Q0 0.0023 180 15 274 109
N0 0.0022 58 103 107 168
K0 0.0019 68 60 192 159
Q0 0.0018 132 253 287 318
K0 0.0018 133 210 287 319
K0 0.0016 140 161 270 317
Q0 0.0016 13 8 123 97
C3 0.0014 111 115 136 141
Q0 0.0014 64 0 277 33
Q0 0.0014 117 281 287 318
K0 0.0013 56 84 86 179
R0 0.0013 1 220 188 319
O0 0.0013 141 223 249 318
Q0 0.0013 54 277 65 289
K0 0.0011 53 91 169 230
Q0 0.0011 138 217 282 318
F2 0.0011 3 0 184 27
F2 0.0010 53 213 249 321
L0 0.0010 66 60 196 150
