C0 0.1013 -8 284 353 492
C0 0.0885 61 236 464 628
L0 0.0807 -6 281 355 493
D1 0.0672 -4 284 351 493
C0 0.0374 104 208 455 537
C0 0.0295 20 138 490 695
C2 0.0259 136 594 273 685
C3 0.0137 0 569 68 628
C3 0.0115 219 322 377 418
O0 0.0112 0 177 463 618
C0 0.0110 91 379 377 487
C0 0.0103 107 394 343 448
C2 0.0102 217 328 366 416
C2 0.0100 0 571 68 628
G3 0.0099 135 403 293 437
C3 0.0091 144 296 215 362
L0 0.0084 -1 190 359 511
C2 0.0073 221 335 312 415
D1 0.0068 85 280 332 461
C3 0.0060 21 509 71 565
C0 0.0060 102 266 352 506
D1 0.0058 55 365 368 496
G3 0.0057 160 289 314 415
C2 0.0055 292 396 368 453
C0 0.0050 118 277 369 440
B2 0.0048 144 296 214 361
B0 0.0047 -4 178 464 613
C3 0.0045 119 -4 434 270
C0 0.0041 76 355 453 620
C2 0.0035 292 403 347 447
C2 0.0033 58 310 125 401
N0 0.0029 1 180 465 624
C3 0.0027 121 333 192 389
C0 0.0026 25 209 348 505
C3 0.0025 15 386 166 485
C2 0.0024 125 286 211 360
C0 0.0022 -32 3 161 247
G3 0.0022 135 303 289 418
C2 0.0021 126 288 188 337
C3 0.0021 66 318 125 400
C3 0.0021 137 591 268 692
H3 0.0020 1 180 374 469
B2 0.0019 311 472 377 531
D1 0.0019 2 167 408 430
C2 0.0018 223 348 291 414
C2 0.0017 273 214 384 291
F2 0.0017 124 -3 430 261
C3 0.0016 0 543 78 631
B2 0.0016 118 -4 436 268
B2 0.0015 0 569 68 628
B2 0.0014 127 288 196 344
C0 0.0014 129 -3 434 265
Q0 0.0013 3 4 447 265
C3 0.0013 147 403 292 437
C0 0.0012 10 188 396 430
K0 0.0012 138 593 269 686
C2 0.0011 277 213 349 275
B2 0.0011 125 287 182 336
C3 0.0010 -1 213 42 269
H3 0.0010 -24 13 475 727
