L0 0.5556 65 57 228 127
K0 0.1185 81 58 238 138
L0 0.0978 9 56 250 132
K0 0.0250 167 82 248 142
K0 0.0142 20 56 240 126
L0 0.0106 31 55 182 128
K0 0.0103 38 100 106 127
K0 0.0101 133 62 237 143
B0 0.0088 33 57 250 140
C0 0.0086 73 54 130 100
K0 0.0079 71 56 140 101
K0 0.0062 63 58 175 102
C1 0.0059 31 59 247 134
I3 0.0047 223 175 257 192
E0 0.0044 32 54 167 126
C0 0.0039 85 60 237 151
E0 0.0030 52 58 187 106
G3 0.0026 38 109 76 127
Q0 0.0024 29 57 250 141
L0 0.0023 53 55 236 159
B1 0.0021 32 55 252 139
K0 0.0018 32 82 105 128
I3 0.0017 219 151 259 230
K0 0.0017 170 100 245 142
Q0 0.0017 18 2 255 153
K0 0.0016 141 70 234 127
Q0 0.0016 35 -12 188 95
I3 0.0016 221 170 257 224
G3 0.0015 219 -25 246 22
K0 0.0014 35 55 137 128
L0 0.0013 65 40 223 114
K0 0.0012 179 81 228 121
Q0 0.0011 18 -15 244 91
Q0 0.0010 68 -34 185 -2
C0 0.0010 38 100 99 129
