H3 0.2665 6 182 178 311
C0 0.1387 3 180 183 313
C0 0.0953 197 255 361 436
C0 0.0910 -7 170 277 362
C0 0.0826 165 253 240 343
G0 0.0624 3 170 368 444
C3 0.0591 163 255 244 340
C0 0.0523 107 202 376 419
H3 0.0495 2 167 289 362
R0 0.0332 0 166 371 445
H3 0.0327 196 264 370 445
H3 0.0316 9 182 125 298
L0 0.0281 1 168 369 445
C0 0.0271 165 239 265 381
C0 0.0210 15 165 380 372
H3 0.0205 97 169 378 429
Q0 0.0183 -2 3 388 168
B0 0.0074 2 168 385 451
C0 0.0069 134 218 258 348
G0 0.0060 0 39 370 460
R0 0.0059 -16 0 391 162
Q0 0.0052 -30 1 389 68
J0 0.0038 8 180 181 310
C0 0.0035 -22 179 323 428
N0 0.0033 0 159 387 444
H3 0.0028 0 18 379 460
C0 0.0025 50 225 283 359
C3 0.0021 256 298 309 334
J0 0.0017 199 271 368 447
Q0 0.0015 159 8 383 158
C2 0.0013 250 295 322 374
C2 0.0012 256 298 310 333
F2 0.0010 238 0 389 26
R0 0.0010 337 0 446 18
