D0 0.4788 243 219 345 280
C0 0.3232 242 219 346 279
R0 0.0849 9 61 313 311
L0 0.0731 -1 48 413 357
C0 0.0669 233 142 354 241
H3 0.0532 197 80 407 257
C0 0.0417 223 185 347 280
A0 0.0415 2 45 392 310
D0 0.0388 293 130 410 213
C0 0.0340 227 125 381 245
C0 0.0332 221 106 412 261
C0 0.0297 194 52 365 308
H3 0.0287 232 132 352 250
H3 0.0281 223 100 354 270
C0 0.0270 293 130 410 214
R0 0.0214 31 61 354 255
C0 0.0191 218 133 356 292
N0 0.0179 247 221 345 276
R0 0.0173 -1 52 390 376
H3 0.0163 285 128 409 215
R0 0.0143 1 315 415 416
J0 0.0131 295 129 409 213
R0 0.0130 -1 363 414 417
B0 0.0121 3 368 412 417
B0 0.0111 -1 48 418 359
H3 0.0104 229 117 415 243
C0 0.0096 222 196 333 263
Q0 0.0091 0 49 357 347
C0 0.0091 74 58 374 307
C3 0.0088 243 222 347 277
C0 0.0076 177 73 414 254
C0 0.0074 226 196 309 237
H3 0.0063 0 52 418 390
D1 0.0047 -3 372 323 418
R0 0.0040 -5 264 427 418
H3 0.0040 90 49 359 292
H0 0.0039 5 53 293 343
C0 0.0038 261 89 410 221
Q0 0.0034 204 84 413 284
K0 0.0031 192 64 375 268
D0 0.0025 214 204 352 284
K0 0.0024 169 62 325 290
A0 0.0023 -6 57 298 351
A0 0.0022 0 61 212 295
B1 0.0021 -9 54 263 319
K0 0.0021 193 76 415 227
B0 0.0018 29 292 419 417
B1 0.0017 0 80 150 348
F3 0.0017 200 76 413 286
C3 0.0017 330 222 354 251
A3 0.0016 -11 52 305 371
C0 0.0015 -10 115 248 347
K0 0.0015 -3 55 261 347
E2 0.0015 267 343 360 402
C3 0.0015 299 136 401 210
E3 0.0014 -5 308 395 417
D0 0.0014 -2 378 332 417
D1 0.0014 131 390 423 419
R0 0.0014 0 186 420 417
C0 0.0014 225 146 418 303
R0 0.0013 282 266 414 401
D1 0.0013 45 387 335 418
D1 0.0013 85 380 441 418
B0 0.0013 189 75 416 287
G0 0.0012 219 374 414 422
G0 0.0012 4 326 289 414
C0 0.0012 242 194 375 280
B3 0.0012 240 214 344 284
R0 0.0012 206 102 416 285
K0 0.0012 196 70 301 294
K0 0.0011 119 40 366 296
H3 0.0011 241 102 412 294
D1 0.0011 -23 352 333 419
K0 0.0010 233 86 353 191
C3 0.0010 256 155 343 234
B0 0.0010 185 382 416 418
