B1 0.2368 -93 243 861 769
D1 0.1393 -153 196 848 943
D1 0.0963 -87 333 725 892
C0 0.0846 -91 280 742 905
L0 0.0363 -5 207 766 893
C0 0.0312 30 228 813 726
B0 0.0240 -5 202 767 919
N0 0.0209 1 204 766 946
D1 0.0151 -51 149 743 734
A0 0.0134 -4 206 770 900
C2 0.0117 299 486 459 651
B1 0.0088 112 201 792 680
C3 0.0082 296 483 458 654
C0 0.0054 189 202 775 678
H3 0.0054 50 190 812 681
Q0 0.0049 0 215 768 712
R0 0.0045 6 192 774 1015
G3 0.0037 0 842 737 1017
G3 0.0031 199 881 650 1005
E3 0.0028 173 846 734 1033
G3 0.0028 27 932 713 1022
E3 0.0028 69 921 738 1025
G3 0.0027 2 235 796 779
R0 0.0026 4 808 752 1029
F3 0.0023 -5 229 816 744
B1 0.0022 10 417 502 985
C2 0.0021 0 294 112 434
C2 0.0020 537 403 657 474
C3 0.0016 0 295 112 433
C3 0.0016 537 402 657 476
B2 0.0014 537 402 658 476
C0 0.0012 -23 382 594 933
C0 0.0011 -29 125 900 964
F2 0.0010 194 811 726 1041
B1 0.0010 14 515 434 917
H3 0.0010 25 208 771 998
