D0 0.3764 47 238 176 318
C0 0.3239 46 238 176 317
H3 0.2313 47 237 179 318
H0 0.1142 -57 310 355 487
B2 0.0975 -13 315 305 486
K0 0.0762 91 0 254 102
K0 0.0750 -7 5 240 178
A3 0.0697 94 0 254 105
A3 0.0564 -55 314 355 487
L0 0.0425 45 54 420 322
C3 0.0331 49 240 174 317
C2 0.0266 188 234 256 290
F2 0.0260 17 42 443 343
L0 0.0220 8 -1 395 478
A0 0.0218 -2 9 184 174
K0 0.0196 -1 20 163 173
A0 0.0193 -1 -1 394 479
F2 0.0173 81 11 357 286
B0 0.0171 51 -3 397 476
C0 0.0157 12 151 339 394
C0 0.0151 33 188 289 338
H0 0.0139 -69 155 433 514
B2 0.0128 234 67 394 245
N0 0.0124 58 239 174 316
L0 0.0106 88 -2 396 369
F2 0.0104 21 313 356 487
C3 0.0096 187 234 256 290
C0 0.0092 94 50 427 306
F0 0.0088 0 -8 399 486
F2 0.0087 91 2 288 247
H0 0.0081 8 99 508 483
F2 0.0079 236 70 394 241
H0 0.0073 -2 -11 403 490
C0 0.0061 287 0 389 28
D1 0.0060 230 64 392 253
H0 0.0060 117 101 451 451
L0 0.0059 221 55 392 247
Q0 0.0058 260 0 392 31
F2 0.0052 241 0 388 30
E2 0.0048 -44 3 117 139
B0 0.0045 98 0 394 266
A0 0.0044 -7 -4 256 179
B2 0.0043 84 314 347 489
F0 0.0041 -7 1 224 184
L0 0.0041 81 5 368 273
E2 0.0040 -4 0 160 179
I3 0.0037 284 0 389 29
A0 0.0036 -10 -3 273 367
H0 0.0036 7 109 274 354
F2 0.0036 93 0 255 157
G0 0.0036 272 0 389 31
D1 0.0035 284 0 387 29
C0 0.0031 -51 145 387 478
H0 0.0029 -84 220 400 456
B2 0.0028 2 314 209 488
B2 0.0028 285 0 387 29
K0 0.0028 -9 -17 290 214
Q0 0.0026 -3 2 250 175
C3 0.0026 353 -1 389 28
H0 0.0026 -110 274 422 426
L0 0.0025 177 25 397 265
C2 0.0024 280 0 389 28
Q0 0.0024 96 0 394 250
C0 0.0023 183 203 254 293
B1 0.0023 185 202 256 292
E3 0.0023 -1 322 351 487
E2 0.0022 -2 111 273 358
B0 0.0022 -6 -1 263 208
A0 0.0021 109 -15 391 248
A0 0.0020 0 45 150 174
L0 0.0020 139 120 396 309
C0 0.0020 153 99 397 297
D1 0.0020 81 3 318 294
C3 0.0019 91 -1 256 164
F2 0.0019 169 0 393 27
F2 0.0019 127 -1 393 35
R0 0.0019 -2 319 347 488
F2 0.0017 -58 -34 465 414
C0 0.0017 -17 172 356 346
H0 0.0017 -22 311 306 433
C0 0.0017 14 218 271 389
K0 0.0017 32 -1 179 182
H0 0.0017 -65 303 359 395
H0 0.0016 -6 311 287 396
R0 0.0015 177 -12 397 223
D1 0.0014 128 122 389 313
H0 0.0013 -140 262 458 473
H0 0.0012 -116 -74 487 470
C0 0.0012 84 -17 325 269
C2 0.0011 188 204 254 292
J0 0.0011 1 26 152 174
C3 0.0011 168 1 398 278
B0 0.0011 -8 -6 336 291
N0 0.0011 188 204 252 287
F2 0.0010 163 142 396 284
Q0 0.0010 -4 319 349 487
A2 0.0010 167 -20 394 214
