B1 0.2315 118 71 174 193
K0 0.0774 230 66 273 187
K0 0.0744 207 8 245 131
B3 0.0487 230 66 273 188
C3 0.0424 44 233 118 322
H3 0.0324 2 -5 333 359
K0 0.0300 43 233 118 323
C3 0.0284 207 8 245 130
P0 0.0262 228 68 273 190
C0 0.0260 118 72 175 192
O0 0.0244 119 72 174 192
B3 0.0215 207 7 246 130
K0 0.0160 202 0 252 219
B3 0.0133 117 72 176 194
H3 0.0113 6 104 323 388
A0 0.0112 2 2 334 351
C2 0.0103 169 142 206 160
C3 0.0090 169 142 205 160
B3 0.0082 205 49 267 215
C0 0.0077 12 101 127 332
K0 0.0072 118 44 174 202
C2 0.0069 129 223 162 242
C3 0.0069 57 250 103 302
C0 0.0058 -5 84 307 341
H3 0.0050 11 111 133 329
C2 0.0050 42 184 78 205
K0 0.0049 209 1 272 191
C3 0.0040 238 66 272 92
P0 0.0040 204 57 289 244
C3 0.0038 227 99 322 235
C3 0.0038 38 225 129 353
K0 0.0036 189 -15 248 242
B3 0.0034 203 39 246 218
C3 0.0034 199 191 233 224
K0 0.0034 41 184 119 325
H3 0.0033 84 117 204 364
C2 0.0032 238 71 269 175
K0 0.0032 109 19 158 197
C2 0.0031 56 252 103 301
K0 0.0030 206 7 268 141
N0 0.0030 199 7 253 223
C0 0.0030 113 63 178 236
H3 0.0028 54 86 242 401
E3 0.0028 87 0 231 83
K0 0.0028 208 62 318 242
I3 0.0028 198 189 233 226
K0 0.0025 12 127 129 334
C0 0.0025 143 71 177 188
B0 0.0025 -1 -7 356 364
N0 0.0024 206 117 234 203
P0 0.0024 185 69 313 247
C2 0.0024 199 191 233 223
I3 0.0024 197 184 234 253
C0 0.0023 157 70 216 242
C3 0.0023 129 223 162 242
C0 0.0021 109 18 174 193
H3 0.0021 6 78 219 267
E0 0.0020 26 150 336 366
G3 0.0020 206 119 234 200
C0 0.0019 107 22 162 147
N0 0.0019 237 83 269 172
K0 0.0018 109 24 156 143
M0 0.0017 196 5 257 245
P0 0.0016 183 33 245 231
J0 0.0016 20 138 369 376
C3 0.0015 41 184 78 211
R0 0.0015 102 141 341 354
K0 0.0015 109 25 152 79
K0 0.0014 35 215 166 347
P0 0.0013 202 54 241 223
C3 0.0013 182 92 323 240
P0 0.0013 196 110 242 232
C2 0.0013 38 183 80 221
C0 0.0012 120 15 161 74
N0 0.0012 217 13 245 130
R0 0.0011 87 10 182 79
H3 0.0011 -26 77 350 319
H3 0.0011 188 71 321 247
Q0 0.0011 204 13 258 175
B3 0.0010 208 6 233 118
K0 0.0010 155 0 260 141
B1 0.0010 319 152 358 369
