C0 0.8092 145 92 245 194
C0 0.3399 12 50 119 152
C0 0.0460 0 90 24 127
D0 0.0430 0 92 24 127
J0 0.0406 0 79 22 132
C0 0.0342 4 49 290 233
J0 0.0232 0 79 23 168
D0 0.0200 0 31 18 67
C0 0.0184 259 115 297 151
C3 0.0184 258 115 296 152
C0 0.0165 0 10 17 69
C0 0.0118 0 63 213 245
C0 0.0111 0 0 54 78
D0 0.0081 0 16 17 75
J0 0.0078 11 50 120 152
C0 0.0057 2 50 233 184
C0 0.0055 0 67 22 128
C0 0.0042 -1 74 92 345
C0 0.0038 0 -1 121 150
C0 0.0035 0 32 22 130
C0 0.0034 216 84 254 112
C0 0.0033 1 49 169 164
C0 0.0026 125 58 297 161
J0 0.0023 0 124 108 306
C0 0.0022 0 70 14 98
J0 0.0020 0 80 204 244
C0 0.0019 258 112 305 158
C0 0.0016 0 20 30 133
C0 0.0013 39 52 301 174
C0 0.0011 197 56 269 112
C0 0.0011 0 0 53 126
