C0 0.2579 224 291 299 398
H3 0.1897 223 290 300 398
D0 0.1639 225 290 300 398
C0 0.1569 -3 152 218 371
C3 0.0566 0 157 215 374
E3 0.0412 0 -1 302 396
E0 0.0394 0 155 217 371
G3 0.0389 0 94 34 136
K0 0.0261 162 292 233 376
A3 0.0253 15 -1 138 90
C3 0.0251 0 94 33 137
H3 0.0225 -3 155 212 369
B2 0.0223 13 -1 139 89
O0 0.0182 0 157 212 371
K0 0.0152 -2 160 209 379
C2 0.0129 163 294 232 372
K0 0.0095 150 287 282 400
K0 0.0080 217 290 297 400
C0 0.0078 80 169 209 360
C2 0.0077 0 94 33 135
B0 0.0071 0 158 212 371
C2 0.0062 0 130 49 162
B0 0.0051 2 5 266 392
M0 0.0045 0 155 216 375
B1 0.0037 44 154 211 367
L0 0.0036 -1 152 210 361
C2 0.0035 0 129 54 197
F0 0.0034 -2 -2 282 396
C0 0.0033 61 241 97 294
C2 0.0031 136 37 170 65
B2 0.0028 0 94 32 137
R0 0.0028 4 1 293 395
N0 0.0027 226 293 300 383
R0 0.0024 126 290 299 399
C2 0.0021 9 344 84 393
K0 0.0021 164 232 234 378
C0 0.0021 125 287 310 402
Q0 0.0019 0 -7 314 383
B3 0.0019 17 226 209 375
G3 0.0019 0 317 145 395
H0 0.0018 -1 -5 282 400
C2 0.0017 271 211 299 258
C3 0.0016 17 -1 133 88
C2 0.0016 5 336 145 400
C0 0.0016 14 215 208 375
C3 0.0015 7 334 144 401
B2 0.0014 136 38 170 65
E3 0.0013 0 0 144 213
C3 0.0013 5 338 83 400
B2 0.0011 4 337 146 400
F2 0.0011 -25 -17 326 359
B2 0.0010 270 124 299 174
E3 0.0010 0 -2 300 246
