B1 0.4292 21 223 411 542
B0 0.2788 23 221 414 544
C0 0.1061 44 219 409 537
Q0 0.0342 5 2 464 226
B3 0.0222 34 219 415 543
E3 0.0121 -5 103 474 849
R0 0.0100 8 -2 473 235
Q0 0.0042 -2 108 470 836
J0 0.0040 10 -3 465 233
E2 0.0030 -17 204 457 888
H3 0.0024 22 208 408 572
A3 0.0024 -11 232 465 886
C0 0.0019 217 242 411 537
J0 0.0018 228 549 521 1015
B2 0.0015 -9 257 464 874
N0 0.0013 -3 104 467 787
Q0 0.0012 -234 734 426 1018
R0 0.0012 223 422 499 1040
G3 0.0011 600 260 744 648
Q0 0.0011 18 805 422 1016
Q0 0.0010 -35 743 409 1022
C3 0.0010 224 462 500 1032
