C0 0.2879 54 89 165 197
D0 0.2486 0 -1 170 200
C0 0.2346 0 -2 173 202
C0 0.1787 182 36 249 111
D1 0.0610 0 -2 170 201
G3 0.0216 84 -2 149 100
C0 0.0169 85 1 261 114
C0 0.0133 114 29 254 111
N0 0.0128 66 84 163 192
G3 0.0089 89 -1 179 101
C0 0.0087 152 94 270 227
C0 0.0080 9 -7 255 235
D0 0.0077 -6 7 139 171
D0 0.0075 252 0 270 96
D1 0.0040 -1 8 129 170
C0 0.0036 41 45 199 211
I3 0.0034 -5 6 154 176
B3 0.0028 0 0 170 203
C0 0.0028 6 0 268 133
B3 0.0023 57 95 166 202
G3 0.0019 91 0 243 102
B3 0.0019 88 -1 217 102
C0 0.0017 79 12 273 235
B3 0.0015 0 0 123 73
G3 0.0013 2 0 120 80
C0 0.0012 161 223 268 269
C0 0.0011 136 29 271 216
B1 0.0010 96 0 260 105
