C0 0.1462 168 44 236 139
L0 0.1162 29 159 164 349
K0 0.1141 30 163 114 254
F2 0.0464 28 160 159 346
A0 0.0436 1 -8 386 370
C0 0.0332 29 154 161 349
C2 0.0327 0 269 43 341
C2 0.0311 331 102 369 158
L0 0.0291 3 -8 384 369
B0 0.0221 4 -8 386 369
H3 0.0201 2 -14 389 369
C3 0.0189 169 53 229 137
C2 0.0176 98 222 140 284
H0 0.0164 56 24 373 390
R0 0.0137 38 22 386 395
C2 0.0131 343 320 386 367
C2 0.0124 209 271 263 336
C0 0.0118 24 9 397 418
C2 0.0116 215 51 256 109
H0 0.0104 3 163 164 360
C2 0.0098 127 85 176 141
C3 0.0073 371 188 387 253
H0 0.0071 4 -9 444 425
C2 0.0069 164 176 220 237
C2 0.0065 129 324 178 368
C0 0.0056 142 -68 410 391
C2 0.0056 0 47 55 106
C2 0.0046 356 0 386 30
L0 0.0043 -9 -42 299 263
C0 0.0042 50 40 342 378
C2 0.0041 247 142 297 195
P0 0.0037 31 164 119 273
H0 0.0036 246 64 388 375
C0 0.0035 163 -5 369 356
C2 0.0035 285 22 335 74
C0 0.0035 -24 -32 322 255
P0 0.0034 29 159 152 326
G3 0.0031 84 246 134 326
C2 0.0031 370 188 387 252
K0 0.0030 30 156 136 296
C2 0.0030 170 0 218 19
H0 0.0030 112 -114 423 366
K0 0.0029 26 97 117 276
C3 0.0028 0 267 45 346
C0 0.0028 68 214 148 304
C0 0.0027 40 193 156 319
C2 0.0025 267 188 313 228
C2 0.0025 296 227 344 292
H0 0.0023 35 -54 326 420
H0 0.0020 124 85 359 387
C0 0.0020 242 77 385 378
H0 0.0019 4 237 186 372
A3 0.0018 0 267 45 344
H0 0.0018 -17 -34 314 237
C0 0.0017 19 71 119 286
K0 0.0016 0 267 44 344
C3 0.0015 40 173 112 247
C0 0.0014 66 177 175 376
D1 0.0014 80 235 176 367
H0 0.0013 246 -26 393 461
G3 0.0013 28 171 114 244
E0 0.0013 -33 -54 321 299
C0 0.0013 72 78 293 354
C3 0.0012 197 30 209 54
L0 0.0012 62 207 167 367
C0 0.0011 292 223 348 292
C3 0.0011 1 39 65 126
C0 0.0011 -12 -27 146 340
B3 0.0010 20 240 192 369
E0 0.0010 293 218 349 296
