C3 0.1120 195 172 443 454
E0 0.1037 193 176 445 454
C0 0.0741 199 175 442 453
H3 0.0704 189 175 449 458
A2 0.0398 200 174 442 450
C2 0.0077 280 312 330 364
N0 0.0042 189 178 447 456
M0 0.0029 186 175 447 452
C3 0.0026 241 212 304 278
C3 0.0024 321 318 415 406
B2 0.0024 336 254 394 307
B2 0.0020 239 211 304 277
B2 0.0020 280 311 331 362
B0 0.0018 173 158 460 474
H3 0.0018 31 84 621 605
C3 0.0012 299 257 437 439
C2 0.0010 240 216 303 276
F2 0.0010 209 175 405 374
A0 0.0010 27 97 620 597
N0 0.0010 145 116 527 498
C0 0.0010 276 186 445 451
