D0 0.2984 114 156 229 304
C0 0.2083 115 156 228 304
H3 0.1567 113 156 230 305
K0 0.0233 0 309 49 392
C2 0.0199 121 342 176 398
B2 0.0163 0 309 48 396
B2 0.0145 -1 306 98 399
C0 0.0145 98 152 241 405
G3 0.0129 -2 313 50 381
C2 0.0121 -1 314 50 381
C0 0.0109 81 130 278 425
R0 0.0085 -12 0 303 185
B2 0.0082 0 354 96 399
Q0 0.0081 -4 2 170 178
F2 0.0073 0 303 144 399
Q0 0.0072 -17 1 305 159
K0 0.0071 116 330 185 400
K0 0.0066 0 307 97 400
Q0 0.0061 -81 0 293 87
Q0 0.0049 -18 4 201 123
R0 0.0040 -3 2 222 206
K0 0.0040 223 223 299 345
R0 0.0038 6 9 153 204
D2 0.0038 254 345 294 399
E3 0.0036 70 223 299 401
F2 0.0035 2 337 209 400
G3 0.0029 -5 301 104 403
B2 0.0026 -1 350 146 400
Q0 0.0022 14 12 138 195
F2 0.0020 0 307 98 400
B2 0.0020 255 339 295 398
C2 0.0019 181 293 251 347
Q0 0.0019 -74 0 267 51
K0 0.0018 -23 311 50 399
G3 0.0018 69 223 299 400
B0 0.0017 0 309 100 398
C0 0.0017 110 154 281 331
B2 0.0017 116 208 302 413
N0 0.0017 72 143 299 393
C0 0.0017 115 377 189 400
B0 0.0016 70 205 299 398
Q0 0.0015 182 46 328 148
C3 0.0015 1 354 95 400
Q0 0.0014 120 50 181 126
K0 0.0013 0 352 95 399
K0 0.0013 131 233 294 405
C0 0.0012 32 377 191 400
F2 0.0011 32 316 185 400
C0 0.0011 9 337 202 400
H0 0.0011 122 213 297 410
C0 0.0011 17 368 192 401
K0 0.0010 220 219 299 400
B0 0.0010 -1 308 216 402
C0 0.0010 89 201 308 408
B3 0.0010 108 160 227 343
