B3 0.1610 186 41 314 349
C0 0.1265 206 30 305 323
D1 0.0419 202 44 306 348
B3 0.0172 195 147 304 337
D1 0.0087 203 148 303 336
B3 0.0054 95 43 341 349
C0 0.0030 0 64 42 230
D0 0.0030 0 1 42 106
C0 0.0028 210 150 303 312
C0 0.0025 0 95 42 192
C0 0.0023 227 44 284 157
C0 0.0019 0 95 91 287
B1 0.0019 0 1 43 105
G3 0.0017 223 43 286 155
C0 0.0015 94 138 177 238
G3 0.0014 0 72 42 252
C0 0.0013 23 166 106 277
D2 0.0012 0 83 42 271
C0 0.0012 286 1 388 77
G3 0.0012 21 160 102 279
N0 0.0012 208 146 305 303
C0 0.0012 0 1 42 105
D0 0.0011 284 4 382 74
C3 0.0011 0 195 62 288
