K0 0.3881 223 28 303 120
B1 0.2961 231 285 344 348
B1 0.2221 65 85 162 181
K0 0.2160 278 205 369 285
B0 0.1686 232 285 346 350
B0 0.1681 65 84 162 182
B0 0.1534 51 296 149 348
K0 0.1506 217 22 386 176
C3 0.1383 268 70 380 172
H3 0.1303 232 284 344 350
K0 0.1073 226 204 374 354
E0 0.0994 49 13 112 104
H3 0.0977 50 296 149 349
C3 0.0861 224 40 304 120
K0 0.0819 256 44 378 174
L0 0.0799 228 202 374 352
K0 0.0753 48 15 111 104
E0 0.0697 46 10 169 197
H3 0.0649 63 78 162 184
A3 0.0608 223 28 303 121
O0 0.0604 65 83 163 182
C0 0.0497 49 296 148 349
F0 0.0423 65 85 162 180
C0 0.0365 231 284 343 349
O0 0.0311 232 201 372 348
D0 0.0309 233 284 343 350
L0 0.0300 51 218 161 348
C3 0.0291 49 13 112 106
H3 0.0269 49 13 111 105
F0 0.0265 48 14 112 105
G3 0.0259 213 18 374 169
A2 0.0231 52 216 162 348
F0 0.0204 270 70 379 173
B3 0.0203 65 82 164 181
O0 0.0196 51 295 147 350
B0 0.0190 229 201 372 354
C0 0.0189 50 209 162 349
H3 0.0184 2 -12 397 345
K0 0.0181 48 295 151 349
L0 0.0181 49 14 115 113
H3 0.0179 271 69 380 174
C0 0.0161 79 225 158 281
B3 0.0140 51 295 147 351
K0 0.0139 5 203 168 349
O0 0.0139 31 10 169 193
R0 0.0133 6 -14 395 346
P0 0.0129 228 199 370 355
C2 0.0128 226 40 289 118
K0 0.0122 237 203 376 285
B1 0.0108 49 14 111 106
C0 0.0101 77 206 162 290
L0 0.0094 46 9 167 186
R0 0.0081 0 -11 203 345
O0 0.0068 205 10 384 169
O0 0.0065 232 250 358 345
E0 0.0048 46 6 118 180
O0 0.0045 233 285 349 350
K0 0.0044 51 210 161 286
Q0 0.0039 206 15 381 176
K0 0.0039 212 17 292 126
C3 0.0039 78 225 151 277
K0 0.0039 215 24 313 166
C0 0.0038 28 295 118 349
K0 0.0038 6 260 157 349
Q0 0.0033 12 10 179 198
C0 0.0030 48 279 159 345
N0 0.0029 229 203 371 348
K0 0.0028 72 15 112 94
R0 0.0027 5 5 190 203
N0 0.0026 77 218 151 276
H3 0.0026 1 -8 212 351
C0 0.0026 19 297 65 347
C3 0.0026 47 28 100 102
C3 0.0025 50 301 142 349
H3 0.0025 51 11 168 195
C0 0.0024 34 206 164 285
K0 0.0023 277 195 377 348
O0 0.0021 4 206 163 347
B0 0.0020 1 -9 204 349
O0 0.0020 23 280 153 355
O0 0.0019 41 260 151 347
B0 0.0019 1 198 398 352
Q0 0.0018 0 207 130 346
O0 0.0018 13 248 158 343
C3 0.0016 131 232 160 269
K0 0.0014 46 6 119 175
N0 0.0014 48 26 91 103
C3 0.0014 276 208 364 276
C0 0.0013 70 82 165 180
C0 0.0012 38 15 108 103
C2 0.0012 278 207 359 279
K0 0.0012 243 36 299 104
R0 0.0011 -1 1 398 215
K0 0.0011 23 11 149 210
Q0 0.0011 230 205 381 345
C0 0.0010 3 247 129 350
K0 0.0010 193 201 377 300
C2 0.0010 49 22 105 101
C0 0.0010 71 182 180 310
