E3 0.3063 36 108 161 290
A3 0.0696 38 108 162 285
K0 0.0671 39 112 126 294
K0 0.0454 37 109 165 265
Q0 0.0224 6 2 219 62
K0 0.0160 40 119 82 276
K0 0.0117 90 112 154 276
Q0 0.0078 10 0 212 33
Q0 0.0072 25 6 203 107
E3 0.0065 21 33 173 306
Q0 0.0059 25 44 161 309
C3 0.0047 88 247 112 291
G3 0.0045 41 128 97 265
C3 0.0043 119 233 143 278
E3 0.0041 0 4 210 289
Q0 0.0040 112 260 318 392
G3 0.0038 41 140 67 256
K0 0.0033 30 131 50 257
Q0 0.0032 104 208 323 405
R0 0.0031 -7 1 225 275
G3 0.0028 38 116 117 254
Q0 0.0026 53 3 217 194
Q0 0.0023 7 9 191 293
R0 0.0022 28 5 206 142
R0 0.0022 11 4 221 199
A3 0.0022 77 111 164 272
Q0 0.0022 93 260 254 400
R0 0.0021 65 251 227 402
G3 0.0020 19 108 153 261
N0 0.0018 38 108 102 252
Q0 0.0018 42 241 228 402
G3 0.0018 73 181 119 297
E3 0.0017 20 84 171 385
N0 0.0016 38 112 143 240
G3 0.0014 55 141 91 265
Q0 0.0014 102 6 216 146
G3 0.0014 67 189 139 278
G3 0.0011 40 111 71 282
C3 0.0010 55 109 139 239
E3 0.0010 45 239 161 403
