E0 0.2535 257 123 596 460
C3 0.2525 254 126 597 459
C0 0.2438 88 -3 414 241
E0 0.1802 98 -7 411 235
K0 0.1397 89 -5 420 235
C0 0.1183 465 -16 801 296
K0 0.0841 532 -2 728 168
C0 0.0639 542 -1 726 167
C0 0.0612 479 -4 760 172
C0 0.0585 248 117 593 429
H3 0.0583 90 -4 408 243
C0 0.0566 377 -2 583 230
H3 0.0524 423 -17 805 296
H3 0.0503 248 117 570 454
L0 0.0471 247 117 584 426
C0 0.0376 108 -31 483 456
C0 0.0332 461 54 800 368
C0 0.0288 384 0 666 272
C3 0.0280 462 169 491 276
C3 0.0258 359 117 407 230
K0 0.0216 518 -8 791 182
C0 0.0216 502 -3 677 163
C0 0.0195 416 39 569 230
N0 0.0165 348 229 429 339
K0 0.0139 267 117 534 384
C3 0.0119 484 76 556 139
C0 0.0103 372 -1 755 214
C3 0.0096 347 227 431 339
C0 0.0088 348 229 429 338
C3 0.0084 739 -1 800 55
A0 0.0082 89 -11 593 461
C0 0.0075 446 27 636 284
H3 0.0070 256 114 508 382
C0 0.0068 440 69 553 219
E0 0.0063 152 -20 546 479
C3 0.0059 590 53 712 165
H3 0.0056 110 -68 548 477
C0 0.0055 546 -6 791 183
C0 0.0054 735 -3 799 84
C0 0.0051 530 48 797 290
C0 0.0047 100 -3 370 174
C0 0.0041 733 -3 801 125
C0 0.0040 155 -14 415 314
H3 0.0038 98 -11 409 386
K0 0.0034 505 -2 661 149
H3 0.0034 337 128 593 450
C0 0.0034 101 -7 307 217
R0 0.0034 484 56 797 370
C0 0.0032 341 117 530 379
Q0 0.0023 208 121 595 454
C2 0.0023 348 229 430 336
C3 0.0023 441 74 554 215
G0 0.0020 381 1 794 290
C3 0.0020 253 113 477 458
K0 0.0019 101 -4 272 227
Q0 0.0019 383 0 793 277
C0 0.0017 765 31 798 82
Q0 0.0016 83 -2 590 457
N0 0.0016 89 -5 582 455
K0 0.0016 321 95 555 363
C0 0.0016 779 0 799 18
C0 0.0015 357 156 592 457
E0 0.0015 106 26 452 467
C2 0.0015 505 134 637 264
C0 0.0014 698 -1 799 136
C3 0.0014 515 138 639 267
C0 0.0014 739 5 798 194
K0 0.0013 740 2 801 199
K0 0.0012 450 150 500 292
K0 0.0012 117 -3 369 137
C0 0.0012 207 -7 415 241
Q0 0.0012 2 -3 142 510
K0 0.0011 507 -2 612 124
C3 0.0011 486 72 563 167
H3 0.0011 415 143 597 438
H3 0.0011 214 7 489 427
C3 0.0010 467 -1 537 57
C2 0.0010 591 20 712 166
