E0 0.1463 50 107 214 274
C0 0.0782 49 109 215 278
O0 0.0262 41 105 216 277
L0 0.0185 40 107 214 280
C2 0.0149 12 0 80 16
Q0 0.0136 41 107 215 278
C3 0.0104 38 102 213 282
B0 0.0070 9 104 224 396
M0 0.0046 39 107 217 273
K0 0.0036 54 106 203 234
C0 0.0030 124 130 199 273
R0 0.0027 0 104 223 403
R0 0.0026 0 232 159 398
A3 0.0020 13 0 79 16
B2 0.0020 14 0 79 16
K0 0.0017 54 115 165 224
Q0 0.0016 36 50 209 300
K0 0.0015 57 118 135 200
C3 0.0015 42 165 215 278
C0 0.0014 59 132 127 204
H3 0.0013 42 100 189 276
H3 0.0013 47 110 160 256
C2 0.0013 58 147 106 193
H3 0.0012 59 136 127 202
R0 0.0012 -1 270 202 389
R0 0.0010 -13 232 255 405
C3 0.0010 109 233 143 266
