A0 0.4109 30 87 165 239
C0 0.0517 37 67 165 244
D1 0.0498 0 33 137 140
C0 0.0447 32 74 164 187
C0 0.0369 13 78 53 104
K0 0.0369 28 75 158 176
A0 0.0344 23 47 191 235
G3 0.0229 0 49 130 143
K0 0.0206 43 63 165 237
K0 0.0118 35 76 107 164
C0 0.0070 11 71 57 110
Q0 0.0061 -3 0 190 63
J0 0.0054 95 45 192 173
R0 0.0053 93 47 192 156
C0 0.0053 94 76 112 116
C0 0.0049 62 70 125 168
K0 0.0049 91 0 146 24
B0 0.0046 0 37 192 238
B0 0.0041 0 49 146 159
C3 0.0040 75 91 95 111
H3 0.0038 37 49 191 237
Q0 0.0038 0 30 130 144
K0 0.0032 29 66 123 170
Q0 0.0031 0 0 170 30
B2 0.0029 -3 47 152 140
C0 0.0029 0 43 95 135
K0 0.0025 36 105 97 161
C0 0.0021 65 75 145 141
Q0 0.0021 1 42 180 236
C0 0.0020 10 62 63 124
C0 0.0020 3 43 154 155
C0 0.0019 -2 13 99 155
C0 0.0019 74 83 135 130
C3 0.0018 91 0 146 25
C0 0.0017 2 61 69 140
K0 0.0017 11 49 165 171
C0 0.0016 75 72 119 141
Q0 0.0016 -3 0 187 147
A0 0.0015 45 120 160 235
K0 0.0015 60 66 132 148
C0 0.0014 27 43 203 151
J0 0.0014 94 61 191 136
G3 0.0014 92 0 189 24
F2 0.0013 90 0 199 23
G3 0.0012 -1 21 186 144
C0 0.0011 -14 32 173 176
B1 0.0011 -4 14 109 151
B2 0.0010 85 0 196 24
