D0 0.1443 141 390 707 956
G3 0.1148 716 224 754 272
B1 0.0894 129 399 713 956
C2 0.0889 270 299 417 506
G3 0.0843 272 300 421 507
C3 0.0756 151 378 694 963
C0 0.0641 715 224 754 272
D2 0.0626 145 391 702 973
I3 0.0528 666 266 743 331
C2 0.0522 161 456 290 657
B2 0.0473 150 369 671 959
K0 0.0389 128 393 704 943
H0 0.0312 373 0 763 209
C0 0.0311 227 240 720 758
C3 0.0244 667 266 742 329
K0 0.0244 373 -1 760 204
K0 0.0243 509 160 654 397
K0 0.0240 126 -1 260 428
C0 0.0214 640 194 731 225
B2 0.0200 267 285 418 545
C3 0.0188 636 204 694 269
C0 0.0183 674 191 765 275
K0 0.0176 367 163 539 450
H0 0.0171 273 0 502 51
K0 0.0148 250 214 724 741
C2 0.0147 535 363 694 515
C2 0.0138 167 459 286 586
C2 0.0138 359 0 499 50
K0 0.0133 356 150 620 458
K0 0.0120 312 142 717 472
D1 0.0117 153 255 693 828
C3 0.0117 -1 679 110 966
C0 0.0114 -3 0 139 161
C0 0.0113 631 194 725 270
K0 0.0109 466 179 693 318
C2 0.0106 668 266 743 329
C2 0.0105 368 176 524 400
R0 0.0103 -3 -1 139 162
K0 0.0100 293 109 763 636
C0 0.0098 633 204 701 271
N0 0.0096 148 138 745 994
K0 0.0096 505 2 754 200
R0 0.0095 0 574 121 975
C0 0.0091 368 11 745 442
C3 0.0089 534 359 696 519
B0 0.0089 146 114 764 1014
D2 0.0083 268 287 419 529
L0 0.0080 138 110 762 1012
K0 0.0080 512 154 723 434
C0 0.0079 231 114 804 824
K0 0.0079 502 135 742 556
C3 0.0078 594 430 748 573
C0 0.0076 663 163 766 205
K0 0.0075 577 88 637 118
K0 0.0074 271 286 419 536
M0 0.0072 156 352 702 958
E2 0.0069 270 0 500 53
G3 0.0068 485 438 685 674
C3 0.0066 635 195 725 269
C0 0.0066 640 165 765 223
C3 0.0061 45 161 139 188
C2 0.0061 0 692 104 923
C3 0.0060 675 283 723 329
C2 0.0057 274 0 407 32
D2 0.0056 128 -30 768 1025
C3 0.0056 664 166 768 206
K0 0.0056 140 188 260 438
C0 0.0055 511 8 750 202
G3 0.0052 147 88 766 1028
K0 0.0051 580 0 759 176
K0 0.0051 2 362 124 588
C2 0.0049 672 277 726 330
K0 0.0047 535 67 679 136
D2 0.0047 122 0 763 447
G3 0.0046 122 -7 764 444
K0 0.0044 363 159 719 366
C0 0.0043 125 17 775 1016
C3 0.0043 45 136 140 187
K0 0.0040 188 -10 502 425
K0 0.0038 495 199 703 283
B0 0.0037 164 373 707 956
C0 0.0037 691 204 758 274
C0 0.0036 640 182 688 205
C2 0.0035 272 295 403 439
K0 0.0035 163 328 696 768
H0 0.0032 41 78 787 1031
I3 0.0032 671 247 735 389
B2 0.0032 456 697 763 1025
R0 0.0031 2 -1 66 162
C0 0.0031 77 255 667 869
G3 0.0031 118 -9 769 722
C0 0.0030 112 3 762 448
O0 0.0029 87 116 110 154
C3 0.0028 685 321 726 386
K0 0.0028 2 370 75 573
K0 0.0027 443 84 504 126
K0 0.0027 340 36 562 470
H3 0.0025 666 261 747 334
N0 0.0025 125 4 755 455
A0 0.0025 190 -4 513 401
C0 0.0024 438 11 722 228
C2 0.0023 -3 366 146 589
K0 0.0023 264 4 755 491
C2 0.0022 274 294 389 390
C0 0.0021 307 145 782 678
C0 0.0021 45 161 105 186
C3 0.0020 3 0 58 148
C0 0.0020 532 352 704 530
C0 0.0019 43 134 138 188
H0 0.0019 352 -22 761 432
C0 0.0019 47 154 98 174
H3 0.0019 648 198 758 335
C3 0.0019 86 113 110 150
C2 0.0018 593 432 750 569
C3 0.0018 639 196 727 226
B1 0.0018 534 349 712 530
C0 0.0018 428 152 730 328
C0 0.0018 1 558 183 979
C3 0.0018 25 0 83 143
B2 0.0018 544 829 764 1025
K0 0.0017 377 35 525 211
C2 0.0017 0 573 110 735
K0 0.0017 180 -9 633 386
Q0 0.0017 376 0 762 207
H3 0.0017 144 381 749 978
K0 0.0017 383 111 491 195
K0 0.0016 129 -8 430 435
G3 0.0016 289 8 756 323
K0 0.0016 0 550 194 988
B3 0.0016 670 249 736 392
K0 0.0015 489 102 774 696
Q0 0.0015 178 696 768 1028
G3 0.0015 276 331 416 568
P0 0.0014 0 368 144 589
C0 0.0014 0 7 43 163
C0 0.0014 500 207 706 271
C2 0.0014 366 179 513 316
C0 0.0014 203 262 538 822
C3 0.0013 54 -1 119 127
G3 0.0013 680 190 763 271
C0 0.0012 330 319 782 582
B2 0.0012 265 149 439 555
D2 0.0012 231 117 771 727
B3 0.0012 87 114 110 149
K0 0.0012 148 433 440 982
R0 0.0012 156 693 774 1029
N0 0.0011 373 0 765 205
B3 0.0011 660 197 764 366
K0 0.0011 182 339 207 393
K0 0.0011 374 98 501 222
G3 0.0011 2 0 55 148
C2 0.0011 264 2 507 49
C0 0.0011 497 178 708 375
C3 0.0011 429 48 504 126
C2 0.0010 502 155 680 392
C2 0.0010 26 -1 82 140
M0 0.0010 45 167 127 192
C2 0.0010 3 -1 57 150
C0 0.0010 527 341 753 572
E3 0.0010 -4 548 192 1014
C0 0.0010 88 114 110 149
C2 0.0010 160 508 284 715
I3 0.0010 661 201 763 440
H0 0.0010 -2 354 150 803
G3 0.0010 376 0 768 209
C0 0.0010 484 186 726 286
K0 0.0010 2 622 128 977
H0 0.0010 -1 366 146 584
G3 0.0010 714 206 757 272
K0 0.0010 288 -28 633 459
