D1 0.1524 137 153 324 266
G0 0.1353 123 0 392 234
R0 0.1034 117 -13 395 346
B1 0.0968 137 154 323 266
Q0 0.0312 3 -13 400 346
R0 0.0272 148 13 344 199
D0 0.0223 136 153 325 266
G3 0.0125 126 146 394 273
J0 0.0122 221 172 320 263
J0 0.0121 148 16 345 202
D1 0.0117 189 30 241 111
D0 0.0105 221 172 320 264
F2 0.0082 0 0 44 62
C1 0.0082 123 129 397 301
Q0 0.0081 0 1 160 87
D1 0.0080 0 54 170 89
C3 0.0077 221 172 319 263
G0 0.0076 124 50 396 300
C1 0.0073 121 77 398 341
Q0 0.0071 122 50 397 340
K0 0.0070 125 83 176 284
R0 0.0064 0 -4 70 325
C3 0.0064 139 158 235 245
Q0 0.0063 0 -3 73 327
C3 0.0061 155 159 322 266
C3 0.0058 189 86 218 106
C1 0.0048 0 1 164 87
G3 0.0048 1 15 34 73
R0 0.0046 3 -7 396 292
F3 0.0043 0 1 161 86
C3 0.0042 147 20 349 219
C0 0.0041 137 31 330 270
K0 0.0039 142 155 323 264
C3 0.0039 126 -2 203 59
F3 0.0037 -1 -2 56 313
R0 0.0036 32 63 396 362
D1 0.0036 30 59 163 88
F3 0.0034 -1 1 42 128
B0 0.0030 -2 -1 58 317
K0 0.0029 136 65 324 256
A3 0.0028 0 0 44 51
C1 0.0027 0 -1 379 87
K0 0.0027 127 80 204 289
R0 0.0027 0 0 178 90
Q0 0.0027 2 8 50 321
R0 0.0027 144 -5 397 250
C3 0.0026 0 0 44 33
C0 0.0026 -1 0 42 127
D1 0.0026 0 0 44 51
G3 0.0026 -4 6 60 108
B0 0.0024 -1 0 43 150
D1 0.0024 138 108 324 221
C0 0.0024 188 166 387 276
D1 0.0023 125 151 326 316
D1 0.0022 147 145 319 201
G3 0.0021 1 2 49 94
R0 0.0021 113 192 398 367
C0 0.0021 126 0 201 56
G3 0.0020 0 0 159 86
C0 0.0020 24 59 163 87
R0 0.0020 222 173 320 264
R0 0.0020 103 -5 338 232
R0 0.0020 -1 211 407 378
F2 0.0020 -3 54 170 88
C3 0.0020 197 65 225 84
C3 0.0019 189 65 227 106
K0 0.0019 126 73 240 279
C1 0.0019 -2 0 261 77
D1 0.0019 15 -22 171 -7
B1 0.0019 13 -20 180 -1
R0 0.0018 -4 -8 376 82
K0 0.0018 0 -1 47 159
Q0 0.0017 0 106 27 310
G0 0.0017 -4 0 181 93
K0 0.0016 -1 0 44 104
D1 0.0016 185 25 245 140
K0 0.0016 132 104 163 274
R0 0.0016 -1 3 176 329
B1 0.0016 0 1 43 155
P0 0.0016 -1 0 44 79
E2 0.0015 350 0 368 34
C3 0.0015 0 31 16 50
B2 0.0014 -1 0 44 69
R0 0.0014 3 29 110 304
R0 0.0014 -1 0 400 152
F2 0.0014 0 0 42 114
C0 0.0014 207 168 346 266
J0 0.0014 87 -4 356 255
C3 0.0014 125 12 356 285
Q0 0.0014 0 102 75 308
F2 0.0014 2 17 36 52
R0 0.0013 301 205 394 372
C0 0.0013 171 113 395 266
R0 0.0013 0 96 77 311
C0 0.0013 138 156 235 247
G3 0.0012 -5 1 98 101
K0 0.0011 147 148 325 204
J0 0.0011 203 167 358 277
D1 0.0011 212 65 228 82
D1 0.0011 196 61 223 85
D1 0.0011 25 19 167 88
R0 0.0010 322 -3 395 233
J0 0.0010 130 149 320 311
C0 0.0010 19 39 167 86
K0 0.0010 140 159 239 247
C3 0.0010 206 28 239 63
D1 0.0010 164 -10 341 136
