C0 0.2063 209 105 552 507
O0 0.1484 209 90 552 512
C0 0.1326 220 118 512 375
C0 0.0784 329 89 412 232
M0 0.0679 203 89 557 513
K0 0.0457 202 103 555 526
C3 0.0348 331 96 414 229
N0 0.0198 203 95 555 513
C0 0.0126 277 84 447 339
C3 0.0119 223 150 317 270
C3 0.0096 202 122 551 513
G3 0.0073 223 149 313 265
K0 0.0057 334 147 552 514
M0 0.0056 50 86 589 515
K0 0.0052 350 319 483 511
K0 0.0037 222 88 468 348
Q0 0.0033 592 89 760 568
K0 0.0033 391 154 552 438
K0 0.0031 209 126 478 481
C2 0.0026 225 150 306 258
K0 0.0025 346 222 514 512
C2 0.0024 351 335 476 472
K0 0.0021 224 138 322 277
Q0 0.0019 510 135 765 531
C0 0.0019 226 139 316 267
C3 0.0016 310 171 346 209
K0 0.0015 428 167 548 388
C0 0.0014 251 86 434 253
R0 0.0013 2 334 403 513
N0 0.0013 41 76 581 514
K0 0.0012 223 119 361 314
Q0 0.0011 698 112 759 529
Q0 0.0011 436 172 745 493
Q0 0.0011 684 40 756 522
K0 0.0010 214 158 347 465
E3 0.0010 5 340 400 634
