D0 0.5818 87 92 176 181
C0 0.2491 85 92 175 182
H3 0.1567 85 92 177 182
R0 0.0474 52 0 207 82
C3 0.0264 49 -1 208 82
D0 0.0264 52 0 207 82
C0 0.0150 53 0 205 82
E3 0.0128 -2 14 199 354
F0 0.0088 0 11 200 355
C0 0.0072 174 134 215 175
C3 0.0072 54 0 120 31
Q0 0.0066 48 0 203 80
D0 0.0063 175 135 214 176
H3 0.0048 0 12 201 354
B0 0.0043 -1 12 201 354
R0 0.0043 146 0 215 160
Q0 0.0039 -1 15 198 353
C0 0.0037 54 0 119 31
C2 0.0027 61 350 90 357
C0 0.0025 31 18 144 272
C3 0.0024 174 134 214 175
C0 0.0023 9 -9 169 294
C0 0.0023 56 83 180 241
H3 0.0022 174 133 214 176
J0 0.0021 146 0 214 165
C0 0.0020 0 11 129 305
C0 0.0019 105 0 202 81
D0 0.0016 56 86 182 196
D2 0.0014 -1 160 189 354
C0 0.0012 55 58 134 246
C3 0.0011 54 0 161 70
A3 0.0011 3 151 179 356
