C0 0.0846 198 8 245 63
R0 0.0747 113 0 185 26
C2 0.0707 139 142 182 169
G0 0.0617 0 101 215 218
C0 0.0518 40 126 95 157
K0 0.0514 0 106 92 163
J0 0.0500 2 103 214 216
C0 0.0485 198 37 236 62
R0 0.0347 104 0 192 61
Q0 0.0337 39 238 245 334
R0 0.0314 -9 99 218 216
Q0 0.0277 100 -1 216 61
C3 0.0247 197 39 237 61
G3 0.0173 198 13 245 58
K0 0.0164 29 277 51 334
G3 0.0160 29 278 52 333
A2 0.0149 -3 99 218 218
C0 0.0129 2 103 186 214
Q0 0.0110 66 264 247 334
C2 0.0102 198 39 237 61
J0 0.0092 21 101 84 131
C0 0.0079 219 0 245 20
C0 0.0078 22 105 151 196
E2 0.0068 114 0 185 25
R0 0.0060 -2 59 238 299
C0 0.0055 0 105 91 153
E3 0.0050 80 -5 224 72
C3 0.0044 198 11 244 58
J0 0.0042 15 99 86 145
C0 0.0039 198 28 229 60
C0 0.0039 222 0 245 10
G0 0.0037 1 55 222 274
Q0 0.0028 -22 -1 107 75
C0 0.0026 22 101 102 158
J0 0.0026 101 0 199 62
R0 0.0025 0 141 266 330
Q0 0.0024 139 267 248 333
C0 0.0024 199 1 246 35
C3 0.0024 44 129 93 155
C0 0.0021 204 0 243 48
C0 0.0021 184 280 244 335
F2 0.0021 45 98 217 144
Q0 0.0019 18 199 250 334
E3 0.0019 -2 91 216 221
C0 0.0018 186 313 242 335
C3 0.0018 224 0 245 9
Q0 0.0016 192 138 291 339
K0 0.0016 0 106 120 188
J0 0.0013 79 108 215 221
Q0 0.0013 7 137 251 336
Q0 0.0013 180 258 246 334
K0 0.0013 25 129 57 340
N0 0.0013 32 225 51 321
K0 0.0013 181 313 242 335
J0 0.0012 129 2 180 56
B1 0.0012 119 0 186 16
D1 0.0012 15 169 243 324
K0 0.0012 0 105 73 150
C0 0.0011 67 98 224 144
K0 0.0011 71 98 220 144
H3 0.0011 184 274 245 334
B0 0.0010 179 251 252 336
C0 0.0010 44 129 88 144
K0 0.0010 0 106 18 171
B0 0.0010 157 270 240 334
C0 0.0010 199 30 238 73
G3 0.0010 31 227 51 319
