K0 0.5660 172 95 379 308
D1 0.3924 103 330 388 495
B1 0.2909 35 250 194 436
B0 0.1684 38 250 196 436
C0 0.1405 15 82 348 418
B0 0.0947 101 318 399 490
C0 0.0529 -13 23 376 487
C3 0.0526 175 99 378 306
D0 0.0500 38 250 197 433
C0 0.0445 39 250 195 433
C2 0.0329 95 437 145 488
B1 0.0231 88 353 348 494
H3 0.0199 37 250 196 436
G3 0.0165 94 322 391 495
A0 0.0128 -5 -1 392 502
B0 0.0120 89 349 347 495
D2 0.0111 67 494 113 506
C3 0.0107 95 437 145 489
H3 0.0101 -7 -4 396 500
B0 0.0098 -4 -3 400 499
C0 0.0073 39 345 133 434
C0 0.0068 27 102 268 458
C2 0.0067 349 397 393 441
L0 0.0064 110 282 388 491
B3 0.0062 128 324 392 495
B3 0.0053 39 248 193 437
E3 0.0052 -7 -2 397 504
C0 0.0050 137 335 365 492
C3 0.0048 0 1 110 70
C0 0.0047 -9 2 240 434
D2 0.0043 59 448 103 494
K0 0.0040 -26 13 420 488
C3 0.0038 144 224 181 264
N0 0.0037 92 320 394 497
O0 0.0031 39 347 133 435
C0 0.0030 45 246 260 442
D2 0.0029 60 474 111 505
C2 0.0028 269 490 320 506
B1 0.0027 172 317 393 473
K0 0.0027 186 95 360 247
C2 0.0026 267 338 372 416
B3 0.0026 39 345 135 436
C0 0.0022 23 227 345 464
R0 0.0022 -3 21 203 455
D1 0.0021 -3 -36 228 431
C0 0.0021 3 164 430 455
C2 0.0020 297 411 352 467
C3 0.0019 0 -1 113 120
H3 0.0019 39 346 135 433
C2 0.0018 247 438 297 490
D2 0.0017 62 468 98 492
B2 0.0017 269 490 319 506
D0 0.0016 92 356 328 494
N0 0.0016 33 261 200 432
R0 0.0016 -1 -3 155 124
C0 0.0015 37 153 209 435
D2 0.0015 270 490 321 506
D2 0.0014 60 451 95 484
C2 0.0013 337 236 392 326
C2 0.0012 253 342 348 418
B2 0.0012 350 397 392 438
B2 0.0011 183 387 391 509
D2 0.0010 170 386 394 508
C2 0.0010 0 474 41 505
C0 0.0010 -45 -48 359 400
E2 0.0010 37 344 135 432
C3 0.0010 144 240 180 265
