C0 0.7113 25 289 226 481
C2 0.0558 0 169 143 301
C3 0.0399 229 24 386 381
B1 0.0232 47 -1 342 197
A0 0.0101 23 288 232 484
K0 0.0067 226 38 388 489
I3 0.0059 50 -1 336 198
C3 0.0052 0 162 146 305
C3 0.0041 169 9 386 417
L0 0.0031 15 0 379 488
C3 0.0030 25 0 381 476
B2 0.0027 3 108 230 480
F0 0.0027 60 1 384 201
C3 0.0025 58 0 374 211
C0 0.0023 12 147 231 484
P0 0.0019 3 1 319 484
C3 0.0019 47 9 374 324
C3 0.0015 7 50 240 485
C3 0.0013 225 70 332 371
F3 0.0011 170 368 229 458
C0 0.0011 163 312 239 477
