C0 0.5415 150 107 385 412
C0 0.1952 3 0 394 431
C0 0.0981 98 153 160 182
C0 0.0530 151 214 374 409
D2 0.0144 46 386 160 469
C0 0.0107 97 139 198 183
J0 0.0044 45 387 181 469
J0 0.0042 2 0 391 306
D2 0.0040 8 388 177 475
J0 0.0024 400 29 437 183
J0 0.0021 -33 431 254 477
J0 0.0020 410 47 436 105
J0 0.0020 218 0 346 29
C0 0.0019 412 2 433 44
C0 0.0015 4 161 386 442
J0 0.0015 200 0 317 75
C3 0.0014 149 298 273 411
C0 0.0011 151 302 277 412
C0 0.0011 287 164 432 458
J0 0.0010 222 1 375 36
