C0 0.3489 27 44 138 167
C0 0.3206 209 50 276 104
C0 0.2358 136 276 192 327
C0 0.2200 175 235 254 275
K0 0.1300 3 30 85 88
H3 0.1247 28 44 140 165
C0 0.1101 142 76 204 141
C0 0.0663 135 267 210 337
K0 0.0656 28 43 140 165
C3 0.0413 209 49 268 102
C0 0.0345 131 243 203 341
C0 0.0326 126 267 240 359
C0 0.0260 143 69 215 155
R0 0.0182 142 40 277 176
C0 0.0177 2 31 84 86
C3 0.0158 0 55 38 75
K0 0.0137 109 355 135 362
C0 0.0127 146 240 185 334
C0 0.0127 87 268 210 346
L0 0.0124 143 75 206 145
K0 0.0093 6 29 120 96
K0 0.0088 1 29 130 123
C3 0.0072 159 107 183 142
C0 0.0070 142 26 243 165
K0 0.0067 108 355 145 362
C0 0.0058 1 54 45 79
Q0 0.0053 145 1 275 175
C0 0.0052 123 242 252 366
L0 0.0052 81 177 267 307
C0 0.0051 47 256 237 367
C3 0.0051 211 240 255 270
C0 0.0046 1 54 70 96
C0 0.0045 191 54 260 88
K0 0.0043 28 50 97 161
C0 0.0041 158 239 180 324
C3 0.0040 177 102 204 136
K0 0.0039 -1 22 145 156
C3 0.0038 131 191 150 208
K0 0.0037 1 53 72 96
C3 0.0035 9 32 81 76
E0 0.0034 52 259 236 363
C3 0.0033 94 248 117 288
C0 0.0032 91 189 267 301
C0 0.0031 140 33 276 180
C2 0.0027 239 183 277 220
K0 0.0027 4 29 77 70
C3 0.0027 110 355 135 361
C0 0.0026 173 211 271 296
C0 0.0026 54 43 137 127
C0 0.0024 192 69 215 77
C0 0.0024 192 233 252 292
J0 0.0024 145 58 278 177
C3 0.0023 143 80 205 134
C0 0.0023 97 217 267 291
R0 0.0023 171 230 255 351
C0 0.0022 142 24 213 150
C0 0.0022 133 262 163 328
C0 0.0021 1 52 80 110
C2 0.0020 174 99 204 135
C3 0.0017 104 144 128 177
C0 0.0017 112 258 211 361
C0 0.0016 105 353 176 362
D2 0.0016 144 50 277 180
C0 0.0015 30 191 214 363
L0 0.0015 41 258 238 364
G3 0.0014 8 31 80 66
C0 0.0014 130 256 177 327
C0 0.0014 56 209 120 283
C0 0.0014 199 51 265 75
C0 0.0013 91 211 121 287
C0 0.0013 166 233 252 297
R0 0.0013 -5 1 288 361
C0 0.0012 191 57 231 64
H3 0.0012 -5 6 283 360
C3 0.0012 239 182 277 220
C3 0.0012 51 209 120 279
C0 0.0012 1 46 105 160
K0 0.0011 0 53 38 75
C0 0.0011 66 46 138 179
C0 0.0011 194 50 265 67
C2 0.0011 110 356 135 362
C3 0.0010 145 62 277 178
C0 0.0010 23 19 140 103
C0 0.0010 41 38 123 100
C3 0.0010 159 113 182 153
Q0 0.0010 183 56 228 68
C0 0.0010 121 232 241 296
