C0 0.1491 185 160 342 425
E0 0.0838 152 159 342 426
L0 0.0379 140 160 350 434
C0 0.0124 222 180 309 574
H3 0.0119 205 167 343 416
N0 0.0107 248 278 296 384
A3 0.0105 89 368 367 539
C2 0.0104 142 204 249 244
K0 0.0083 90 376 367 538
B2 0.0080 68 356 383 540
C0 0.0073 209 166 342 281
C0 0.0063 145 196 253 247
G3 0.0058 143 164 343 416
H3 0.0057 136 158 346 456
C0 0.0056 213 167 261 281
H3 0.0053 209 166 343 282
R0 0.0047 43 4 447 112
C0 0.0045 200 164 294 284
N0 0.0042 137 164 348 413
B0 0.0034 146 164 346 414
N0 0.0032 215 171 261 273
C0 0.0032 124 144 347 474
Q0 0.0031 -13 253 234 536
N0 0.0027 134 152 360 512
C3 0.0024 154 205 249 245
H3 0.0024 -9 126 397 532
A3 0.0023 131 374 315 522
B0 0.0022 17 65 401 531
N0 0.0022 81 104 370 479
C0 0.0022 175 157 343 602
C2 0.0021 281 375 353 457
G3 0.0020 248 287 296 412
C0 0.0019 256 170 343 280
G3 0.0018 54 371 397 536
Q0 0.0018 46 0 449 108
D2 0.0017 -13 339 408 533
E3 0.0016 82 368 396 538
C0 0.0016 238 193 312 419
G3 0.0015 249 278 294 377
B0 0.0015 158 170 356 530
C3 0.0015 216 242 259 281
K0 0.0014 105 389 305 535
K0 0.0014 282 373 347 473
C0 0.0013 246 238 297 421
Q0 0.0013 -16 155 365 537
B3 0.0012 255 169 343 282
Q0 0.0012 -21 15 461 535
R0 0.0010 120 32 357 98
H3 0.0010 249 170 340 278
C3 0.0010 214 183 262 282
