C0 0.1134 11 20 286 179
C0 0.0960 0 14 76 77
H3 0.0824 0 14 76 78
B0 0.0726 18 23 276 158
C0 0.0482 193 83 240 133
H3 0.0443 20 22 268 172
L0 0.0312 0 13 75 77
J0 0.0227 0 14 75 77
C0 0.0176 42 40 263 196
C3 0.0170 0 12 74 79
C3 0.0130 346 -1 384 49
C3 0.0122 284 0 354 40
A0 0.0112 -3 24 262 193
I3 0.0096 346 0 383 50
H3 0.0088 346 0 384 50
H3 0.0060 95 23 263 198
C0 0.0052 110 129 180 184
C0 0.0044 205 90 232 120
C2 0.0044 154 108 196 141
H3 0.0043 285 0 356 38
C0 0.0041 85 106 211 187
Q0 0.0038 270 37 383 189
C0 0.0037 18 19 178 178
H3 0.0035 191 81 243 144
C3 0.0033 152 44 185 72
C0 0.0032 179 64 246 156
C3 0.0028 195 113 239 136
H3 0.0024 82 31 211 140
C0 0.0022 151 44 183 73
K0 0.0020 282 1 355 37
C3 0.0020 284 0 380 44
O0 0.0019 -1 11 77 91
C2 0.0018 159 112 187 134
C3 0.0017 130 66 180 101
B0 0.0016 283 0 355 39
H3 0.0015 99 38 202 112
H3 0.0015 9 12 339 191
C3 0.0015 153 107 196 142
C0 0.0015 138 46 257 171
C3 0.0014 127 150 146 176
A2 0.0014 0 157 52 289
C0 0.0013 37 24 143 176
C3 0.0012 110 78 144 112
C3 0.0011 126 50 172 99
E0 0.0011 0 -74 32 -8
J0 0.0010 109 129 187 189
B0 0.0010 49 23 258 127
H3 0.0010 145 34 260 183
L0 0.0010 0 -75 27 -5
H3 0.0010 285 0 386 46
B3 0.0010 345 -31 384 53
