K0 0.2540 162 399 258 449
C0 0.0860 161 385 259 484
K0 0.0835 138 320 256 467
K0 0.0736 330 104 383 231
C0 0.0445 -4 39 242 281
K0 0.0425 135 316 225 413
R0 0.0334 -2 4 385 623
P0 0.0307 136 315 225 413
R0 0.0306 0 39 384 283
C0 0.0239 159 357 270 532
C2 0.0231 171 493 276 536
Q0 0.0200 0 8 386 633
K0 0.0194 162 367 259 488
C3 0.0184 150 316 227 404
B1 0.0178 -4 33 263 266
C3 0.0177 172 492 275 536
K0 0.0167 163 391 258 471
C0 0.0153 170 493 275 536
C0 0.0148 159 400 262 451
C0 0.0127 149 89 364 182
C3 0.0126 329 105 384 228
C0 0.0103 81 46 236 253
Q0 0.0102 17 234 365 595
A3 0.0094 134 315 226 411
C0 0.0092 137 316 228 412
B1 0.0082 67 48 235 249
Q0 0.0082 2 41 388 280
C2 0.0074 330 105 384 188
K0 0.0070 62 195 332 279
C2 0.0066 158 53 228 154
Q0 0.0065 0 44 378 202
R0 0.0060 -6 61 391 462
C0 0.0059 169 456 274 538
Q0 0.0058 64 291 322 562
C3 0.0054 162 399 260 451
C0 0.0045 167 484 280 559
D1 0.0045 16 62 365 213
C0 0.0042 189 101 355 165
K0 0.0041 157 311 279 472
C2 0.0038 -1 201 92 276
N0 0.0037 150 314 227 404
Q0 0.0037 -53 0 395 55
D1 0.0035 100 304 387 407
K0 0.0034 67 124 391 282
D1 0.0034 113 39 392 192
C0 0.0032 62 285 394 422
C0 0.0031 126 303 306 458
C3 0.0031 330 105 383 185
C1 0.0030 -1 53 378 274
K0 0.0028 -4 78 353 302
Q0 0.0027 136 315 277 538
G0 0.0026 -7 30 387 201
R0 0.0025 -45 2 394 60
G3 0.0025 160 49 227 154
C0 0.0023 241 110 262 132
C0 0.0023 108 312 391 404
C2 0.0020 162 62 211 150
C0 0.0020 36 67 359 221
C3 0.0018 192 399 257 450
C0 0.0017 45 78 384 291
H3 0.0017 2 43 199 259
C0 0.0017 303 108 322 127
B1 0.0016 122 32 422 185
K0 0.0016 2 41 197 282
C0 0.0015 -25 53 358 311
G0 0.0015 -82 0 399 55
C0 0.0015 32 238 407 438
C0 0.0015 163 136 348 177
C0 0.0015 40 27 418 199
C3 0.0014 305 109 322 128
C0 0.0013 120 302 250 409
C0 0.0013 -109 0 185 47
C0 0.0012 123 295 384 476
R0 0.0011 16 287 375 607
K0 0.0011 -34 177 354 288
R0 0.0010 3 59 263 274
C0 0.0010 138 448 365 612
D1 0.0010 54 250 400 430
D0 0.0010 -116 0 370 52
