C0 0.9729 14 36 150 188
B3 0.1898 134 68 230 168
C0 0.1765 136 17 251 168
D0 0.0269 224 32 259 146
B1 0.0173 135 65 231 171
K0 0.0116 3 0 242 71
C0 0.0073 43 147 95 174
B3 0.0046 225 30 259 153
N0 0.0045 140 100 203 167
C0 0.0044 204 13 258 164
G3 0.0040 225 35 259 163
D2 0.0034 122 65 296 304
D2 0.0031 226 34 258 205
B3 0.0029 131 54 256 175
C0 0.0028 226 23 258 158
F3 0.0025 190 16 259 148
F3 0.0022 215 35 259 189
B3 0.0021 135 99 205 168
C0 0.0019 153 0 260 123
C0 0.0017 9 0 247 188
N0 0.0015 220 33 258 149
C0 0.0014 96 4 240 179
C0 0.0013 184 17 254 154
C0 0.0012 8 -1 240 78
C3 0.0012 229 31 258 209
G3 0.0010 212 24 258 148
