D1 0.2887 69 46 416 246
L0 0.2112 65 45 413 238
B0 0.1686 91 135 215 238
L0 0.1626 186 68 483 204
P0 0.1127 91 135 215 238
B0 0.1087 40 51 437 245
A3 0.0891 177 70 483 209
L0 0.0551 207 70 407 195
K0 0.0530 90 134 216 239
F2 0.0495 182 82 481 201
O0 0.0312 78 68 474 236
G3 0.0305 86 66 476 237
B0 0.0205 85 86 348 238
M0 0.0094 84 74 371 242
N0 0.0067 84 74 391 234
K0 0.0064 90 134 137 232
E3 0.0044 346 239 489 349
F2 0.0037 237 119 476 212
N0 0.0030 114 138 220 226
P0 0.0030 93 114 284 241
O0 0.0028 113 103 253 229
N0 0.0023 84 136 203 226
N0 0.0023 98 109 261 227
Q0 0.0022 72 67 465 238
Q0 0.0020 350 255 489 341
F2 0.0018 215 108 435 194
G3 0.0017 432 -52 456 -10
C3 0.0016 84 129 213 230
P0 0.0016 89 133 140 237
B1 0.0015 173 31 203 40
B2 0.0015 322 -74 375 -49
L0 0.0015 271 97 326 136
C2 0.0014 91 138 136 226
R0 0.0014 69 -70 392 -4
C3 0.0014 89 132 141 237
B2 0.0013 315 -74 358 -50
H0 0.0013 0 -20 47 170
O0 0.0012 96 129 223 227
H3 0.0012 46 32 500 244
C2 0.0012 321 -73 364 -49
Q0 0.0011 67 -75 388 -4
C2 0.0010 83 132 199 228
C2 0.0010 313 -74 349 -49
C3 0.0010 270 45 279 54
