C0 0.4184 8 327 131 468
H3 0.2261 9 325 133 468
B1 0.2245 347 168 497 304
H3 0.1697 130 52 462 400
B1 0.0969 231 161 512 403
C0 0.0812 279 337 404 441
R0 0.0779 132 48 462 401
A0 0.0751 127 57 456 405
B1 0.0746 103 56 517 419
D0 0.0673 279 338 404 441
D0 0.0460 12 327 130 467
C0 0.0372 236 154 516 428
D0 0.0351 348 169 497 303
D0 0.0312 132 65 474 406
B1 0.0274 389 271 515 361
C2 0.0216 277 340 403 437
N0 0.0179 281 338 404 438
C0 0.0148 345 168 500 303
C3 0.0148 277 339 408 437
N0 0.0147 129 50 452 436
C0 0.0141 389 272 514 360
O0 0.0111 129 45 468 443
B1 0.0104 340 164 509 370
D0 0.0088 390 271 514 361
C0 0.0082 137 170 408 444
J0 0.0056 389 271 514 360
H3 0.0056 170 50 446 305
A0 0.0051 85 27 513 462
C0 0.0049 250 194 432 380
B0 0.0044 116 46 503 446
H3 0.0041 53 32 588 451
C3 0.0037 44 360 124 457
B1 0.0035 176 51 446 277
C3 0.0032 386 276 521 358
C0 0.0030 123 105 515 432
G3 0.0025 284 339 398 433
G3 0.0023 548 -55 602 50
B1 0.0023 283 222 518 378
H3 0.0023 192 50 427 201
C0 0.0022 191 50 434 213
C0 0.0022 349 158 523 375
C3 0.0021 56 372 90 434
R0 0.0021 1 21 623 479
C0 0.0018 259 209 517 469
C3 0.0018 285 215 324 242
C2 0.0017 40 368 101 467
C0 0.0016 263 296 405 447
J0 0.0015 12 331 129 470
C0 0.0013 11 321 76 469
G3 0.0013 555 -46 590 4
C2 0.0012 388 275 508 356
B1 0.0012 208 52 437 216
O0 0.0012 5 328 136 466
C2 0.0011 425 -80 485 -46
C0 0.0010 126 275 409 444
