B1 0.1239 303 0 361 106
D2 0.1194 81 0 268 174
A3 0.1039 72 0 274 177
C3 0.0965 48 1 280 176
H3 0.0960 303 -1 362 108
D0 0.0757 303 -1 362 107
C3 0.0406 108 -9 268 197
C0 0.0295 46 -3 232 224
C3 0.0282 303 -1 362 106
E0 0.0262 44 10 265 214
A3 0.0248 46 5 256 218
H3 0.0234 45 -7 228 227
A3 0.0183 146 14 206 109
A3 0.0171 118 -13 230 159
A3 0.0164 23 -23 297 194
B1 0.0154 326 0 362 104
C3 0.0139 46 5 230 220
K0 0.0130 302 -1 362 108
A3 0.0120 107 -35 260 198
K0 0.0119 36 -15 276 206
C2 0.0110 157 22 202 93
Q0 0.0098 37 -4 271 220
Q0 0.0096 200 -1 361 233
C3 0.0091 157 23 201 94
Q0 0.0080 304 0 362 102
C2 0.0074 168 0 236 41
Q0 0.0058 0 9 145 239
K0 0.0050 144 -21 270 225
H3 0.0047 18 -2 294 223
F2 0.0043 55 -31 279 183
D2 0.0042 43 0 268 223
Q0 0.0035 0 10 79 241
F2 0.0032 94 -3 240 116
O0 0.0027 303 -1 362 106
R0 0.0027 193 -2 363 234
N0 0.0025 303 1 363 104
B0 0.0025 303 -2 363 112
K0 0.0021 169 -7 272 193
Q0 0.0019 293 -4 363 200
H3 0.0019 304 -1 361 68
A0 0.0017 261 39 360 240
C3 0.0015 262 43 359 237
H3 0.0015 301 -8 361 154
H3 0.0015 228 0 361 234
R0 0.0013 260 -7 362 251
E3 0.0013 0 6 76 244
B1 0.0012 42 -15 235 184
H3 0.0012 191 -30 364 215
B2 0.0012 159 -60 302 -24
J0 0.0012 202 -28 370 218
J0 0.0011 258 -13 362 251
C0 0.0010 265 -11 361 217
B0 0.0010 299 -2 362 218
C0 0.0010 300 -26 361 210
