C0 0.2283 119 63 180 137
D1 0.1013 73 28 297 229
C0 0.0983 84 55 161 134
K0 0.0813 310 171 390 264
A0 0.0392 174 18 330 218
C0 0.0377 110 36 306 217
K0 0.0373 171 22 401 217
K0 0.0371 180 23 327 218
C0 0.0353 3 49 197 207
B2 0.0344 83 42 291 227
C0 0.0304 108 9 325 165
B1 0.0232 166 13 330 217
E3 0.0232 0 -3 385 261
R0 0.0230 0 -4 385 262
C0 0.0222 111 37 185 139
Q0 0.0221 1 -2 384 263
D1 0.0197 135 11 332 219
C0 0.0167 114 60 207 150
C0 0.0163 95 6 219 149
A0 0.0154 59 16 359 224
C3 0.0153 117 70 182 135
B3 0.0138 117 17 332 223
C2 0.0126 315 171 392 241
B2 0.0099 145 14 317 213
C0 0.0096 115 48 305 154
H0 0.0093 304 169 390 265
C0 0.0091 83 -6 260 157
A0 0.0079 -1 0 395 258
C0 0.0075 28 44 237 230
A0 0.0067 50 0 244 73
C0 0.0063 0 22 177 180
K0 0.0061 0 70 66 133
B0 0.0060 49 13 368 231
C0 0.0052 9 -1 156 69
C0 0.0051 1 2 109 172
K0 0.0048 1 -1 94 178
C0 0.0048 53 44 197 188
C2 0.0045 118 67 180 133
C0 0.0043 24 -1 246 73
C0 0.0037 2 146 142 221
C2 0.0035 303 250 347 267
C2 0.0035 185 247 265 266
Q0 0.0030 1 0 248 79
K0 0.0029 275 165 391 264
J0 0.0027 67 0 246 75
H3 0.0027 1 1 135 169
C0 0.0027 83 54 147 117
C0 0.0025 38 0 196 66
C3 0.0023 0 67 73 156
C3 0.0023 303 250 346 267
C0 0.0022 2 107 158 222
C2 0.0022 0 150 43 187
C0 0.0021 86 39 215 218
C3 0.0020 75 -1 252 72
C3 0.0019 0 1 69 168
C0 0.0019 52 0 158 63
C3 0.0019 223 102 289 134
C0 0.0018 323 272 384 319
K0 0.0018 0 64 84 164
H0 0.0017 300 202 389 265
C2 0.0017 35 164 93 192
Q0 0.0016 0 -1 252 159
C0 0.0016 46 113 200 202
C0 0.0016 2 91 213 219
H0 0.0014 226 168 391 268
C0 0.0014 5 152 205 226
R0 0.0013 218 0 380 145
R0 0.0013 0 -2 282 233
Q0 0.0012 5 -8 385 138
O0 0.0011 177 16 336 215
C0 0.0011 85 56 130 123
B0 0.0010 185 17 342 214
C0 0.0010 66 -7 370 109
C3 0.0010 158 74 180 138
C0 0.0010 303 262 386 322
