K0 0.2807 269 39 319 133
K0 0.2544 213 182 340 247
C0 0.1516 213 181 339 247
B1 0.1448 332 81 383 247
C0 0.0945 334 121 382 245
C0 0.0918 234 66 383 185
C0 0.0910 262 188 338 247
B1 0.0867 355 93 383 170
C0 0.0642 322 69 383 121
C0 0.0497 266 38 320 132
F2 0.0288 2 0 306 247
C2 0.0197 332 69 383 114
J0 0.0195 233 87 362 189
C0 0.0165 248 32 349 175
C3 0.0162 335 136 383 187
D1 0.0146 41 3 222 142
B3 0.0143 335 112 382 246
B1 0.0142 373 99 383 170
N0 0.0135 269 49 319 132
H3 0.0116 323 69 382 121
C2 0.0104 335 136 383 186
J0 0.0100 33 12 156 96
C0 0.0078 1 172 108 200
K0 0.0075 0 79 49 197
C0 0.0072 321 64 381 167
D0 0.0070 34 11 160 95
B1 0.0070 376 103 383 158
K0 0.0065 0 173 108 204
Q0 0.0062 0 1 159 92
B0 0.0061 0 6 293 248
D0 0.0060 0 79 48 198
D1 0.0060 32 37 289 249
Q0 0.0058 2 0 316 247
C0 0.0057 53 34 309 245
R0 0.0054 31 12 156 94
H3 0.0054 233 84 363 190
C2 0.0047 104 238 140 249
C2 0.0047 355 104 383 167
C3 0.0043 333 69 383 115
B3 0.0042 204 0 277 65
C0 0.0042 0 79 47 198
C2 0.0041 342 188 383 245
C3 0.0039 0 79 48 198
Q0 0.0038 279 -14 382 74
C3 0.0036 355 104 383 167
B1 0.0036 324 66 383 173
C0 0.0036 326 65 382 249
B3 0.0034 0 81 47 200
C3 0.0034 254 230 276 249
N0 0.0032 355 99 383 168
D1 0.0029 58 1 301 133
C0 0.0029 351 116 380 246
H3 0.0029 0 0 308 244
B1 0.0028 205 0 283 66
G3 0.0028 355 91 383 169
J0 0.0027 0 79 44 198
C3 0.0027 320 221 351 249
C3 0.0025 343 188 382 245
B2 0.0024 104 238 140 249
C3 0.0023 271 62 319 133
K0 0.0023 253 34 332 176
N0 0.0023 -1 -2 355 248
B1 0.0023 376 104 383 141
B1 0.0022 359 89 380 234
C0 0.0022 318 70 378 209
J0 0.0021 277 -1 383 76
R0 0.0021 280 -3 382 78
C0 0.0020 235 210 347 248
J0 0.0019 33 8 159 145
F2 0.0018 36 29 332 214
C3 0.0018 104 238 140 249
C0 0.0017 205 0 284 65
C3 0.0016 336 171 383 246
C0 0.0016 323 175 358 244
E2 0.0016 37 45 297 250
C0 0.0015 328 171 384 247
J0 0.0014 23 8 226 128
R0 0.0014 279 -62 380 80
H3 0.0013 1 0 163 190
N0 0.0013 231 68 384 186
C0 0.0012 264 84 362 191
C0 0.0012 -7 175 213 250
H3 0.0012 76 0 303 142
C0 0.0012 2 81 110 214
Q0 0.0011 2 -1 159 193
N0 0.0011 329 70 384 256
C2 0.0011 324 81 381 119
C0 0.0011 343 179 383 246
C3 0.0011 0 173 109 211
C0 0.0011 246 161 331 199
R0 0.0011 0 0 159 103
K0 0.0010 1 77 107 207
D1 0.0010 23 6 248 109
Q0 0.0010 274 -59 381 77
G3 0.0010 375 100 382 179
C3 0.0010 264 193 340 248
C0 0.0010 375 104 383 139
