L0 0.2900 162 15 836 307
C0 0.2189 192 17 864 308
C0 0.0977 62 41 918 660
C0 0.0872 128 337 898 668
C0 0.0330 -47 276 1086 703
C0 0.0286 -67 15 1116 713
K0 0.0262 15 -9 895 694
A0 0.0224 63 7 1026 689
C0 0.0113 878 363 985 583
C2 0.0111 261 452 325 535
L0 0.0107 54 -7 1039 668
C0 0.0087 411 16 856 302
C0 0.0076 -147 165 1217 666
L0 0.0074 120 307 947 645
B0 0.0055 118 350 935 663
K0 0.0053 101 34 827 304
H3 0.0053 82 0 1018 727
C2 0.0051 891 368 986 561
B0 0.0043 79 76 991 660
B0 0.0029 145 18 880 320
C3 0.0024 424 13 857 297
K0 0.0023 169 51 516 233
N0 0.0022 143 17 861 312
C0 0.0019 386 20 756 260
C3 0.0018 754 434 788 509
C0 0.0013 467 19 816 236
L0 0.0013 77 -59 818 282
K0 0.0012 110 37 767 230
C2 0.0012 370 379 506 508
C1 0.0011 159 39 906 315
C0 0.0011 98 261 1021 579
B0 0.0010 1 306 1030 707
C3 0.0010 806 695 856 763
K0 0.0010 157 43 569 292
