K0 0.1298 50 155 416 404
Q0 0.0986 21 156 809 484
A3 0.0571 118 179 799 396
R0 0.0557 21 152 811 480
A3 0.0516 74 153 640 421
B0 0.0475 30 155 657 404
K0 0.0454 24 153 607 407
Q0 0.0275 18 16 809 442
A3 0.0231 26 119 864 418
L0 0.0168 47 148 650 390
C3 0.0153 19 151 680 435
C3 0.0063 467 180 812 368
Q0 0.0063 48 151 724 408
C3 0.0056 510 278 707 386
C3 0.0053 472 257 805 470
K0 0.0046 52 163 297 403
F2 0.0040 39 202 934 394
C3 0.0033 161 246 748 390
C3 0.0032 57 149 464 405
C3 0.0031 490 260 802 398
C3 0.0028 69 250 647 477
C3 0.0028 67 164 1032 397
K0 0.0027 55 177 190 400
A3 0.0026 0 172 1018 398
C3 0.0026 512 306 678 368
Q0 0.0024 47 158 434 406
R0 0.0020 26 155 611 417
L0 0.0018 -3 109 748 339
F2 0.0018 462 177 814 365
C3 0.0016 443 230 796 361
A3 0.0015 74 63 1018 439
Q0 0.0014 6 -73 809 351
C3 0.0013 86 119 831 346
F2 0.0012 8 48 741 327
C3 0.0011 41 42 956 456
A0 0.0011 122 52 872 332
C0 0.0011 -1 127 645 371
F2 0.0010 60 112 818 318
K0 0.0010 85 172 210 381
R0 0.0010 -1 261 821 516
C3 0.0010 155 237 784 484
F2 0.0010 512 304 680 369
