K0 0.2207 155 112 330 302
E0 0.1719 83 285 228 379
K0 0.1082 23 247 230 377
B1 0.1012 155 103 330 306
L0 0.0878 153 8 331 295
B0 0.0560 153 94 332 307
C3 0.0539 113 317 192 379
C3 0.0522 82 282 230 380
C2 0.0490 118 320 190 376
E0 0.0485 26 239 228 379
K0 0.0441 158 9 326 303
K0 0.0398 229 118 331 283
E0 0.0397 115 317 189 378
O0 0.0304 149 112 334 305
Q0 0.0259 52 0 312 63
C3 0.0237 105 307 211 381
C2 0.0217 28 228 57 257
Q0 0.0213 -2 0 347 179
P0 0.0206 147 6 331 335
B3 0.0149 158 102 326 309
E0 0.0140 26 249 212 340
K0 0.0104 236 119 323 209
Q0 0.0091 21 4 333 101
O0 0.0084 74 14 349 395
E0 0.0069 38 274 213 318
Q0 0.0060 -9 -6 360 419
H3 0.0053 -4 -1 354 307
H3 0.0047 87 281 235 375
E0 0.0047 44 279 222 309
B0 0.0036 -15 -4 359 414
E0 0.0031 41 205 300 342
Q0 0.0031 -3 -3 351 284
O0 0.0030 145 21 346 307
E0 0.0030 30 250 195 314
H3 0.0030 -1 0 66 167
M0 0.0029 -18 -1 359 415
C0 0.0029 36 272 231 309
G3 0.0028 25 246 235 376
K0 0.0027 152 114 272 311
R0 0.0024 -35 0 34 140
C0 0.0022 26 229 212 327
K0 0.0021 61 283 225 308
L0 0.0021 134 -8 359 234
C3 0.0020 29 219 182 343
C3 0.0020 25 225 64 271
R0 0.0019 -33 1 -4 140
R0 0.0019 -31 1 -3 97
R0 0.0019 -1 0 68 169
R0 0.0016 -36 -2 58 169
E0 0.0016 64 273 256 308
D1 0.0015 53 0 287 43
E0 0.0015 52 259 287 311
J0 0.0014 -1 -1 68 168
R0 0.0013 -32 0 14 111
C2 0.0012 69 285 97 308
B0 0.0011 105 0 352 308
F2 0.0010 53 280 235 308
E0 0.0010 1 277 283 428
C0 0.0010 176 29 346 280
C0 0.0010 87 294 220 410
Q0 0.0010 0 9 247 172
