B1 0.1317 264 -4 477 172
L0 0.0584 59 60 478 336
R0 0.0447 250 -5 488 168
G3 0.0339 62 86 487 343
G3 0.0339 43 222 276 337
C0 0.0338 245 88 477 269
Q0 0.0317 4 -6 474 344
C1 0.0266 65 84 481 341
B0 0.0257 47 13 480 337
F2 0.0254 55 95 479 338
C0 0.0216 46 88 509 328
B2 0.0191 70 213 283 339
B1 0.0108 241 84 475 294
L0 0.0081 211 83 468 298
G3 0.0074 58 138 375 338
C0 0.0072 259 -7 476 189
H3 0.0072 246 -5 481 160
R0 0.0071 8 38 495 341
L0 0.0061 62 208 283 340
D1 0.0061 70 209 283 340
B1 0.0057 70 204 315 338
C0 0.0051 184 78 479 308
Q0 0.0049 -2 -3 478 208
Q0 0.0049 261 0 476 166
Q0 0.0034 7 54 245 312
Q0 0.0029 -3 211 284 338
C0 0.0029 47 171 351 341
C0 0.0028 415 149 477 292
C0 0.0027 420 15 477 160
R0 0.0026 195 248 482 342
Q0 0.0025 4 28 119 321
B1 0.0024 406 142 477 293
Q0 0.0024 218 237 479 339
F2 0.0024 -134 88 582 402
F2 0.0022 20 158 380 359
B1 0.0022 324 0 472 67
C0 0.0021 323 0 471 67
R0 0.0021 2 36 73 304
B0 0.0019 212 -3 480 321
C3 0.0019 458 -2 478 23
H3 0.0018 300 0 467 71
R0 0.0018 7 53 129 328
Q0 0.0018 14 66 177 328
Q0 0.0018 58 88 195 245
D1 0.0016 95 129 490 340
G3 0.0015 30 212 423 358
R0 0.0015 166 99 486 338
C0 0.0015 217 -3 498 261
C2 0.0014 303 -68 341 -44
R0 0.0014 117 166 494 333
G3 0.0013 -33 176 295 426
B0 0.0012 250 -3 477 165
Q0 0.0012 -18 48 355 329
Q0 0.0012 5 87 304 272
C2 0.0011 431 31 476 141
C2 0.0011 420 174 478 263
Q0 0.0011 222 76 478 308
Q0 0.0011 2 54 51 280
Q0 0.0010 1 50 371 203
R0 0.0010 -5 163 313 335
