B0 0.0595 68 124 133 247
A3 0.0269 68 123 133 243
B2 0.0186 66 -11 123 186
A2 0.0147 75 51 123 209
P0 0.0146 68 124 132 246
D2 0.0136 68 124 133 244
B2 0.0136 68 119 133 226
B3 0.0115 68 121 133 248
E3 0.0113 63 0 136 243
B2 0.0103 72 -71 121 275
B2 0.0083 76 43 126 196
P0 0.0061 69 -8 120 185
M0 0.0056 67 122 133 245
B2 0.0054 76 121 124 184
C3 0.0037 114 215 123 243
F2 0.0029 74 -19 120 228
A2 0.0024 63 -48 124 224
Q0 0.0023 6 14 59 69
R0 0.0022 -34 -1 2 261
B2 0.0021 77 -5 115 150
Q0 0.0020 -7 22 67 78
B2 0.0018 79 0 108 94
Q0 0.0018 -13 11 67 69
E3 0.0017 67 127 134 241
I0 0.0017 -34 0 1 257
C3 0.0017 81 217 90 244
E2 0.0016 74 113 129 194
C0 0.0015 66 164 134 247
K0 0.0015 110 129 133 244
C3 0.0014 97 176 131 217
K0 0.0014 79 0 108 94
G0 0.0013 -21 17 101 82
E2 0.0012 64 88 134 231
P0 0.0011 68 124 105 245
G3 0.0011 81 217 90 244
P0 0.0011 73 -52 122 245
C2 0.0010 98 177 131 217
C0 0.0010 71 6 138 251
