K0 0.2800 26 52 269 278
K0 0.1772 295 44 448 277
B1 0.1556 297 52 447 274
K0 0.1274 34 72 200 276
K0 0.0388 29 111 169 274
K0 0.0349 333 101 445 273
A0 0.0206 22 43 481 332
E2 0.0124 47 42 509 379
H3 0.0082 43 42 478 339
Q0 0.0082 22 58 271 277
K0 0.0079 61 37 442 231
C0 0.0076 313 64 464 280
B0 0.0076 22 42 483 315
K0 0.0075 296 38 406 248
K0 0.0061 31 163 152 275
L0 0.0057 54 40 505 358
C2 0.0044 338 126 418 224
C2 0.0043 44 179 136 258
C0 0.0040 68 36 514 308
K0 0.0039 50 50 355 273
B3 0.0034 313 90 451 280
K0 0.0033 31 128 131 267
Q0 0.0030 294 51 437 274
K0 0.0028 140 40 486 276
K0 0.0024 33 14 521 312
K0 0.0021 225 36 442 263
K0 0.0021 76 51 275 229
R0 0.0021 -1 54 486 335
Q0 0.0020 24 46 480 280
E0 0.0019 -15 8 523 384
O0 0.0018 21 48 474 302
C0 0.0016 177 47 472 297
K0 0.0015 295 44 380 77
R0 0.0015 321 63 479 278
B0 0.0014 30 48 368 285
N0 0.0013 27 52 464 284
