H3 0.5581 78 114 301 350
D0 0.2780 142 332 238 419
B1 0.2086 0 325 246 441
B1 0.1593 142 331 239 419
K0 0.1114 0 324 251 437
K0 0.0972 1 326 160 434
B1 0.0686 85 111 296 342
C0 0.0505 140 332 239 418
O0 0.0249 141 331 236 421
Q0 0.0151 79 110 299 337
N0 0.0127 80 115 298 339
R0 0.0121 0 21 403 491
C3 0.0095 140 336 242 418
R0 0.0087 68 105 303 355
C0 0.0074 97 116 296 345
H3 0.0070 83 115 293 273
Q0 0.0062 79 54 310 410
C3 0.0061 0 326 154 434
N0 0.0049 68 53 319 363
Q0 0.0036 46 14 342 453
C2 0.0030 141 335 239 416
H3 0.0030 31 1 378 403
R0 0.0025 0 419 439 520
R0 0.0024 7 1 395 100
H3 0.0023 142 329 238 417
Q0 0.0023 -4 325 241 457
B0 0.0017 -3 326 242 456
N0 0.0017 -4 326 240 458
C1 0.0016 -4 322 246 457
H3 0.0015 82 139 228 346
H3 0.0014 -8 86 401 508
Q0 0.0013 -8 447 456 518
Q0 0.0012 -3 0 404 107
Q0 0.0012 6 2 397 60
R0 0.0010 0 0 413 188
C0 0.0010 7 317 249 473
J0 0.0010 91 147 294 344
R0 0.0010 -3 325 443 517
