D0 0.4086 32 205 382 437
C0 0.1265 37 205 403 440
D1 0.0708 13 208 401 415
C0 0.0240 19 212 345 396
R0 0.0143 -4 195 396 593
C2 0.0130 346 307 390 366
B0 0.0094 16 205 392 455
Q0 0.0090 -1 1 390 246
R0 0.0076 -1 2 392 255
N0 0.0076 15 210 389 462
C0 0.0065 174 212 216 273
N0 0.0056 331 347 392 455
B0 0.0055 -3 194 399 572
G3 0.0040 330 354 391 455
D0 0.0034 11 213 335 382
C0 0.0034 281 258 390 453
H3 0.0021 -3 197 405 576
B2 0.0017 332 365 391 408
E3 0.0017 -31 450 420 592
C3 0.0014 365 451 390 518
R0 0.0013 -13 353 399 595
C3 0.0013 333 361 392 443
C0 0.0013 63 201 337 358
C3 0.0012 366 413 391 518
G3 0.0011 175 211 214 273
D2 0.0010 0 414 130 593
K0 0.0010 367 436 389 519
C0 0.0010 100 196 332 320
