L0 0.2164 5 57 499 488
C0 0.1434 181 218 461 478
D0 0.1255 337 332 433 477
H3 0.1222 -15 63 502 344
C0 0.0910 220 226 292 359
L0 0.0859 214 206 454 465
C0 0.0843 337 332 433 477
B1 0.0668 185 158 435 414
K0 0.0621 337 331 434 477
C0 0.0612 213 193 442 432
C0 0.0600 263 229 406 394
B1 0.0542 269 232 402 376
B1 0.0541 97 55 505 394
G3 0.0491 223 238 289 340
C0 0.0328 105 61 534 393
A0 0.0324 33 54 498 483
C0 0.0260 2 62 453 344
N0 0.0254 340 345 430 453
D1 0.0242 220 224 292 360
B1 0.0237 220 223 292 362
K0 0.0233 336 241 448 477
B1 0.0229 154 94 443 443
H3 0.0215 -113 31 634 366
C0 0.0199 222 253 283 348
F2 0.0193 10 95 248 258
K0 0.0193 196 61 498 330
B0 0.0173 29 65 443 306
B1 0.0171 -48 42 558 403
C0 0.0161 -92 58 554 376
B0 0.0160 33 59 495 481
N0 0.0155 222 250 281 355
B1 0.0155 41 0 525 470
H3 0.0147 93 60 525 296
H3 0.0129 2 33 511 499
K0 0.0121 337 193 500 486
B1 0.0114 114 61 530 290
C0 0.0095 236 208 478 401
C0 0.0082 220 237 286 415
C3 0.0072 188 75 498 347
N0 0.0065 37 64 496 418
H3 0.0058 -77 53 609 270
G3 0.0054 217 305 280 403
B1 0.0052 230 198 475 395
C0 0.0048 216 145 510 509
C0 0.0047 323 240 439 477
C0 0.0044 141 56 529 294
K0 0.0040 56 91 378 349
Q0 0.0040 24 -1 253 101
C0 0.0040 297 183 476 497
C2 0.0039 74 104 135 198
R0 0.0038 22 419 502 507
G3 0.0038 74 105 131 200
C0 0.0033 220 300 280 415
C0 0.0033 31 57 420 270
B0 0.0031 1 88 266 255
C0 0.0029 24 10 503 475
F3 0.0028 32 455 505 508
Q0 0.0027 27 -2 245 51
C0 0.0026 -4 86 271 255
R0 0.0025 2 62 517 511
B3 0.0024 338 325 444 478
F2 0.0023 52 96 207 257
C0 0.0021 34 109 384 379
C0 0.0020 0 90 144 224
F3 0.0019 113 417 492 507
K0 0.0019 238 54 482 271
C2 0.0019 0 97 87 169
B2 0.0017 1 290 46 511
G3 0.0017 222 267 276 355
R0 0.0016 14 358 510 509
C2 0.0016 79 104 137 171
C0 0.0016 0 91 114 196
H3 0.0015 216 168 482 397
C0 0.0014 127 171 345 448
K0 0.0012 43 97 242 257
K0 0.0012 305 144 488 515
B0 0.0012 208 225 495 477
N0 0.0011 220 339 268 414
G3 0.0011 220 335 271 409
K0 0.0011 -2 88 186 236
H3 0.0011 25 54 484 247
E3 0.0010 167 416 491 510
C0 0.0010 3 1 115 15
R0 0.0010 36 5 286 102
