B0 0.3041 30 166 306 363
B1 0.2060 28 165 300 367
D1 0.1382 25 166 311 367
C0 0.0993 43 188 361 369
Q0 0.0521 -7 0 244 104
B1 0.0516 -5 180 436 371
B1 0.0373 58 190 362 362
L0 0.0281 233 -1 394 151
B0 0.0199 5 148 401 357
H3 0.0196 233 -1 392 154
C3 0.0158 9 -2 265 110
N0 0.0122 22 170 368 370
C0 0.0120 18 179 383 422
H3 0.0115 48 137 390 485
F3 0.0107 23 170 360 363
E3 0.0102 65 136 389 487
L0 0.0096 29 137 390 478
Q0 0.0090 234 0 389 151
N0 0.0086 16 139 390 465
B0 0.0076 18 140 390 464
C0 0.0075 99 181 324 517
F0 0.0072 49 137 389 484
D0 0.0059 10 178 149 495
R0 0.0058 0 -1 261 112
C0 0.0047 211 161 355 510
R0 0.0044 236 -1 390 154
K0 0.0043 107 293 290 491
Q0 0.0038 17 112 386 450
C2 0.0038 329 259 385 377
C3 0.0037 10 193 149 491
K0 0.0037 98 181 315 513
Q0 0.0034 -6 0 364 127
R0 0.0032 8 139 150 511
J0 0.0025 4 -1 263 111
K0 0.0024 15 161 152 493
K0 0.0023 133 292 264 464
C0 0.0021 131 187 361 400
C2 0.0018 28 0 82 89
C2 0.0018 334 248 387 289
C0 0.0018 127 188 357 325
K0 0.0017 167 141 253 225
K0 0.0015 325 240 387 492
E3 0.0015 87 246 389 487
C0 0.0012 237 203 349 493
K0 0.0012 260 174 338 272
C2 0.0012 170 147 250 210
R0 0.0010 -18 0 379 132
C2 0.0010 346 365 386 419
