C0 0.7446 1 144 390 347
C0 0.3014 2 356 246 519
C0 0.2071 4 216 299 516
C0 0.1577 3 149 387 513
C0 0.0770 109 352 390 519
C0 0.0283 2 299 381 515
C0 0.0280 0 13 390 362
C0 0.0162 10 250 210 343
C0 0.0076 3 1 172 101
C0 0.0054 22 446 215 519
C0 0.0051 9 141 180 269
C0 0.0022 61 67 165 100
C0 0.0021 287 -1 370 98
C0 0.0017 165 144 273 233
C0 0.0015 1 364 169 518
D0 0.0014 0 370 58 519
C0 0.0013 72 450 240 520
C0 0.0012 70 491 178 519
C0 0.0011 99 190 160 228
C0 0.0011 152 144 391 350
