C0 0.3954 97 60 237 337
D0 0.3280 99 68 235 325
C0 0.2642 146 272 277 471
D0 0.2183 149 302 275 466
K0 0.1494 146 270 265 473
C0 0.0548 202 274 257 462
K0 0.0397 208 270 249 464
C0 0.0178 96 -42 241 367
R0 0.0125 -4 -8 383 515
E3 0.0112 -5 -9 392 520
B2 0.0091 -41 420 285 518
R0 0.0066 216 180 387 448
A0 0.0065 0 -4 382 514
C0 0.0063 145 252 244 454
C0 0.0061 42 0 147 213
G3 0.0059 -1 426 272 517
K0 0.0059 -23 424 288 520
B3 0.0051 92 -9 236 320
C3 0.0040 216 271 236 314
N0 0.0038 -10 -3 392 517
H0 0.0038 -38 414 299 521
E3 0.0035 0 134 285 512
H3 0.0034 3 -2 384 517
C2 0.0031 195 472 275 517
K0 0.0029 0 426 90 517
A3 0.0028 -25 416 289 519
C0 0.0026 93 -1 226 251
K0 0.0024 32 432 183 520
C0 0.0023 140 305 282 513
K0 0.0022 44 -2 146 212
C0 0.0021 227 183 376 254
C0 0.0020 232 282 251 319
C2 0.0020 141 306 188 364
N0 0.0020 134 209 211 299
C0 0.0019 118 119 388 339
K0 0.0019 205 251 247 422
C2 0.0018 103 75 206 174
C0 0.0018 220 139 378 262
C3 0.0016 0 373 50 423
K0 0.0016 61 435 149 519
R0 0.0015 -3 -2 127 238
C0 0.0014 206 267 274 473
K0 0.0014 192 471 272 518
K0 0.0014 134 167 251 442
C0 0.0014 191 469 271 517
C3 0.0014 215 153 387 523
N0 0.0014 142 326 274 446
R0 0.0013 134 -14 363 216
Q0 0.0013 105 2 368 209
N0 0.0013 157 331 232 442
K0 0.0013 148 286 214 470
E3 0.0013 -6 425 274 518
K0 0.0013 0 459 80 519
C0 0.0012 110 239 253 477
B0 0.0012 8 -8 381 492
C2 0.0012 169 309 267 406
E3 0.0011 -1 199 380 511
N0 0.0011 92 -1 243 328
C3 0.0010 233 282 252 318
C0 0.0010 24 189 276 480
K0 0.0010 215 267 238 331
C2 0.0010 4 430 92 502
