D0 0.5041 165 19 259 102
C0 0.3422 164 18 259 103
C0 0.2880 297 98 388 192
H3 0.2565 296 98 389 192
D0 0.1995 297 98 387 190
H3 0.1556 164 18 261 104
C0 0.0802 144 20 259 257
R0 0.0399 143 -8 388 248
D1 0.0370 142 -11 244 257
C0 0.0284 147 97 217 248
K0 0.0259 -5 -21 158 247
G0 0.0209 144 -3 386 242
C0 0.0205 143 36 223 251
K0 0.0161 40 -7 156 226
B0 0.0159 0 104 64 148
K0 0.0152 107 0 155 214
D1 0.0151 144 30 261 212
P0 0.0149 143 4 227 253
C0 0.0135 146 87 248 246
K0 0.0114 141 -32 233 266
B1 0.0102 144 25 262 235
D1 0.0100 0 104 63 129
N0 0.0095 110 112 149 193
C0 0.0094 148 77 259 168
E3 0.0092 1 -2 158 248
C0 0.0085 181 112 259 145
C2 0.0084 167 144 213 210
C0 0.0078 110 105 149 208
C0 0.0071 157 101 264 149
B0 0.0069 0 104 64 127
K0 0.0067 0 101 66 244
D0 0.0066 111 104 149 208
D1 0.0062 0 103 63 150
C3 0.0051 169 144 212 210
C3 0.0049 0 102 65 243
G3 0.0047 190 117 237 143
K0 0.0045 95 -36 244 258
C0 0.0045 240 96 391 194
C3 0.0042 189 117 238 143
C2 0.0038 0 -4 14 70
I3 0.0036 0 99 66 242
H3 0.0035 242 96 390 195
P0 0.0035 0 104 64 150
N0 0.0034 166 22 240 102
K0 0.0033 0 100 39 250
H0 0.0033 2 0 393 245
O0 0.0031 295 100 388 189
C0 0.0030 1 20 75 166
D2 0.0030 1 0 157 248
C0 0.0029 150 139 212 249
C0 0.0028 191 117 238 143
C3 0.0026 85 201 146 251
N0 0.0026 296 99 387 189
K0 0.0025 0 -1 17 113
C0 0.0022 108 10 153 220
C0 0.0021 165 92 292 156
C0 0.0020 0 -11 153 218
K0 0.0019 78 -16 158 223
C0 0.0019 0 233 31 250
B1 0.0019 0 -2 15 69
C0 0.0019 0 4 19 124
C0 0.0017 142 96 186 247
A0 0.0017 -1 2 160 246
K0 0.0017 0 -1 14 70
Q0 0.0017 0 3 154 249
C3 0.0017 298 110 359 183
C0 0.0017 0 103 67 128
C3 0.0016 148 199 187 250
C0 0.0016 156 83 310 186
N0 0.0016 298 113 358 184
N0 0.0016 144 115 182 243
K0 0.0015 110 106 149 210
B0 0.0014 137 0 391 235
C0 0.0014 0 104 65 151
A0 0.0013 155 3 382 115
N0 0.0013 -1 0 165 244
H3 0.0013 5 1 382 241
D2 0.0012 1 -1 386 250
C0 0.0012 151 -11 263 193
K0 0.0011 237 94 390 197
C0 0.0011 0 35 18 146
H3 0.0011 0 101 63 210
C0 0.0011 0 54 65 147
C3 0.0011 0 105 64 151
H3 0.0011 141 -32 237 250
K0 0.0011 6 -4 154 162
C3 0.0011 0 38 10 66
C0 0.0010 135 61 203 241
C3 0.0010 1 4 93 169
K0 0.0010 -2 31 166 205
