H3 0.5102 214 69 394 280
H3 0.4599 22 72 153 205
R0 0.2322 42 343 179 473
C0 0.1284 21 72 151 203
K0 0.1277 131 186 178 282
C0 0.1234 131 186 178 282
A0 0.1059 76 194 140 273
E0 0.0950 214 67 393 279
H3 0.0925 42 341 181 470
J0 0.0924 63 272 125 352
R0 0.0852 62 272 125 352
R0 0.0757 80 351 177 461
C0 0.0668 75 193 141 274
C0 0.0467 87 359 177 451
C3 0.0402 63 273 126 351
C2 0.0399 63 272 125 351
H3 0.0232 219 68 381 217
J0 0.0217 77 346 176 470
C3 0.0175 216 73 390 278
C3 0.0167 131 186 179 279
J0 0.0164 77 193 140 275
C3 0.0155 76 195 141 272
A0 0.0146 129 186 180 283
G3 0.0117 131 185 179 279
A0 0.0113 75 188 180 284
C2 0.0111 53 422 90 457
G3 0.0109 76 194 138 271
H3 0.0094 76 191 141 276
H3 0.0093 62 271 124 352
O0 0.0090 214 70 391 277
C0 0.0088 44 340 181 470
C3 0.0082 53 422 91 457
C3 0.0068 53 405 91 458
I0 0.0066 42 343 180 470
R0 0.0050 63 270 177 353
H3 0.0048 49 345 120 459
C2 0.0039 54 429 77 454
R0 0.0035 7 7 399 499
O0 0.0034 25 84 152 209
O0 0.0033 51 111 108 170
N0 0.0033 86 363 177 444
E0 0.0032 52 417 90 458
C3 0.0032 117 366 177 445
E0 0.0032 52 391 90 459
N0 0.0032 214 73 389 277
C3 0.0030 28 118 99 201
C2 0.0030 132 190 174 263
C3 0.0027 53 120 98 190
C3 0.0026 58 369 97 424
C3 0.0025 70 371 97 411
H3 0.0024 252 86 372 192
H3 0.0022 54 352 105 448
C3 0.0022 0 0 68 75
E0 0.0022 55 430 75 453
H3 0.0021 29 81 122 207
C0 0.0021 63 270 178 354
R0 0.0020 56 261 181 427
H3 0.0019 90 98 125 154
C0 0.0017 126 364 176 447
O0 0.0016 29 74 172 264
C3 0.0016 86 362 178 443
C3 0.0015 118 347 173 367
I0 0.0015 21 326 211 478
B2 0.0014 117 347 174 367
H3 0.0014 77 93 138 171
R0 0.0014 49 154 182 470
Q0 0.0013 59 0 242 36
N0 0.0013 10 57 135 208
H3 0.0012 0 3 400 501
E0 0.0012 64 393 86 437
Q0 0.0012 200 0 382 34
C0 0.0011 66 200 96 283
Q0 0.0011 50 120 183 463
E0 0.0011 53 406 100 461
C3 0.0010 57 371 75 426
C3 0.0010 219 226 350 322
Q0 0.0010 58 188 183 292
O0 0.0010 64 188 184 285
R0 0.0010 57 345 173 384
