B1 0.0901 147 6 330 274
C0 0.0717 151 2 336 279
C0 0.0543 271 12 344 82
R0 0.0421 252 1 392 270
B0 0.0416 101 -4 393 267
H3 0.0352 119 -37 344 243
O0 0.0316 101 -7 394 269
B1 0.0207 81 -19 341 278
H3 0.0189 269 12 344 82
C0 0.0126 260 0 394 86
C3 0.0110 280 12 345 82
H3 0.0108 202 -35 403 265
H3 0.0105 67 -19 381 264
C0 0.0074 175 64 341 258
N0 0.0071 109 0 393 262
C0 0.0065 208 0 327 130
C0 0.0061 175 67 327 170
C0 0.0044 250 4 332 117
C3 0.0042 261 103 303 142
C0 0.0041 191 -3 388 208
C0 0.0039 221 37 284 115
H3 0.0034 210 8 323 119
C0 0.0034 191 -22 349 181
C3 0.0027 378 194 394 275
C0 0.0027 292 30 344 84
H3 0.0026 172 -32 331 220
C3 0.0025 300 121 328 148
C0 0.0023 228 -6 362 137
B1 0.0022 166 72 301 260
Q0 0.0020 0 -39 182 265
B0 0.0020 93 -15 298 285
E2 0.0019 373 195 395 273
C0 0.0019 217 23 287 130
C0 0.0019 176 6 332 205
H3 0.0018 219 40 284 110
B2 0.0018 374 194 394 272
Q0 0.0017 319 12 396 276
R0 0.0017 210 2 398 227
C2 0.0016 263 -61 306 -40
Q0 0.0016 4 -18 394 258
C1 0.0015 71 -13 392 247
C0 0.0015 187 85 328 154
C0 0.0014 242 43 283 92
C3 0.0014 243 45 283 93
C0 0.0013 300 128 325 148
C0 0.0013 165 48 384 278
Q0 0.0012 256 0 398 270
H3 0.0012 226 9 347 97
K0 0.0011 308 0 394 38
H3 0.0011 196 -1 300 125
B1 0.0010 103 13 285 271
