K0 0.5810 48 71 201 218
D0 0.5334 232 46 345 183
C0 0.5114 231 45 346 185
K0 0.2861 231 46 345 183
C0 0.0622 112 0 213 42
K0 0.0353 106 72 197 182
D0 0.0325 111 -1 203 43
A0 0.0212 3 -2 433 424
C0 0.0183 145 0 222 40
R0 0.0155 3 -10 437 431
C3 0.0145 146 -1 203 41
Q0 0.0144 6 358 396 432
C3 0.0127 110 -1 198 44
K0 0.0113 144 0 222 40
H3 0.0098 2 -12 436 430
E3 0.0091 2 -6 435 426
Q0 0.0088 3 -7 437 427
Q0 0.0083 91 367 326 425
K0 0.0078 218 41 312 186
C3 0.0077 107 76 198 157
C3 0.0064 177 81 210 115
C3 0.0063 192 0 222 32
C2 0.0058 277 9 321 51
C0 0.0054 103 68 201 166
C0 0.0051 147 0 198 40
F0 0.0049 1 -6 432 419
R0 0.0044 6 360 382 433
K0 0.0041 50 84 153 219
C0 0.0038 246 2 330 176
D2 0.0031 1 -10 435 412
Q0 0.0030 63 316 367 423
Q0 0.0030 -18 299 453 436
K0 0.0028 308 -2 414 12
K0 0.0024 88 69 190 157
K0 0.0022 355 0 416 11
N0 0.0021 228 48 336 181
C3 0.0018 151 60 187 93
Q0 0.0017 5 314 289 437
C3 0.0016 276 8 320 51
F2 0.0016 169 -2 421 16
F2 0.0014 106 -2 417 42
Q0 0.0013 107 -2 227 44
Q0 0.0013 6 366 284 431
F3 0.0013 127 -2 423 24
F3 0.0013 109 -1 420 36
M0 0.0012 403 35 435 137
C0 0.0012 107 -2 223 57
C3 0.0012 143 0 234 39
N0 0.0012 115 78 196 157
C3 0.0011 69 -1 203 44
C0 0.0011 36 -2 211 44
K0 0.0010 57 70 182 170
C0 0.0010 237 1 358 195
