D0 0.4100 26 114 197 303
H3 0.1928 26 116 197 307
C0 0.0905 29 112 196 303
C0 0.0425 57 229 160 254
M0 0.0102 27 107 195 304
D0 0.0086 57 228 158 254
N0 0.0075 26 108 193 308
C2 0.0074 165 59 198 121
Q0 0.0065 27 109 194 307
D0 0.0061 49 192 177 256
G3 0.0053 60 230 152 253
C0 0.0045 37 176 192 307
C2 0.0043 60 231 154 252
D0 0.0042 48 168 166 267
C3 0.0038 67 231 154 253
B1 0.0037 109 301 162 345
B1 0.0034 80 300 164 345
B1 0.0029 -3 267 181 349
Q0 0.0026 0 275 199 345
B2 0.0026 73 129 156 148
G3 0.0025 191 128 198 198
C2 0.0025 157 0 199 21
B1 0.0024 65 288 201 346
C2 0.0023 71 128 155 149
B1 0.0019 152 -1 199 127
C2 0.0018 191 128 198 196
H3 0.0017 57 270 192 347
H3 0.0016 52 108 190 261
R0 0.0015 0 277 201 347
C3 0.0015 1 278 77 346
Q0 0.0014 74 276 199 346
G3 0.0013 78 275 88 345
H3 0.0012 76 90 191 313
B1 0.0012 33 270 138 349
C2 0.0011 63 113 170 148
C2 0.0011 158 8 198 24
J0 0.0011 151 -2 199 133
C2 0.0011 183 127 198 198
G3 0.0011 69 127 155 148
C3 0.0010 62 112 169 149
