A3 0.1594 98 98 150 141
F2 0.0772 87 93 150 143
C3 0.0626 100 99 150 141
C0 0.0621 100 98 150 142
C2 0.0330 0 293 31 320
D0 0.0250 0 0 32 65
D1 0.0217 257 33 274 152
C0 0.0195 0 0 33 143
G3 0.0184 258 34 274 153
K0 0.0178 2 109 139 282
C3 0.0175 0 116 22 159
C2 0.0165 0 117 22 159
D2 0.0139 0 293 30 320
E2 0.0130 0 293 31 320
C0 0.0113 0 0 32 64
G3 0.0113 261 58 273 150
Q0 0.0108 4 1 293 77
Q0 0.0102 94 2 279 77
G3 0.0092 0 116 22 159
F2 0.0084 87 93 139 125
H3 0.0081 0 0 32 65
E3 0.0078 6 -1 297 327
K0 0.0068 -3 116 130 211
H3 0.0065 -2 0 33 124
R0 0.0063 -2 6 285 323
Q0 0.0061 7 280 256 321
Q0 0.0054 120 18 262 88
C0 0.0053 61 91 142 239
Q0 0.0050 106 0 280 52
Q0 0.0048 22 5 190 84
B2 0.0048 258 34 273 151
D2 0.0044 1 46 136 320
P0 0.0042 251 28 274 153
B2 0.0042 0 293 31 320
K0 0.0034 -5 116 126 180
Q0 0.0033 0 0 203 102
B0 0.0032 66 93 153 230
D1 0.0032 262 29 273 146
D1 0.0032 60 95 139 238
G3 0.0032 251 29 274 155
K0 0.0031 62 107 136 232
Q0 0.0029 204 210 290 298
E3 0.0028 59 21 280 303
F0 0.0027 0 34 138 317
B0 0.0027 61 58 167 266
E3 0.0027 1 117 131 320
B2 0.0026 -2 115 126 186
D1 0.0026 251 23 274 155
N0 0.0025 55 95 150 234
G3 0.0025 1 25 149 314
G3 0.0025 61 93 149 231
C3 0.0024 0 -1 30 65
Q0 0.0024 87 224 278 319
B2 0.0023 65 102 137 233
B0 0.0023 0 21 151 311
B0 0.0023 -2 0 279 309
C0 0.0022 73 94 150 196
R0 0.0022 26 6 291 132
K0 0.0021 0 142 125 306
Q0 0.0020 208 232 267 324
Q0 0.0020 12 8 150 95
Q0 0.0020 113 20 263 125
K0 0.0019 35 116 133 228
Q0 0.0019 74 18 285 115
F2 0.0019 47 0 135 23
B0 0.0018 39 33 203 281
G3 0.0018 252 49 272 139
B2 0.0017 250 30 274 156
L0 0.0016 51 158 178 310
R0 0.0016 -9 112 291 325
Q0 0.0016 211 223 277 307
C0 0.0015 96 96 149 159
K0 0.0014 -1 -2 31 168
Q0 0.0014 54 31 190 74
Q0 0.0014 122 41 151 66
Q0 0.0014 153 221 279 323
E3 0.0014 253 31 274 152
Q0 0.0013 10 235 261 322
K0 0.0012 43 122 128 195
Q0 0.0012 -13 0 262 59
G3 0.0012 35 61 198 285
Q0 0.0012 52 204 301 318
Q0 0.0012 79 288 159 312
C0 0.0012 52 141 173 318
L0 0.0011 0 101 264 322
C0 0.0011 0 -16 38 186
Q0 0.0011 182 261 273 320
C0 0.0011 0 0 46 54
Q0 0.0011 -8 17 290 269
C2 0.0010 94 162 134 202
C0 0.0010 2 73 130 318
H3 0.0010 -22 -2 35 148
E3 0.0010 92 72 260 227
Q0 0.0010 24 0 146 65
