K0 0.0906 159 -1 307 48
C3 0.0871 400 10 464 70
C0 0.0711 158 0 308 49
C0 0.0695 160 -1 316 196
L0 0.0554 166 -1 314 196
R0 0.0300 442 56 609 301
C2 0.0271 477 165 569 256
C0 0.0185 175 130 244 194
C3 0.0178 171 0 305 49
C0 0.0140 208 32 292 149
C2 0.0127 399 9 465 69
C2 0.0115 158 0 302 48
C3 0.0114 210 133 244 193
H3 0.0102 421 37 615 304
C0 0.0100 398 3 466 73
C0 0.0082 157 -2 308 135
L0 0.0082 160 -54 446 55
C3 0.0059 176 131 245 194
C0 0.0046 396 -26 485 76
R0 0.0042 450 137 609 297
C0 0.0039 399 10 446 70
C0 0.0035 440 57 610 305
K0 0.0030 112 -5 321 51
C0 0.0030 149 -2 309 90
C0 0.0026 389 -13 464 122
C0 0.0025 154 -10 403 51
J0 0.0025 454 137 610 296
C0 0.0021 391 -50 516 115
L0 0.0020 83 -8 330 208
C0 0.0020 453 129 610 294
H3 0.0019 349 69 631 323
D2 0.0017 424 -136 495 -103
L0 0.0017 170 -15 482 68
B2 0.0017 303 386 354 421
C3 0.0017 285 285 334 320
C0 0.0016 160 117 249 248
A0 0.0014 174 -2 619 365
Q0 0.0014 433 31 617 305
C0 0.0013 318 187 337 223
C2 0.0013 157 0 248 47
C0 0.0013 82 -6 325 70
L0 0.0012 181 -7 470 126
B2 0.0011 423 -138 497 -101
B0 0.0011 176 -3 620 353
C0 0.0011 159 -8 421 203
L0 0.0010 427 29 612 310
D2 0.0010 31 293 313 524
