C0 0.0920 84 92 227 246
K0 0.0743 75 64 234 222
H3 0.0640 79 75 225 263
C2 0.0530 210 217 257 261
H3 0.0243 -1 68 289 289
B1 0.0220 79 64 236 221
K0 0.0164 139 211 260 292
O0 0.0159 79 67 283 242
B0 0.0140 76 66 269 247
C2 0.0126 219 262 256 291
C0 0.0112 102 80 269 245
D2 0.0099 225 262 255 291
B0 0.0091 0 68 287 258
C3 0.0079 168 93 200 117
K0 0.0077 51 218 254 292
K0 0.0060 61 222 196 292
C0 0.0056 46 80 297 266
N0 0.0035 1 62 288 285
B2 0.0026 225 262 255 291
K0 0.0025 87 204 271 295
B1 0.0021 69 46 275 241
C2 0.0020 105 105 145 141
B2 0.0019 245 257 261 272
C2 0.0018 197 215 251 266
B0 0.0016 17 79 206 268
C0 0.0015 168 92 199 117
Q0 0.0015 -2 1 171 44
H3 0.0015 108 62 285 203
D2 0.0013 231 95 241 102
Q0 0.0012 133 0 288 20
K0 0.0010 208 211 262 283
K0 0.0010 53 191 212 294
