B1 0.2017 182 79 290 419
B1 0.1199 217 83 288 423
C0 0.1142 137 401 334 535
B1 0.0599 376 94 482 421
B1 0.0554 373 94 441 414
B1 0.0463 240 94 300 413
B1 0.0408 287 102 340 429
D1 0.0402 185 75 292 415
K0 0.0327 183 78 284 420
B1 0.0325 418 93 484 430
B0 0.0320 340 91 507 546
D1 0.0295 287 105 342 421
C0 0.0257 483 60 659 620
B1 0.0252 366 91 404 411
D1 0.0215 488 32 649 597
D1 0.0188 131 392 553 537
B1 0.0170 342 82 508 543
F2 0.0165 145 391 558 539
D1 0.0131 135 401 340 535
F2 0.0110 418 93 483 430
D1 0.0100 277 97 377 462
A0 0.0097 -2 20 732 713
C2 0.0092 358 407 427 516
K0 0.0086 421 92 484 424
C2 0.0085 264 410 330 518
A0 0.0085 317 80 524 587
B2 0.0084 363 88 405 418
C0 0.0082 128 395 505 536
K0 0.0081 354 115 502 554
O0 0.0080 334 78 511 577
L0 0.0070 344 77 512 559
K0 0.0069 359 83 407 435
G3 0.0067 258 118 280 299
B0 0.0065 499 47 646 605
L0 0.0064 134 375 557 537
G3 0.0057 295 125 335 338
C0 0.0056 151 81 397 610
G3 0.0053 290 193 319 434
G3 0.0053 499 45 647 600
B2 0.0047 492 40 656 545
C0 0.0047 522 145 651 610
B2 0.0046 422 89 485 427
B0 0.0044 14 26 716 713
G3 0.0041 297 245 320 420
D1 0.0041 156 38 311 647
C0 0.0040 139 214 367 549
G3 0.0039 372 110 399 391
C2 0.0038 357 405 465 500
G3 0.0037 421 113 461 341
P0 0.0036 183 84 271 424
B3 0.0036 257 95 398 514
B3 0.0034 133 399 339 538
D1 0.0033 403 46 529 603
C0 0.0031 196 95 367 581
R0 0.0031 7 509 711 727
D1 0.0029 127 21 408 670
R0 0.0029 491 36 704 695
G3 0.0028 429 112 459 382
F2 0.0027 286 97 339 437
G3 0.0027 292 135 323 456
G3 0.0026 370 173 394 406
E2 0.0026 -28 291 730 779
C0 0.0026 548 231 647 603
B1 0.0025 393 46 498 596
L0 0.0025 110 253 587 569
C2 0.0024 359 407 414 493
P0 0.0024 420 -41 658 686
A3 0.0023 355 397 500 531
D1 0.0020 412 46 491 596
B0 0.0020 153 72 304 545
F2 0.0019 293 87 418 429
N0 0.0018 430 125 460 409
G3 0.0018 235 114 268 307
L0 0.0018 149 68 399 582
B1 0.0018 481 41 691 616
G3 0.0017 371 107 394 466
E2 0.0017 82 368 629 598
G3 0.0016 242 136 278 320
F2 0.0015 420 82 509 448
B1 0.0015 306 83 411 434
B0 0.0015 321 42 550 623
B2 0.0015 270 411 330 489
B3 0.0015 182 94 263 439
N0 0.0015 174 77 295 409
H3 0.0015 3 9 727 737
B0 0.0015 174 77 295 433
B0 0.0014 241 29 680 684
P0 0.0013 461 55 649 641
D1 0.0013 240 40 354 621
C3 0.0013 358 401 469 500
F2 0.0013 347 397 508 534
B3 0.0013 287 79 394 459
C0 0.0013 355 398 500 531
G3 0.0013 203 204 255 422
D1 0.0012 532 176 649 608
B3 0.0012 415 -25 660 688
G3 0.0012 241 220 277 409
P0 0.0012 354 394 504 538
G3 0.0012 274 180 321 436
D0 0.0012 19 632 720 724
G3 0.0012 413 60 451 439
C0 0.0011 255 112 336 562
K0 0.0011 350 96 418 537
B2 0.0011 423 52 511 537
G3 0.0010 255 101 279 352
B0 0.0010 369 22 701 716
