C0 0.3486 259 31 335 113
H3 0.2509 258 30 335 115
E0 0.2354 41 12 161 126
H3 0.1360 41 11 161 127
C0 0.1092 182 42 253 108
C0 0.0968 82 -1 98 51
D0 0.0493 259 30 334 114
K0 0.0447 75 -1 89 59
K0 0.0429 79 -2 98 55
G3 0.0400 85 -1 98 49
H3 0.0293 183 43 253 109
C0 0.0284 110 6 118 53
L0 0.0248 42 13 161 125
J0 0.0196 41 10 164 126
C3 0.0175 246 110 267 135
C0 0.0170 43 13 161 125
A0 0.0164 42 13 161 125
C0 0.0123 73 0 88 59
G3 0.0114 73 0 88 58
G3 0.0113 110 5 120 52
C0 0.0097 183 -9 260 113
G3 0.0092 80 0 94 49
G3 0.0083 110 9 116 53
K0 0.0077 183 33 253 109
K0 0.0067 182 -4 254 108
K0 0.0061 78 0 87 44
K0 0.0060 69 -2 101 66
C0 0.0059 81 0 107 60
C0 0.0053 185 -22 322 143
C3 0.0048 259 38 319 105
G3 0.0044 88 4 98 50
C0 0.0038 209 24 334 123
C0 0.0037 79 0 97 42
G3 0.0033 78 0 91 38
C3 0.0032 182 61 256 107
C0 0.0030 109 11 118 60
H3 0.0026 178 49 269 118
C0 0.0025 99 2 121 56
C3 0.0024 73 25 89 60
C0 0.0023 78 2 88 32
G3 0.0022 78 -1 98 40
G3 0.0020 93 -1 101 54
G3 0.0019 73 25 88 60
G3 0.0016 95 4 120 53
C0 0.0016 98 7 116 49
B1 0.0015 176 -74 297 135
C0 0.0014 87 0 125 72
C0 0.0014 180 -46 291 122
C0 0.0014 102 83 159 148
K0 0.0012 103 83 155 147
H3 0.0012 53 4 138 86
G3 0.0010 78 -1 89 32
C3 0.0010 43 7 130 126
K0 0.0010 69 -7 91 61
G3 0.0010 100 9 117 52
