L0 0.1306 0 0 149 127
D0 0.0875 46 75 106 138
K0 0.0821 4 36 98 107
K0 0.0748 16 28 114 91
D1 0.0545 70 0 151 55
C0 0.0529 14 87 40 108
C0 0.0506 -1 39 85 111
B1 0.0505 39 49 141 129
B0 0.0445 32 49 145 132
F3 0.0386 46 40 149 138
K0 0.0363 0 72 27 92
K0 0.0359 53 62 137 138
C0 0.0334 14 38 100 105
B1 0.0321 17 32 112 105
C0 0.0293 21 23 130 105
G3 0.0279 7 0 148 114
C0 0.0246 0 72 26 92
B0 0.0240 0 3 152 141
D1 0.0238 34 53 147 132
L0 0.0221 -2 39 87 109
C0 0.0220 5 10 160 115
G3 0.0204 14 87 41 109
K0 0.0185 46 72 117 139
K0 0.0147 6 19 147 97
K0 0.0139 31 2 162 83
Q0 0.0130 1 0 150 97
D1 0.0129 33 -3 167 69
C1 0.0127 0 5 147 112
C0 0.0124 10 54 94 113
R0 0.0111 0 15 138 111
G3 0.0098 0 71 28 93
P0 0.0093 0 72 27 92
F2 0.0092 21 24 125 119
C0 0.0092 -13 -9 187 123
C0 0.0089 36 4 157 92
F2 0.0083 27 -6 170 77
G3 0.0071 39 26 149 139
B0 0.0068 45 15 150 139
K0 0.0058 3 -5 155 118
K0 0.0046 57 57 143 120
Q0 0.0044 3 0 143 52
R0 0.0043 21 26 154 125
C0 0.0037 24 35 154 124
R0 0.0037 0 29 105 110
L0 0.0036 39 -5 166 63
C0 0.0035 1 69 54 109
A3 0.0034 81 32 154 126
Q0 0.0033 103 86 150 153
F2 0.0032 77 34 152 116
L0 0.0032 21 33 140 126
D0 0.0027 44 52 126 137
K0 0.0025 0 40 66 110
Q0 0.0023 50 0 150 145
C0 0.0021 1 47 59 109
F3 0.0020 99 83 152 158
B2 0.0018 84 0 150 50
Q0 0.0017 0 0 124 39
Q0 0.0017 0 23 109 109
C0 0.0017 2 -5 175 92
Q0 0.0015 7 0 134 28
C2 0.0014 126 43 150 67
I0 0.0014 14 112 48 148
Q0 0.0014 47 30 52 36
C0 0.0013 9 79 50 109
F3 0.0013 96 65 151 181
F2 0.0013 33 -6 163 116
C0 0.0012 127 41 150 68
E2 0.0012 53 4 153 98
C0 0.0011 1 53 51 99
D1 0.0011 46 62 103 135
C0 0.0011 30 12 134 85
D1 0.0011 43 48 119 132
Q0 0.0011 12 3 114 62
C0 0.0011 77 21 152 118
C0 0.0010 0 62 37 95
Q0 0.0010 8 110 48 151
C0 0.0010 1 75 44 127
