B0 0.1411 67 -25 180 336
K0 0.1031 89 0 144 50
B0 0.0920 207 67 353 315
D1 0.0563 77 -48 173 307
B0 0.0506 85 -52 173 279
B1 0.0478 196 -21 335 331
C3 0.0361 89 0 141 50
B0 0.0339 74 62 173 304
C0 0.0311 94 -47 174 272
K0 0.0288 265 0 346 21
M0 0.0271 71 -1 179 347
K0 0.0239 194 -34 336 289
F0 0.0233 266 0 347 21
K0 0.0223 202 -32 291 284
L0 0.0211 73 0 199 300
K0 0.0209 221 0 300 58
C0 0.0203 71 -60 193 338
P0 0.0200 72 64 174 300
K0 0.0198 220 0 347 56
L0 0.0180 202 0 356 315
B0 0.0180 202 -29 341 280
G3 0.0174 203 -2 355 316
K0 0.0169 229 0 344 23
D1 0.0160 192 6 348 344
L0 0.0142 94 -48 174 279
N0 0.0139 71 0 180 305
B3 0.0136 64 -53 203 357
L0 0.0129 59 -3 287 302
K0 0.0123 205 69 359 318
C2 0.0122 90 0 138 48
L0 0.0113 205 -9 314 231
C0 0.0110 77 265 151 384
K0 0.0098 259 213 310 317
Q0 0.0092 205 0 354 315
K0 0.0091 119 0 172 59
C0 0.0084 72 161 176 381
C0 0.0081 204 -31 337 297
P0 0.0077 64 -15 178 335
D0 0.0074 78 265 151 382
B0 0.0070 14 -4 372 332
B0 0.0069 59 -4 253 369
K0 0.0067 77 264 153 384
L0 0.0066 87 0 300 60
K0 0.0065 295 213 351 313
H3 0.0063 3 -8 384 384
N0 0.0057 258 204 309 306
K0 0.0053 76 265 107 382
B1 0.0052 77 264 151 383
C0 0.0046 57 -66 238 354
K0 0.0044 88 0 171 49
K0 0.0043 163 0 300 58
L0 0.0042 99 -4 174 220
B0 0.0042 171 -2 344 339
G3 0.0039 133 268 150 362
K0 0.0037 90 -3 158 91
B3 0.0037 78 264 150 382
N0 0.0035 292 205 344 301
G3 0.0034 76 0 319 61
K0 0.0032 192 0 323 25
D1 0.0032 71 108 174 394
B3 0.0031 42 -17 254 331
K0 0.0031 246 103 352 317
F2 0.0030 216 49 349 323
Q0 0.0024 33 -6 197 363
K0 0.0021 252 204 353 318
N0 0.0020 79 260 110 372
O0 0.0020 226 -2 359 49
G3 0.0020 77 259 108 369
E3 0.0020 69 1 176 292
L0 0.0019 69 123 182 396
H3 0.0019 151 -6 367 347
L0 0.0018 200 -14 280 264
C3 0.0018 223 -1 295 58
B0 0.0018 81 0 344 63
K0 0.0017 273 0 375 23
K0 0.0016 169 -57 275 304
L0 0.0015 80 1 300 35
K0 0.0015 235 0 360 39
C3 0.0014 92 0 127 46
C3 0.0014 122 0 156 61
C0 0.0014 100 -3 174 214
K0 0.0013 222 103 318 317
K0 0.0013 162 0 296 35
H3 0.0013 57 -12 205 390
D2 0.0013 1 246 66 381
E0 0.0012 35 -17 318 344
G3 0.0012 0 37 6 222
C1 0.0012 80 0 340 61
C2 0.0011 268 0 345 21
K0 0.0011 133 264 149 385
R0 0.0011 19 276 388 385
C0 0.0010 71 265 114 384
K0 0.0010 69 128 176 388
