B1 0.1421 174 160 312 387
B0 0.1300 178 161 315 375
C0 0.0771 171 188 309 393
N0 0.0420 168 52 309 436
C0 0.0192 168 282 310 391
P0 0.0145 177 159 310 380
E3 0.0142 159 0 320 442
C0 0.0123 180 -49 281 329
L0 0.0115 161 -2 319 451
E3 0.0106 141 0 421 448
C0 0.0101 162 -27 302 365
B3 0.0088 177 146 310 389
C2 0.0077 202 165 261 248
C2 0.0077 248 296 310 371
N0 0.0069 152 -3 335 455
C0 0.0068 175 204 272 405
B3 0.0066 159 -2 304 357
C0 0.0063 250 288 310 385
B0 0.0056 158 -1 320 443
B0 0.0054 149 0 409 456
C0 0.0049 170 208 236 405
C0 0.0049 176 117 302 359
E3 0.0048 171 156 282 410
C3 0.0048 203 368 224 410
R0 0.0047 163 -8 475 475
C3 0.0040 201 162 258 243
P0 0.0035 180 163 263 366
C0 0.0031 185 290 221 413
C2 0.0031 219 254 281 310
E3 0.0029 204 -13 484 485
B0 0.0029 166 20 297 351
P0 0.0028 158 -22 306 378
L0 0.0027 178 -63 291 362
R0 0.0027 175 296 462 476
E3 0.0027 177 133 312 448
B3 0.0026 180 184 256 358
G3 0.0025 200 315 225 410
E3 0.0022 -26 288 466 485
K0 0.0022 172 291 226 410
P0 0.0021 184 60 296 377
B0 0.0020 4 -7 390 465
C2 0.0020 184 318 268 373
E3 0.0018 144 269 477 488
C2 0.0018 202 165 253 212
E3 0.0017 68 337 468 471
Q0 0.0015 275 7 433 155
C0 0.0015 197 298 223 410
E3 0.0015 310 14 452 461
C0 0.0015 183 287 263 413
E3 0.0015 342 82 438 420
O0 0.0014 294 5 431 176
Q0 0.0013 223 301 461 476
G3 0.0013 165 -1 315 391
C2 0.0011 201 255 276 330
E3 0.0011 119 166 380 466
I3 0.0010 198 0 343 39
C0 0.0010 171 292 227 408
C0 0.0010 204 176 310 353
C0 0.0010 198 1 352 30
