K0 0.1859 176 107 343 153
K0 0.1357 173 104 347 191
F2 0.0889 173 131 346 191
L0 0.0463 102 5 349 321
L0 0.0444 81 30 349 242
K0 0.0435 74 51 264 230
K0 0.0414 115 48 341 117
K0 0.0403 157 78 347 161
L0 0.0322 114 120 334 288
B1 0.0240 110 189 246 316
K0 0.0234 146 24 347 127
F2 0.0221 105 11 349 326
K0 0.0212 156 75 345 121
K0 0.0210 172 134 344 191
K0 0.0192 96 44 345 214
G3 0.0158 116 45 347 135
G3 0.0151 111 38 347 199
L0 0.0139 112 47 347 132
K0 0.0115 112 188 243 301
K0 0.0103 137 79 339 110
G3 0.0098 91 42 351 262
F2 0.0083 110 185 249 317
G3 0.0083 151 93 347 190
K0 0.0079 109 57 333 144
K0 0.0078 89 102 326 297
H3 0.0072 15 0 353 328
K0 0.0068 48 49 379 260
L0 0.0068 60 62 313 294
E3 0.0066 150 285 341 354
L0 0.0060 112 7 346 116
R0 0.0054 24 287 334 347
C0 0.0051 72 77 312 294
E3 0.0047 181 266 346 372
K0 0.0043 82 60 192 228
F2 0.0036 142 94 348 205
K0 0.0034 122 185 245 270
R0 0.0031 154 258 348 360
F3 0.0031 99 318 345 348
L0 0.0031 2 3 351 272
K0 0.0029 182 61 345 176
F3 0.0029 31 304 335 347
F3 0.0028 41 280 341 346
F2 0.0027 89 92 300 286
B2 0.0027 115 188 250 320
K0 0.0027 113 161 257 267
R0 0.0026 74 270 352 350
B0 0.0025 -5 1 362 305
F3 0.0025 12 316 293 347
B1 0.0025 -1 236 32 390
F2 0.0025 144 129 339 287
Q0 0.0024 105 110 352 329
B1 0.0023 0 215 18 346
D1 0.0023 132 23 343 120
B0 0.0022 39 31 330 249
L0 0.0022 121 32 338 101
B0 0.0022 108 110 351 322
C3 0.0021 255 319 264 329
C2 0.0021 110 241 145 271
C3 0.0021 131 0 343 93
G3 0.0021 0 238 7 351
B1 0.0019 0 225 37 353
K0 0.0019 106 111 274 279
K0 0.0019 145 101 343 171
G3 0.0018 117 213 192 262
F3 0.0018 145 302 317 340
C2 0.0017 0 234 7 347
E3 0.0016 157 230 347 349
C0 0.0016 0 198 18 352
C0 0.0015 0 189 28 356
Q0 0.0014 245 168 346 355
L0 0.0013 140 -2 333 83
C3 0.0013 255 336 264 344
E3 0.0012 178 169 348 351
Q0 0.0012 104 230 353 349
K0 0.0011 131 134 333 209
D2 0.0011 261 272 364 360
J0 0.0011 142 -1 338 82
F3 0.0011 153 309 177 331
C1 0.0010 108 124 351 330
F3 0.0010 222 334 261 345
