A0 0.2647 70 89 247 300
H3 0.2342 67 80 244 295
C3 0.0684 254 25 325 40
R0 0.0437 68 65 254 267
K0 0.0412 207 0 324 13
A0 0.0410 65 46 251 252
G3 0.0256 145 52 174 132
A3 0.0238 255 24 326 40
K0 0.0202 239 0 330 39
C0 0.0179 255 22 330 40
E0 0.0159 58 21 251 239
G3 0.0156 198 0 333 15
E2 0.0143 52 23 248 236
H3 0.0110 60 20 254 243
L0 0.0089 55 11 246 236
D2 0.0076 68 19 257 289
C3 0.0071 244 15 326 41
K0 0.0069 254 12 332 40
B2 0.0062 143 23 177 133
Q0 0.0061 68 17 259 294
C3 0.0054 192 0 311 18
G3 0.0053 203 0 333 34
C3 0.0052 206 8 218 16
K0 0.0052 191 0 291 14
K0 0.0041 243 0 334 18
G3 0.0038 216 1 335 24
C3 0.0035 186 0 226 15
K0 0.0035 201 0 334 30
N0 0.0030 60 16 258 301
K0 0.0030 286 6 319 16
G3 0.0030 107 0 331 24
K0 0.0029 279 0 332 19
F2 0.0027 11 0 152 16
E3 0.0026 213 5 331 48
G3 0.0020 -1 0 336 29
F2 0.0019 123 0 229 16
C0 0.0019 13 15 280 305
C2 0.0018 146 30 175 133
G3 0.0018 147 71 170 133
C3 0.0018 253 20 327 53
A3 0.0017 139 0 240 14
F3 0.0017 -5 0 323 27
B2 0.0016 137 22 190 135
C3 0.0015 66 86 238 300
Q0 0.0015 -3 0 234 29
C3 0.0015 219 0 292 10
C3 0.0014 138 0 245 19
F2 0.0013 197 0 329 40
C2 0.0013 148 22 175 63
K0 0.0013 0 0 62 17
C3 0.0013 200 7 225 16
R0 0.0012 -2 0 235 43
F2 0.0011 4 0 156 23
B0 0.0011 145 21 175 132
F2 0.0010 3 0 105 12
C3 0.0010 254 20 330 39
