D1 0.3951 321 429 773 468
D1 0.3557 166 255 726 318
D1 0.3026 130 193 771 264
D1 0.2719 140 208 738 316
D1 0.2615 219 341 746 392
D1 0.1635 3 105 794 176
D1 0.1243 0 101 654 160
D1 0.0869 189 272 754 364
D1 0.0828 303 411 773 467
D1 0.0793 205 302 744 372
D1 0.0538 116 188 735 241
D1 0.0460 61 115 821 267
F3 0.0314 311 429 777 471
B0 0.0300 -1 117 773 167
F3 0.0282 190 345 778 393
D1 0.0280 142 109 766 163
F3 0.0194 190 282 776 341
F3 0.0191 -5 110 773 160
D1 0.0191 256 352 750 429
B0 0.0154 140 209 784 274
B0 0.0127 187 272 785 342
D1 0.0121 99 108 754 230
D1 0.0121 202 322 772 381
F3 0.0119 206 394 790 469
F3 0.0111 203 347 780 440
G3 0.0098 317 426 782 473
B0 0.0097 -8 129 786 303
B0 0.0095 170 246 789 320
C1 0.0095 189 347 796 403
D1 0.0094 221 275 771 319
B0 0.0094 76 190 788 287
F3 0.0088 165 250 780 326
B0 0.0067 1 72 793 404
D1 0.0067 337 427 767 496
D1 0.0064 2 73 876 172
H3 0.0062 4 30 799 480
F3 0.0061 306 438 788 486
C1 0.0057 163 212 777 283
C1 0.0057 118 181 797 362
C1 0.0057 4 115 779 165
B0 0.0056 197 365 795 471
A0 0.0050 2 34 800 485
C1 0.0045 176 249 796 386
B0 0.0040 -5 144 769 255
G0 0.0031 170 246 781 356
R0 0.0027 -12 -6 775 173
G3 0.0024 340 435 683 466
D1 0.0023 168 271 697 309
G0 0.0022 185 209 777 309
C1 0.0022 187 359 802 475
C1 0.0021 -5 46 774 173
F3 0.0020 283 346 782 475
D1 0.0018 -43 111 690 198
D1 0.0017 224 199 776 252
C1 0.0016 104 132 787 325
R0 0.0016 1 102 807 500
C1 0.0015 -25 -10 794 178
C1 0.0015 145 339 798 447
B2 0.0014 591 449 650 489
G3 0.0014 171 276 645 307
D1 0.0014 322 350 767 392
C1 0.0014 23 211 824 455
C0 0.0013 195 274 256 298
D1 0.0013 302 117 766 159
G3 0.0012 159 206 532 228
G3 0.0012 198 345 420 375
D1 0.0011 138 206 727 256
C1 0.0011 -19 72 779 445
G3 0.0010 571 437 737 469
G3 0.0010 259 433 756 467
