R0 0.0523 27 -5 542 358
L0 0.0495 18 0 532 355
C2 0.0465 329 146 363 187
Q0 0.0424 8 -40 538 343
G0 0.0212 17 0 526 351
D1 0.0207 16 107 337 358
C2 0.0127 364 133 394 164
B0 0.0096 17 -3 543 358
C0 0.0091 341 6 497 110
C0 0.0083 96 -4 467 315
C0 0.0061 208 -11 535 300
N0 0.0059 22 1 526 350
K0 0.0059 340 6 499 111
H3 0.0059 20 -6 547 358
C0 0.0045 49 122 350 337
C2 0.0030 36 297 95 350
C0 0.0021 302 -17 511 294
Q0 0.0017 3 -61 446 267
C0 0.0014 242 42 471 280
D1 0.0014 16 28 377 343
C3 0.0014 36 296 95 350
G3 0.0013 0 -17 16 302
C0 0.0012 183 33 577 392
C0 0.0010 28 46 371 336
C0 0.0010 -3 -56 539 333
