D1 0.2416 469 609 744 729
B1 0.1229 463 609 748 729
D1 0.1133 418 71 701 650
D1 0.0949 327 9 412 668
D1 0.0680 23 85 290 598
R0 0.0595 465 609 742 730
G0 0.0458 14 78 337 704
R0 0.0385 11 81 338 702
D1 0.0334 306 -1 431 749
G0 0.0278 399 87 709 700
L0 0.0276 20 76 290 586
D1 0.0250 383 118 742 734
C2 0.0245 236 735 304 750
D1 0.0244 400 184 666 720
R0 0.0210 2 608 225 750
C1 0.0205 404 91 712 706
B0 0.0205 398 87 709 704
D1 0.0204 34 147 322 700
G3 0.0198 15 77 327 710
C2 0.0188 192 723 350 749
G3 0.0180 321 24 405 712
C1 0.0154 17 77 337 711
F3 0.0152 396 74 710 699
C2 0.0140 220 732 324 750
D1 0.0139 254 -26 542 721
B1 0.0135 236 -81 558 817
C0 0.0133 195 722 341 750
C3 0.0124 45 302 84 326
F3 0.0116 319 27 407 696
B1 0.0113 333 80 409 759
B1 0.0110 305 5 439 746
C2 0.0106 721 189 750 219
C1 0.0104 13 28 740 752
J0 0.0103 -1 673 162 749
C3 0.0095 721 188 750 219
C1 0.0091 323 31 406 699
B0 0.0090 325 29 406 695
C3 0.0089 193 720 348 751
C2 0.0079 731 294 750 327
G3 0.0075 347 473 387 678
C0 0.0073 1 672 184 748
C0 0.0072 18 81 304 591
K0 0.0068 190 719 346 751
B0 0.0067 151 14 746 720
D2 0.0065 731 293 750 327
R0 0.0063 3 468 239 757
C3 0.0059 1 670 158 750
G3 0.0055 352 309 373 569
C2 0.0049 1 205 38 246
F3 0.0047 261 22 429 713
B0 0.0044 14 73 333 715
B0 0.0044 309 15 633 722
C3 0.0039 2 205 37 246
B0 0.0039 270 20 429 704
B0 0.0039 -9 32 512 721
R0 0.0039 1 668 211 749
R0 0.0038 0 495 734 753
L0 0.0037 411 40 711 603
G0 0.0037 -9 36 528 724
B1 0.0036 60 144 371 712
R0 0.0036 -4 658 380 747
I0 0.0035 3 506 745 746
Q0 0.0031 -2 640 372 745
B0 0.0030 20 687 661 751
E0 0.0030 452 0 475 22
H3 0.0029 0 671 161 748
D1 0.0029 531 491 732 554
G3 0.0029 351 403 385 702
G3 0.0028 232 18 443 716
F3 0.0027 78 707 389 751
C0 0.0027 192 704 429 752
C3 0.0026 231 601 331 704
L0 0.0025 3 455 237 763
B1 0.0025 469 546 738 723
F3 0.0025 33 689 692 753
G3 0.0023 351 251 375 644
C2 0.0023 186 722 298 749
C2 0.0022 45 302 84 326
C2 0.0022 452 0 474 24
C3 0.0022 579 729 652 750
B1 0.0021 345 221 402 701
B0 0.0021 20 547 712 739
C0 0.0021 4 669 372 750
F3 0.0021 3 574 693 742
R0 0.0020 472 67 707 606
B1 0.0020 175 69 470 767
D1 0.0019 470 517 748 733
F3 0.0018 13 650 638 749
G3 0.0018 421 91 711 639
H0 0.0018 39 4 204 136
G3 0.0017 240 600 294 628
B1 0.0017 296 108 514 752
R0 0.0017 92 489 243 742
C2 0.0017 568 162 587 190
C3 0.0016 92 717 353 752
D1 0.0015 182 -12 457 664
R0 0.0015 -8 526 372 774
J0 0.0015 1 609 214 750
G3 0.0014 450 2 474 25
R0 0.0014 1 586 417 749
C1 0.0013 -9 533 376 769
C2 0.0013 541 495 678 545
R0 0.0013 444 172 758 749
D1 0.0012 81 266 332 707
J0 0.0012 1 669 236 750
D1 0.0012 153 -110 490 859
G3 0.0012 351 357 373 623
F3 0.0011 718 210 749 372
R0 0.0011 2 558 558 751
R0 0.0011 4 578 230 707
E2 0.0010 406 48 587 104
E3 0.0010 -9 499 324 795
D1 0.0010 474 614 624 740
C3 0.0010 0 609 162 751
