R0 0.0628 1 10 502 432
Q0 0.0372 38 20 490 408
R0 0.0361 326 69 514 380
R0 0.0322 12 385 493 453
R0 0.0312 10 397 495 499
D1 0.0250 14 407 330 451
R0 0.0196 0 56 175 358
R0 0.0173 -1 364 495 475
R0 0.0160 0 211 147 300
R0 0.0156 0 126 157 317
Q0 0.0139 98 38 406 397
R0 0.0116 5 307 499 454
F3 0.0094 0 215 139 294
R0 0.0073 1 434 502 501
D1 0.0072 128 32 175 400
R0 0.0070 5 407 436 450
G0 0.0060 3 163 129 294
Q0 0.0060 341 27 503 388
Q0 0.0056 -2 223 155 327
R0 0.0050 1 235 501 443
C1 0.0045 13 439 503 500
D1 0.0040 122 22 195 407
D1 0.0039 -29 402 432 450
R0 0.0038 125 321 362 408
G3 0.0037 141 191 157 376
R0 0.0036 266 52 365 395
Q0 0.0034 186 50 383 392
C0 0.0034 308 68 372 387
R0 0.0033 11 294 438 424
R0 0.0033 169 41 399 399
G0 0.0032 0 217 141 309
D1 0.0031 26 383 451 453
Q0 0.0028 -4 22 186 381
R0 0.0025 59 30 414 395
R0 0.0024 44 14 173 392
R0 0.0022 266 46 490 399
R0 0.0021 291 57 352 390
D1 0.0020 309 60 374 392
G0 0.0017 8 211 43 285
D1 0.0017 103 3 269 418
G3 0.0016 141 145 159 421
B3 0.0016 300 131 415 319
G0 0.0016 -2 206 149 388
D1 0.0015 237 15 332 414
Q0 0.0014 286 57 350 388
R0 0.0014 9 172 419 430
G0 0.0014 7 180 40 275
R0 0.0012 -1 390 416 472
R0 0.0012 -19 -2 242 21
R0 0.0011 302 52 437 390
R0 0.0010 98 19 257 394
G0 0.0010 10 219 50 310
C2 0.0010 21 414 128 447
