R0 0.1373 136 0 586 743
D1 0.0417 147 -5 304 792
Q0 0.0356 -20 2 584 751
R0 0.0343 198 10 312 725
D1 0.0253 119 -21 375 839
R0 0.0238 173 3 358 742
E3 0.0152 -39 0 577 734
Q0 0.0136 183 -4 585 765
D1 0.0114 -4 -52 554 866
R0 0.0113 35 1 418 735
R0 0.0092 -24 4 303 731
C3 0.0080 313 304 579 533
C0 0.0059 -5 31 572 856
K0 0.0052 313 304 584 537
B2 0.0042 185 61 296 805
B3 0.0041 1 -28 365 819
R0 0.0039 269 300 568 724
B1 0.0033 84 -35 445 913
C3 0.0032 222 26 568 659
E3 0.0031 24 613 565 762
Q0 0.0029 -25 0 333 753
D1 0.0027 50 -142 343 813
E3 0.0024 193 555 610 774
E3 0.0023 12 570 647 777
H3 0.0019 239 -5 577 645
R0 0.0018 10 -169 568 865
D1 0.0016 -12 -83 379 910
E3 0.0016 -9 701 553 769
C3 0.0015 296 2 584 181
C3 0.0014 272 276 579 713
R0 0.0014 299 2 581 217
E3 0.0012 107 578 431 752
R0 0.0011 -18 3 582 330
B0 0.0011 3 -101 630 754
B1 0.0011 148 57 359 827
K0 0.0010 292 -2 589 175
