R0 0.2317 5 221 725 741
C2 0.1311 78 13 94 29
L0 0.0489 6 225 713 705
C1 0.0471 3 223 707 701
D1 0.0324 91 218 696 471
F3 0.0314 2 227 708 547
R0 0.0188 -11 488 741 760
C1 0.0174 1 227 721 521
G3 0.0091 0 232 705 494
R0 0.0083 -4 354 765 815
G3 0.0059 76 15 94 31
E3 0.0055 17 458 555 787
C2 0.0054 8 26 116 106
R0 0.0054 0 4 752 510
C1 0.0050 0 67 747 542
D1 0.0050 198 221 709 407
E3 0.0043 70 433 458 761
R0 0.0042 4 560 622 751
C1 0.0036 3 56 503 438
Q0 0.0035 2 108 422 414
E3 0.0035 301 485 764 773
R0 0.0030 -4 -2 753 142
R0 0.0030 261 491 747 759
D1 0.0029 39 254 599 513
R0 0.0022 -2 2 739 284
E2 0.0021 7 13 151 126
R0 0.0021 8 9 149 136
E3 0.0021 11 553 537 767
Q0 0.0020 -17 -7 755 141
D1 0.0020 15 1 411 137
G0 0.0019 26 96 424 389
R0 0.0018 290 552 389 644
C2 0.0018 283 48 338 103
C2 0.0017 23 58 103 126
C3 0.0017 32 34 115 107
E3 0.0016 338 554 744 751
F3 0.0015 70 20 453 123
C1 0.0015 -5 22 750 294
C1 0.0014 11 267 593 499
I0 0.0013 -7 1 675 131
G0 0.0013 -18 4 744 274
G0 0.0013 -21 -9 758 125
C1 0.0012 -3 181 410 432
R0 0.0011 50 -25 386 148
B2 0.0011 30 30 116 101
D1 0.0010 132 69 354 124
E3 0.0010 334 342 746 789
D1 0.0010 126 199 608 580
R0 0.0010 273 370 736 773
Q0 0.0010 -13 1 744 217
