D1 0.4133 32 164 220 212
D1 0.2962 55 129 215 179
D1 0.2232 33 190 229 235
D1 0.2039 37 234 226 254
D1 0.1587 33 204 228 238
D1 0.1364 37 127 218 206
D1 0.1195 36 217 227 241
D1 0.1002 40 186 219 214
C0 0.0745 0 90 95 206
F2 0.0612 44 199 226 224
B1 0.0467 49 91 95 151
D1 0.0365 45 222 222 238
F2 0.0341 43 210 225 234
L0 0.0268 0 89 96 203
F3 0.0213 36 240 229 257
D0 0.0209 0 127 51 203
C0 0.0206 0 126 50 202
F3 0.0187 32 229 231 260
R0 0.0175 -1 1 263 351
C2 0.0174 48 91 98 151
C0 0.0145 2 115 76 203
C3 0.0130 47 90 97 151
B3 0.0130 49 90 95 151
G3 0.0120 162 184 227 206
G3 0.0105 48 90 97 152
N0 0.0102 47 89 96 154
G3 0.0081 31 214 231 265
L0 0.0078 54 95 214 182
G0 0.0076 -5 0 262 348
C0 0.0070 50 90 95 150
D1 0.0070 34 223 232 247
G3 0.0052 153 166 219 189
G3 0.0051 114 166 213 191
C3 0.0050 0 127 51 204
G3 0.0049 46 35 57 143
C1 0.0049 32 229 244 275
G3 0.0046 113 239 223 254
H3 0.0046 0 126 51 203
D1 0.0038 45 238 223 262
R0 0.0032 46 35 224 134
B0 0.0031 -4 0 269 344
C1 0.0028 25 159 237 295
C1 0.0025 14 127 254 318
G0 0.0025 5 90 256 332
F3 0.0024 9 289 255 347
R0 0.0024 20 290 257 348
C1 0.0023 33 211 236 297
G3 0.0023 162 200 223 221
G3 0.0022 119 185 220 208
G3 0.0022 0 93 97 202
G3 0.0021 164 237 227 255
M0 0.0021 262 7 302 100
C3 0.0020 0 23 59 204
F2 0.0020 58 215 226 237
F3 0.0019 6 309 261 348
Q0 0.0019 84 291 259 348
C0 0.0019 24 44 93 168
R0 0.0016 15 26 252 115
C2 0.0016 161 201 224 221
J0 0.0015 0 126 51 205
C1 0.0015 21 318 261 346
C0 0.0015 0 25 93 200
Q0 0.0015 32 149 235 316
R0 0.0014 35 227 240 351
C1 0.0014 34 237 239 293
C2 0.0014 52 192 161 211
B0 0.0013 -6 45 260 246
B1 0.0013 69 165 217 198
Q0 0.0013 53 0 296 95
F3 0.0012 1 104 94 194
K0 0.0012 219 267 302 348
J0 0.0011 1 272 256 347
C2 0.0011 45 208 157 226
G3 0.0011 161 189 226 210
B2 0.0011 268 88 305 107
G3 0.0011 80 242 243 255
R0 0.0011 8 26 238 172
G3 0.0010 98 230 237 254
F3 0.0010 -1 44 96 206
B0 0.0010 0 34 96 204
G3 0.0010 34 44 57 131
C1 0.0010 29 222 251 331
F2 0.0010 39 339 196 350
D1 0.0010 83 182 224 211
D1 0.0010 41 192 170 213
