D1 0.3414 198 -9 513 243
L0 0.1509 35 -5 507 306
G3 0.0895 22 -5 506 305
F2 0.0877 50 69 431 289
D1 0.0872 77 -35 528 243
D1 0.0791 -16 74 437 309
B0 0.0720 27 55 446 292
F3 0.0704 37 -6 509 305
D1 0.0600 -5 -21 486 304
C0 0.0555 39 221 142 302
R0 0.0467 5 -87 511 304
H3 0.0313 38 221 143 303
D0 0.0277 40 221 142 303
D1 0.0215 35 93 345 305
C1 0.0195 35 10 509 306
L0 0.0177 15 66 368 313
G0 0.0173 -2 -29 506 277
B0 0.0156 24 -5 512 308
K0 0.0155 37 220 144 303
B1 0.0155 82 -51 499 260
C3 0.0142 41 222 146 300
K0 0.0123 38 157 261 303
B0 0.0112 38 150 263 303
G3 0.0080 161 0 505 269
B1 0.0078 15 -17 532 340
D1 0.0064 284 43 431 153
H3 0.0061 0 -92 505 276
C0 0.0044 85 61 483 304
H3 0.0041 38 168 218 306
B1 0.0039 290 -4 507 212
F2 0.0039 71 -117 533 303
G0 0.0038 169 2 504 259
F2 0.0038 34 121 382 308
L0 0.0037 41 104 277 302
D1 0.0028 241 39 491 245
C0 0.0025 41 207 188 303
Q0 0.0019 19 -22 507 307
B1 0.0016 21 -79 421 275
A0 0.0016 -6 -105 517 190
B0 0.0016 163 5 507 266
F3 0.0014 201 3 507 237
D1 0.0014 292 -6 507 217
G0 0.0013 -5 -95 505 194
L0 0.0010 -35 20 418 319
