D1 0.2048 0 167 452 216
G3 0.1852 9 82 492 126
G3 0.1295 -1 260 497 312
D1 0.1027 -19 146 469 217
D1 0.0974 45 175 452 209
B0 0.0920 71 73 497 135
D1 0.0750 21 75 359 125
D1 0.0623 -13 247 499 317
F2 0.0586 98 73 479 134
L0 0.0485 10 82 493 133
F2 0.0325 -16 67 389 126
D1 0.0250 -37 90 483 237
D1 0.0216 55 72 492 131
B0 0.0168 16 179 461 227
B0 0.0146 5 -34 493 372
D1 0.0133 3 260 435 308
C3 0.0131 347 86 488 124
G3 0.0128 -2 230 500 320
D1 0.0111 -33 225 526 325
H3 0.0111 0 -44 499 371
D1 0.0109 -16 177 472 248
F2 0.0103 -36 174 460 222
F2 0.0101 -51 87 468 237
F2 0.0098 19 83 350 124
F2 0.0069 68 48 507 141
F3 0.0060 3 261 498 344
B0 0.0058 2 67 489 279
D1 0.0056 -68 187 531 339
B2 0.0052 121 76 490 131
F2 0.0049 7 168 404 210
L0 0.0046 1 40 501 315
B0 0.0044 9 168 491 279
D1 0.0044 42 68 494 162
B0 0.0043 -3 98 503 342
F2 0.0041 13 48 368 122
F2 0.0041 -47 153 452 212
C2 0.0040 347 87 482 123
K0 0.0036 357 86 496 124
F2 0.0036 -26 174 464 252
B0 0.0034 5 261 493 307
B0 0.0033 1 204 502 315
B0 0.0030 -6 160 498 245
E2 0.0029 0 40 529 268
C2 0.0029 384 331 418 368
D1 0.0028 -35 168 496 306
F2 0.0027 25 76 362 164
L0 0.0026 7 0 370 148
B0 0.0020 4 244 502 385
C2 0.0018 355 84 442 124
F2 0.0017 -8 61 427 195
F2 0.0017 -46 170 500 302
L0 0.0016 108 51 515 140
D1 0.0015 9 268 448 359
D1 0.0015 359 282 499 469
G3 0.0014 220 85 489 129
D1 0.0014 99 259 521 314
G3 0.0014 12 82 357 121
F2 0.0012 26 43 528 218
G3 0.0011 424 -38 480 11
G3 0.0011 68 71 502 137
B0 0.0010 150 79 503 124
G3 0.0010 -6 14 499 155
