B1 0.2135 5 44 129 114
C0 0.1514 5 44 131 115
C2 0.1240 228 0 254 24
D1 0.1007 127 46 313 196
B1 0.0460 1 43 184 120
C0 0.0410 3 40 239 140
L0 0.0323 0 -77 355 195
R0 0.0287 0 40 304 199
C0 0.0258 5 43 120 83
C0 0.0253 6 28 266 182
C2 0.0248 158 158 189 186
B1 0.0238 124 44 307 199
C1 0.0220 1 42 308 198
C1 0.0214 0 -78 357 197
K0 0.0210 5 44 113 94
L0 0.0198 2 43 306 198
K0 0.0186 5 44 108 74
B1 0.0137 44 37 302 201
H3 0.0117 1 -71 355 196
B0 0.0112 1 43 319 198
C0 0.0104 120 39 301 197
B1 0.0103 -36 16 321 202
H0 0.0082 164 -46 366 179
C2 0.0077 193 41 209 58
C0 0.0070 0 -44 364 185
C2 0.0067 158 164 183 185
C1 0.0062 126 50 299 196
L0 0.0056 -18 33 258 146
F3 0.0054 111 49 301 196
F3 0.0035 27 38 328 195
B0 0.0028 23 -76 358 196
C0 0.0027 -47 -84 441 243
R0 0.0026 122 50 305 198
G0 0.0024 123 49 304 196
C3 0.0023 157 158 190 186
G3 0.0023 128 52 301 195
L0 0.0023 -15 -1 278 176
H0 0.0021 111 -57 411 191
C0 0.0017 -58 -15 334 205
B0 0.0016 130 49 309 195
K0 0.0016 13 48 69 77
B0 0.0014 114 -45 352 198
C0 0.0014 100 -28 350 181
C0 0.0014 -3 19 194 120
L0 0.0013 11 47 119 114
C2 0.0012 261 41 278 60
C2 0.0012 158 161 188 197
H3 0.0012 0 -92 357 116
R0 0.0011 -4 96 218 192
R0 0.0011 5 135 192 196
L0 0.0010 3 3 189 109
C0 0.0010 24 -74 355 258
C2 0.0010 238 -78 268 -61
B1 0.0010 76 -20 316 226
