D1 0.3563 289 320 674 353
D1 0.3390 140 113 698 170
D1 0.3107 163 172 655 219
D1 0.2316 132 31 675 77
D1 0.2230 211 244 698 283
D1 0.1887 135 113 719 207
D1 0.1535 145 111 668 152
F3 0.0746 173 182 700 224
G3 0.0736 181 184 701 223
D1 0.0608 106 74 714 156
D1 0.0573 88 35 705 97
F3 0.0512 2 36 710 77
F3 0.0431 186 248 704 288
D1 0.0424 173 232 714 279
D1 0.0419 3 32 576 75
F3 0.0403 127 120 705 157
D1 0.0366 156 178 708 273
D1 0.0362 78 36 719 151
D1 0.0326 195 183 694 223
D1 0.0239 261 291 681 350
D1 0.0220 -3 14 729 75
F3 0.0207 154 147 711 224
F2 0.0199 7 32 555 74
B0 0.0161 18 97 722 155
F3 0.0151 289 326 702 359
F3 0.0133 162 122 692 172
G3 0.0132 -8 25 703 78
F3 0.0129 163 231 708 294
F3 0.0125 -1 44 717 141
F3 0.0102 247 306 707 355
F3 0.0097 24 57 707 175
D1 0.0095 303 319 672 369
F3 0.0089 4 92 746 239
F3 0.0075 193 275 716 346
D1 0.0073 204 118 696 157
F2 0.0072 125 37 703 144
D1 0.0072 233 248 697 298
B0 0.0066 27 113 684 151
Q0 0.0055 3 38 95 357
Q0 0.0053 0 1 127 399
F3 0.0047 141 211 725 287
B0 0.0046 284 326 706 361
G3 0.0045 -3 41 662 75
C3 0.0044 142 117 353 145
G3 0.0036 147 118 350 143
G3 0.0029 153 118 331 135
C1 0.0027 -6 -58 716 93
F3 0.0025 -11 -46 718 92
F3 0.0024 246 254 710 297
R0 0.0024 -6 -89 716 87
F3 0.0023 260 190 706 220
G3 0.0021 206 43 701 77
G3 0.0021 150 117 421 133
F2 0.0020 8 41 528 82
C1 0.0019 7 150 755 244
D1 0.0018 98 176 722 227
G3 0.0017 142 116 451 142
C1 0.0017 195 290 712 366
G3 0.0015 176 242 404 271
G3 0.0014 117 118 488 149
B0 0.0014 170 124 700 217
B0 0.0013 307 44 703 80
G3 0.0013 100 114 506 135
G3 0.0012 166 179 396 207
Q0 0.0012 94 -45 619 55
D1 0.0012 257 38 698 72
G0 0.0011 6 -7 84 365
G3 0.0010 111 117 388 139
