C2 0.9449 191 722 449 928
C2 0.9362 4 465 174 635
C2 0.7578 325 378 555 568
E2 0.6358 418 637 685 829
C2 0.6048 2 761 111 947
E2 0.5321 405 813 760 1023
C2 0.4503 147 342 347 542
E2 0.2532 483 478 730 651
C2 0.2507 149 524 396 705
F0 0.2262 406 814 759 1023
C3 0.1517 0 743 114 955
D2 0.1078 151 350 343 537
C2 0.1020 0 746 150 1022
A3 0.0628 -1 745 116 949
C2 0.0362 421 634 676 832
D2 0.0291 149 525 396 705
D2 0.0257 489 481 717 648
C2 0.0247 490 483 717 650
C0 0.0203 401 817 766 1023
E2 0.0194 148 522 397 707
E2 0.0180 324 377 557 569
D2 0.0114 191 723 450 930
J0 0.0037 0 756 150 1024
J0 0.0030 0 900 149 1026
D2 0.0023 321 379 552 570
E2 0.0021 0 916 153 1024
D2 0.0021 423 641 676 833
E2 0.0016 142 343 345 543
E2 0.0013 191 721 453 929
A3 0.0012 494 483 710 642
H3 0.0010 389 808 766 1026
