D2 0.5803 39 66 214 236
C2 0.4862 39 63 210 235
D2 0.4744 128 3 322 202
C2 0.1695 129 3 320 203
C3 0.0776 125 7 312 200
E2 0.0215 35 61 197 238
Q0 0.0114 123 6 320 196
C2 0.0090 0 116 17 159
O0 0.0057 124 5 322 196
G3 0.0051 35 64 209 234
D2 0.0044 39 61 145 215
E2 0.0038 38 59 144 228
D2 0.0035 178 2 313 186
Q0 0.0031 26 0 368 238
Q0 0.0030 35 63 210 235
D2 0.0026 129 6 309 135
D2 0.0026 229 222 268 258
Q0 0.0023 182 47 401 256
D2 0.0023 19 2 371 245
Q0 0.0022 182 120 399 256
M0 0.0019 33 63 213 234
E3 0.0019 289 42 401 218
D2 0.0018 81 90 209 234
C2 0.0017 208 217 268 257
Q0 0.0015 287 34 400 220
E3 0.0014 178 41 404 250
B2 0.0014 214 217 268 257
C2 0.0013 0 111 17 181
C2 0.0013 77 92 208 233
E2 0.0012 182 209 272 260
D2 0.0011 133 4 279 100
