D2 0.6773 255 83 570 387
C2 0.4426 260 84 562 381
D2 0.3369 61 284 261 365
C2 0.2270 59 286 260 366
E2 0.1458 252 86 572 385
E2 0.1322 61 285 263 365
F2 0.0082 38 38 391 368
D2 0.0076 64 214 263 366
D2 0.0070 47 34 394 370
Q0 0.0045 261 95 573 377
B2 0.0045 67 121 264 368
F2 0.0033 -2 -101 395 376
D2 0.0033 -5 -125 400 386
Q0 0.0030 30 9 400 367
D2 0.0030 67 127 264 367
E2 0.0027 63 220 268 368
F2 0.0025 -12 -8 394 287
C3 0.0024 60 283 244 365
D2 0.0020 377 91 565 373
D2 0.0017 4 -63 632 436
Q0 0.0016 26 -19 641 426
H3 0.0015 3 -69 633 441
C3 0.0015 63 86 269 371
O0 0.0015 41 33 399 373
C2 0.0014 377 93 564 379
K0 0.0013 53 38 301 379
C2 0.0012 429 8 517 103
E2 0.0012 380 41 515 134
D2 0.0011 -14 -60 406 227
B2 0.0010 56 59 293 377
