C2 0.9586 119 170 210 258
C2 0.9524 311 78 403 163
C2 0.9521 320 168 410 254
C2 0.9510 26 175 121 258
C2 0.9502 223 167 306 252
C2 0.9497 317 262 412 334
C2 0.9468 222 81 304 164
C2 0.9467 130 81 215 163
C2 0.9463 224 264 310 334
C2 0.9369 126 263 213 334
C2 0.9361 408 167 472 251
C2 0.9335 33 80 125 166
C2 0.9307 403 75 471 161
C2 0.9290 413 267 470 333
C2 0.7453 19 265 116 334
C3 0.1226 18 264 119 334
D2 0.0254 19 265 117 334
C2 0.0193 466 138 471 199
C3 0.0131 411 265 468 335
C2 0.0106 413 261 471 365
C3 0.0101 418 281 475 400
C1 0.0063 5 2 436 26
C2 0.0054 460 141 471 192
H3 0.0045 33 80 126 169
D2 0.0035 413 264 470 334
C2 0.0028 0 73 6 164
D2 0.0024 130 81 215 164
C3 0.0023 0 128 6 204
C2 0.0022 459 140 470 206
D2 0.0019 224 263 310 334
H3 0.0017 452 0 471 139
H3 0.0013 447 0 470 107
C3 0.0013 0 -6 41 168
D2 0.0011 223 166 306 254
C3 0.0011 0 117 8 184
P0 0.0011 447 0 470 99
