D2 0.6441 100 188 394 486
D2 0.6151 410 233 679 492
D2 0.5804 156 71 396 263
C2 0.5635 152 69 394 261
C2 0.5217 409 232 680 489
C2 0.4980 105 183 396 483
D2 0.4137 0 417 284 558
C2 0.3815 -1 -7 162 340
C2 0.3589 0 417 278 558
E2 0.3294 0 417 277 558
D2 0.3162 452 34 747 289
E2 0.2845 153 69 397 265
D2 0.2676 668 160 962 488
E2 0.2243 408 231 681 490
E2 0.2240 342 482 661 560
D2 0.2101 -3 -4 161 350
E2 0.2028 452 34 749 289
C2 0.2017 453 34 749 288
E2 0.1582 398 31 756 533
E2 0.1303 305 48 1000 542
E2 0.1289 102 186 390 489
C2 0.1281 668 162 964 489
E2 0.1276 669 158 963 488
C2 0.0806 200 482 280 560
D2 0.0761 357 27 990 532
A3 0.0746 0 -4 164 346
E2 0.0508 626 498 836 562
C2 0.0411 637 501 837 560
C2 0.0285 150 78 361 216
C2 0.0240 -2 110 159 349
P0 0.0215 1 -7 164 363
E2 0.0175 408 14 961 468
C2 0.0148 342 481 660 562
E2 0.0134 165 198 710 557
L0 0.0115 -4 33 968 562
C2 0.0084 2 -26 171 531
D2 0.0081 705 170 963 395
D2 0.0081 201 482 280 559
E2 0.0076 1 -9 405 368
C2 0.0073 0 439 36 536
E2 0.0062 3 -24 169 525
C2 0.0055 126 272 394 485
C2 0.0054 2 64 157 279
E2 0.0049 231 -29 744 618
E2 0.0048 317 477 840 560
E2 0.0043 -35 401 460 567
E2 0.0039 -3 412 176 561
C2 0.0037 370 213 483 372
B2 0.0037 659 501 831 559
E2 0.0035 733 161 942 263
E2 0.0034 2 21 164 364
E2 0.0033 355 176 928 564
E2 0.0033 192 477 281 567
C2 0.0031 517 243 661 407
E2 0.0031 362 209 484 378
C2 0.0030 10 309 113 423
E2 0.0029 429 19 894 357
C2 0.0029 -1 16 157 229
E2 0.0028 593 361 968 562
C2 0.0023 -9 425 195 550
E2 0.0022 306 197 628 538
E2 0.0020 664 214 898 491
C2 0.0020 394 218 786 514
O0 0.0020 -5 5 163 344
E2 0.0019 253 423 695 560
D2 0.0019 1 -10 962 552
C2 0.0019 -8 -15 388 390
E2 0.0016 641 162 863 508
L0 0.0016 352 35 963 556
E2 0.0015 347 189 499 457
E2 0.0014 0 417 105 547
C2 0.0014 205 81 389 242
G3 0.0014 -7 -84 159 359
E2 0.0014 84 115 670 616
E2 0.0014 624 496 839 614
C2 0.0014 5 -7 114 356
E2 0.0013 230 449 374 562
C2 0.0013 0 -2 150 166
E2 0.0012 109 184 371 383
E2 0.0010 302 165 510 528
