C2 0.9547 180 49 307 187
C2 0.7113 111 160 221 263
B2 0.0446 70 83 186 166
C3 0.0423 2 4 106 192
B2 0.0332 1 5 47 164
B2 0.0299 1 11 47 104
D2 0.0289 70 81 191 166
B2 0.0253 1 4 103 199
C2 0.0195 71 84 191 167
C0 0.0186 2 6 105 193
D2 0.0178 111 159 222 263
D2 0.0106 0 3 108 204
R0 0.0040 18 56 357 343
F2 0.0034 1 9 47 98
C2 0.0030 67 55 205 165
C3 0.0029 193 0 368 33
C3 0.0021 108 157 223 261
C0 0.0016 38 152 340 335
E2 0.0015 1 11 47 98
C3 0.0015 0 -2 110 318
C3 0.0010 71 87 121 125
E2 0.0010 2 217 250 363
