D2 0.5581 422 87 541 226
D2 0.5558 146 38 294 184
D2 0.5223 367 200 479 329
D2 0.4377 223 169 369 314
C2 0.4322 367 200 479 328
D2 0.4254 19 93 160 227
E2 0.3863 148 37 297 183
C2 0.3665 423 87 541 225
E2 0.3472 303 72 427 200
D2 0.3302 303 74 427 200
E2 0.3185 292 51 433 166
E2 0.3051 367 199 479 328
C2 0.2943 303 73 426 199
D2 0.2844 292 52 433 164
E2 0.2614 224 168 370 314
C2 0.2314 148 37 295 183
E2 0.2150 18 93 162 226
E2 0.2023 423 87 541 225
C2 0.1943 19 93 161 226
C2 0.0933 222 166 369 314
C2 0.0141 157 56 285 164
C2 0.0052 425 115 529 216
C2 0.0051 366 181 436 230
C2 0.0048 32 120 159 214
D2 0.0043 366 181 436 228
E2 0.0027 162 28 463 353
C2 0.0023 420 422 536 460
E2 0.0021 296 53 422 137
E2 0.0017 149 37 281 132
G3 0.0016 300 -2 321 23
H3 0.0013 1 -59 540 372
E2 0.0011 347 79 549 235
E2 0.0011 20 94 154 181
C2 0.0010 528 103 540 233
N0 0.0010 296 54 428 197
