D2 0.4070 618 -5 893 391
E2 0.2935 -7 -47 960 638
E2 0.2070 61 117 843 592
E2 0.1380 625 -8 889 396
C2 0.0938 647 -13 892 392
E2 0.0911 32 -29 752 392
L0 0.0637 30 -9 805 570
I0 0.0425 44 -10 806 570
E2 0.0354 -102 -226 1053 807
D2 0.0266 21 -12 807 570
E2 0.0168 75 231 810 556
Q0 0.0104 0 -2 246 543
E2 0.0068 40 -99 853 516
D2 0.0061 636 447 890 571
E2 0.0060 243 4 839 589
E2 0.0048 641 479 887 572
E2 0.0038 154 261 661 517
E2 0.0026 110 -7 699 309
B2 0.0021 2 496 297 572
C2 0.0020 786 -13 894 384
D2 0.0020 636 347 892 572
E2 0.0019 0 -109 185 581
E2 0.0018 26 38 610 576
R0 0.0018 0 0 240 539
E2 0.0017 637 342 893 571
R0 0.0017 13 -1 839 573
Q0 0.0017 630 343 893 567
C2 0.0016 0 266 90 507
C3 0.0013 4 499 295 572
D2 0.0013 731 -7 891 345
E2 0.0012 666 -134 917 288
C2 0.0011 872 -50 892 348
E2 0.0011 710 -70 893 221
E2 0.0010 633 481 885 652
E2 0.0010 2 497 301 574
E2 0.0010 758 -203 902 330
E3 0.0010 619 330 895 613
