C2 0.4184 46 75 163 169
D2 0.3285 46 75 164 171
A3 0.1665 46 75 165 172
H3 0.0231 43 -2 200 199
A0 0.0135 38 0 199 198
Q0 0.0083 11 -1 199 198
C3 0.0063 61 77 164 169
R0 0.0062 82 136 203 201
R0 0.0060 78 158 203 199
Q0 0.0051 44 49 192 181
Q0 0.0045 42 184 48 192
Q0 0.0042 74 140 215 208
P0 0.0034 142 189 148 199
Q0 0.0032 83 175 203 199
L0 0.0027 45 76 163 164
Q0 0.0018 43 135 201 200
G3 0.0012 14 168 68 207
E3 0.0012 8 169 70 206
E2 0.0010 55 183 63 192
Q0 0.0010 6 158 91 202
F2 0.0010 38 0 185 19
Q0 0.0010 17 163 79 201
