E2 0.2360 -12 63 291 308
E2 0.0944 -75 31 356 370
I0 0.0605 0 68 307 315
D2 0.0565 0 68 308 315
D2 0.0419 149 83 305 286
C2 0.0237 153 80 305 293
E2 0.0184 4 94 228 318
E2 0.0140 -30 101 353 329
R0 0.0115 1 63 315 318
Q0 0.0062 0 61 320 316
Q0 0.0058 303 95 389 338
D2 0.0052 0 2 361 330
D2 0.0050 305 125 387 327
H3 0.0044 1 65 323 323
C3 0.0034 133 54 315 341
A3 0.0032 136 68 309 295
R0 0.0032 304 94 390 343
B2 0.0031 304 115 386 333
H3 0.0029 3 -14 380 346
A2 0.0029 88 110 332 331
A2 0.0028 305 90 389 325
Q0 0.0028 245 -14 383 91
A3 0.0028 -40 51 353 293
E2 0.0026 115 45 314 309
E2 0.0025 304 124 386 327
E2 0.0022 41 68 253 159
Q0 0.0019 300 -3 389 353
A3 0.0019 95 125 339 323
E2 0.0019 55 107 310 333
C2 0.0017 205 165 241 224
E2 0.0015 17 66 265 238
C3 0.0014 205 165 241 225
C3 0.0012 310 94 390 359
E3 0.0011 302 93 390 348
C3 0.0011 299 -12 390 352
