E3 0.0619 17 15 334 353
D2 0.0486 18 14 334 353
D2 0.0381 -1 14 322 234
B2 0.0361 2 13 264 326
Q0 0.0323 15 12 335 355
E2 0.0156 75 201 302 343
D2 0.0145 77 200 323 343
B2 0.0143 -17 -39 299 383
C2 0.0132 0 200 24 251
D2 0.0114 -31 -27 357 298
C3 0.0080 3 -13 338 278
B2 0.0077 5 9 375 219
A0 0.0073 128 0 336 118
A3 0.0064 0 12 359 209
Q0 0.0064 144 320 337 361
D2 0.0063 85 13 356 214
F2 0.0063 167 322 333 362
E3 0.0056 15 0 333 123
G3 0.0056 159 321 340 362
E2 0.0050 -1 27 270 345
C3 0.0047 27 13 364 229
E2 0.0042 53 56 306 346
R0 0.0036 5 0 334 119
A0 0.0035 12 1 334 134
D2 0.0032 0 200 23 252
F2 0.0030 10 12 254 315
Q0 0.0030 137 281 339 365
Q0 0.0028 11 0 336 114
E3 0.0027 116 0 333 94
F3 0.0023 41 315 344 362
F2 0.0023 169 302 332 360
D2 0.0021 23 230 197 363
E2 0.0020 13 9 295 230
B2 0.0019 -37 -3 366 282
E2 0.0016 -52 27 331 420
E2 0.0014 136 270 343 365
A0 0.0014 223 0 334 140
E2 0.0013 23 233 182 362
L0 0.0013 0 0 336 128
G3 0.0012 37 294 343 361
B2 0.0011 194 319 335 362
C3 0.0011 253 321 336 362
C3 0.0010 179 287 340 362
C3 0.0010 94 38 347 221
D2 0.0010 32 6 251 272
K0 0.0010 110 -4 354 122
G3 0.0010 167 274 352 380
E2 0.0010 71 164 237 347
