H3 0.0410 3 -18 309 305
C3 0.0349 168 99 274 233
K0 0.0346 -2 192 132 302
K0 0.0305 169 99 272 229
B0 0.0295 2 -2 310 305
K0 0.0203 162 42 289 233
B3 0.0196 170 99 272 229
G3 0.0194 237 27 264 90
Q0 0.0158 1 0 306 289
K0 0.0156 237 0 309 93
C0 0.0147 237 19 263 103
B1 0.0122 238 19 264 101
G3 0.0121 237 -1 309 100
C0 0.0110 236 -3 308 108
Q0 0.0104 -1 47 309 143
E3 0.0098 237 0 309 82
C2 0.0090 210 81 268 115
Q0 0.0078 -2 71 283 133
B0 0.0077 236 -1 294 108
G3 0.0075 162 4 310 272
B0 0.0073 238 18 265 96
B0 0.0072 122 66 310 299
Q0 0.0070 -5 27 313 209
F2 0.0060 235 22 264 109
G3 0.0060 212 4 309 120
N0 0.0059 158 4 310 282
L0 0.0058 120 70 310 301
F0 0.0057 122 62 311 303
G3 0.0054 194 0 310 163
D2 0.0053 123 67 310 302
K0 0.0052 197 23 276 206
P0 0.0051 178 26 286 199
B2 0.0050 225 20 287 117
C2 0.0047 188 259 221 299
B0 0.0046 165 3 310 267
M0 0.0043 154 10 310 281
G3 0.0042 119 69 309 300
P0 0.0042 205 27 273 180
C0 0.0041 237 17 309 86
D1 0.0035 35 75 237 132
C0 0.0035 218 19 308 124
F2 0.0034 210 22 270 116
K0 0.0032 257 72 308 185
H3 0.0032 121 48 312 306
B2 0.0030 212 18 308 128
K0 0.0029 209 69 308 145
B2 0.0028 212 28 270 181
C2 0.0028 170 218 214 266
B0 0.0027 238 2 278 93
K0 0.0027 239 0 285 88
B0 0.0025 2 117 313 301
K0 0.0025 254 28 309 77
Q0 0.0024 0 78 213 129
L0 0.0024 3 119 209 300
K0 0.0023 202 39 290 182
K0 0.0023 184 45 309 200
K0 0.0021 218 70 308 122
K0 0.0021 232 71 307 171
G3 0.0021 294 132 309 157
G3 0.0020 237 35 259 108
C2 0.0019 210 82 249 114
B3 0.0019 171 90 306 248
Q0 0.0019 108 99 163 124
R0 0.0018 0 63 220 169
C0 0.0018 112 115 279 312
B0 0.0018 -3 52 248 198
K0 0.0017 273 0 308 74
G3 0.0017 239 0 310 157
K0 0.0017 274 0 309 42
C0 0.0016 254 28 309 77
K0 0.0016 280 82 308 183
C2 0.0016 251 107 293 144
G3 0.0015 294 112 308 163
K0 0.0015 252 70 308 150
P0 0.0015 209 21 277 119
K0 0.0015 121 142 157 280
G3 0.0015 295 123 308 186
G3 0.0014 156 4 314 137
B2 0.0014 210 68 307 118
M0 0.0013 164 67 309 244
C0 0.0013 10 143 228 300
K0 0.0013 286 99 309 181
Q0 0.0013 32 19 240 121
C0 0.0013 168 64 307 258
C2 0.0012 184 244 217 278
K0 0.0012 252 0 308 76
Q0 0.0012 -1 39 215 129
C3 0.0012 275 0 309 40
Q0 0.0012 24 32 191 103
Q0 0.0012 -21 13 330 136
H3 0.0012 0 182 143 308
Q0 0.0011 32 20 178 85
R0 0.0011 0 78 216 130
Q0 0.0011 -1 198 135 295
G3 0.0011 175 70 309 236
C0 0.0011 213 19 273 116
K0 0.0010 279 67 309 157
H3 0.0010 0 34 220 302
K0 0.0010 273 128 308 245
B0 0.0010 238 0 310 184
