A3 0.2703 84 31 299 194
D2 0.2302 92 32 295 193
D2 0.1699 169 42 299 192
C2 0.1186 171 43 299 191
C2 0.0738 73 31 291 188
E3 0.0561 73 32 297 190
D2 0.0377 74 32 221 187
A3 0.0224 75 31 234 189
I0 0.0208 71 30 299 189
R0 0.0114 70 29 302 192
E2 0.0107 116 32 218 122
D2 0.0106 116 32 217 123
E2 0.0080 77 44 190 187
D2 0.0070 78 57 190 184
C2 0.0063 75 58 213 186
C2 0.0025 75 34 177 171
C3 0.0022 102 32 221 143
C2 0.0022 79 90 190 184
E2 0.0018 79 46 295 194
D2 0.0015 1 134 86 243
Q0 0.0010 75 31 309 197
