D2 0.5970 139 170 276 305
D2 0.5481 6 98 147 245
C2 0.5428 140 170 278 304
D2 0.5151 197 48 332 189
C2 0.4815 198 48 333 188
C2 0.4491 7 98 146 244
C2 0.3995 331 114 474 250
C2 0.1600 143 116 217 192
H0 0.1345 216 174 368 317
C2 0.1190 325 73 388 146
C2 0.1147 208 19 259 64
H0 0.1053 193 171 463 321
A3 0.0930 329 114 474 251
D2 0.0871 328 114 473 251
H0 0.0601 18 -2 167 116
E2 0.0533 8 98 150 245
E2 0.0434 139 168 279 305
C3 0.0291 142 115 220 205
B2 0.0284 142 116 220 205
H0 0.0204 314 -4 470 159
D2 0.0195 18 -1 167 117
C2 0.0191 410 236 470 298
H0 0.0186 10 -3 244 132
D2 0.0176 142 115 221 206
H0 0.0162 409 130 473 318
L0 0.0142 4 -9 476 318
C2 0.0122 123 43 356 210
C3 0.0117 326 72 388 149
H0 0.0087 364 -1 461 134
H0 0.0082 262 149 488 323
H0 0.0082 323 70 387 156
C0 0.0082 141 116 219 203
C3 0.0080 209 20 257 64
H0 0.0076 409 232 474 315
E2 0.0075 142 115 220 206
C2 0.0073 81 235 132 298
H0 0.0066 66 -1 173 114
D2 0.0059 0 -10 471 318
E2 0.0057 17 -3 167 116
H0 0.0055 322 28 394 163
K0 0.0053 365 0 462 131
E2 0.0044 185 173 369 319
E2 0.0043 115 39 351 233
C2 0.0043 37 94 132 223
C2 0.0040 90 2 162 80
C2 0.0040 340 119 445 225
C2 0.0039 8 96 223 249
H0 0.0038 141 0 363 109
H0 0.0036 -26 -7 305 143
D2 0.0034 14 94 242 257
H0 0.0033 -5 -16 175 176
C2 0.0032 44 -1 101 66
H0 0.0032 250 174 354 281
C2 0.0030 125 87 179 131
K0 0.0029 300 -3 482 150
C3 0.0029 461 130 474 182
K0 0.0029 86 0 164 92
K0 0.0028 410 125 474 309
C2 0.0024 378 0 430 31
D2 0.0021 296 -3 478 133
H0 0.0021 320 233 438 316
H0 0.0021 330 105 472 325
C2 0.0019 18 100 127 190
B0 0.0019 406 134 475 320
C0 0.0018 418 130 473 306
H0 0.0018 428 136 472 306
C0 0.0018 458 133 474 265
L0 0.0017 298 -5 465 160
Q0 0.0017 -1 173 94 316
C2 0.0016 142 114 225 225
C2 0.0016 76 102 132 223
B0 0.0015 208 173 475 318
E2 0.0015 120 35 362 334
C0 0.0015 460 132 474 211
C2 0.0015 151 122 207 174
E2 0.0014 138 106 272 312
C0 0.0014 453 133 473 296
K0 0.0013 308 0 388 83
B2 0.0013 315 -79 367 -53
E2 0.0013 44 -2 103 71
C2 0.0013 399 96 450 128
B2 0.0013 210 20 256 63
H0 0.0013 428 -3 474 141
C2 0.0012 443 50 473 137
C2 0.0012 314 -77 366 -53
C2 0.0012 80 113 123 198
E2 0.0012 248 171 355 290
H0 0.0012 141 115 225 205
H0 0.0012 335 232 470 409
H0 0.0011 331 182 473 316
K0 0.0011 429 -1 474 141
C2 0.0011 131 164 374 323
D2 0.0011 307 0 394 81
G3 0.0011 462 102 474 270
E2 0.0010 48 96 242 324
E3 0.0010 -1 173 91 313
