D2 0.6839 370 49 595 285
D2 0.6490 96 247 384 395
D2 0.4277 151 91 390 272
C2 0.4085 94 246 386 394
C2 0.4026 151 89 394 269
C2 0.3014 372 46 600 284
E2 0.1069 85 246 392 394
E2 0.0936 362 48 603 288
E2 0.0714 47 44 713 306
E2 0.0654 153 91 381 273
R0 0.0077 6 195 662 423
L0 0.0063 14 53 643 412
C3 0.0056 285 135 338 200
E2 0.0047 188 39 634 300
E2 0.0046 88 30 642 393
H3 0.0043 1 164 663 416
C2 0.0042 207 135 262 195
C2 0.0041 284 134 337 199
Q0 0.0033 5 204 656 420
D2 0.0030 20 50 659 416
C2 0.0029 188 96 346 190
L0 0.0028 6 202 661 421
E2 0.0028 140 54 490 288
Q0 0.0022 1 91 666 418
C2 0.0019 154 147 305 259
D2 0.0014 49 52 610 314
I0 0.0011 115 204 663 420
C2 0.0011 211 153 363 268
Q0 0.0010 -3 -106 682 217
