D2 0.0551 10 15 126 134
D2 0.0491 1 5 192 178
B2 0.0423 11 11 133 132
E0 0.0378 0 0 193 179
H3 0.0252 0 0 194 179
Q0 0.0237 1 2 192 177
Q0 0.0172 23 -1 129 30
E2 0.0162 -14 23 158 192
F2 0.0158 2 9 134 106
E2 0.0134 4 84 131 182
D2 0.0117 0 32 66 180
Q0 0.0110 117 0 192 38
E2 0.0099 40 32 174 181
F2 0.0099 0 6 131 177
D2 0.0096 2 3 134 192
G0 0.0083 112 0 192 38
C2 0.0067 88 47 106 57
C3 0.0064 57 90 170 170
D2 0.0063 -9 20 153 163
B2 0.0061 7 8 132 90
D2 0.0052 10 75 139 181
E2 0.0049 104 16 195 155
D2 0.0044 -15 -14 157 214
Q0 0.0041 1 -2 128 65
C0 0.0030 111 5 128 26
Q0 0.0030 125 100 193 180
H3 0.0028 58 88 165 171
Q0 0.0027 0 3 133 161
C3 0.0026 108 94 156 161
Q0 0.0026 4 -6 148 34
E3 0.0025 124 102 193 181
E2 0.0024 50 83 165 172
J0 0.0022 123 0 192 39
D2 0.0021 123 19 191 107
F2 0.0020 27 -1 133 31
B2 0.0019 0 -1 17 67
D2 0.0018 43 51 174 176
C3 0.0018 123 5 191 39
Q0 0.0017 -1 0 30 67
G0 0.0017 118 -8 208 44
D2 0.0017 1 71 65 165
I3 0.0016 110 94 155 160
C3 0.0015 107 86 192 167
K0 0.0015 111 0 188 34
A0 0.0014 -12 12 174 170
B2 0.0013 124 11 190 38
E2 0.0013 96 38 175 156
E2 0.0013 20 19 204 188
E2 0.0013 1 64 66 172
K0 0.0012 0 -1 17 67
D2 0.0012 -10 27 107 189
D2 0.0012 0 80 194 180
C3 0.0011 186 100 193 112
D0 0.0010 123 0 193 40
H3 0.0010 102 89 193 176
C0 0.0010 110 0 189 33
A3 0.0010 116 17 192 111
Q0 0.0010 -1 123 74 184
Q0 0.0010 0 89 194 180
G0 0.0010 0 1 28 66
Q0 0.0010 8 -3 191 37
C3 0.0010 105 90 162 178
