C2 0.9497 0 169 72 264
C2 0.9493 298 0 391 49
C2 0.9492 312 98 399 187
C2 0.9482 0 84 79 185
C2 0.9406 319 171 399 264
C2 0.9358 306 31 399 114
C2 0.9256 0 22 88 104
C2 0.9226 0 0 93 37
C2 0.9117 200 92 300 180
C2 0.8625 81 171 188 265
C2 0.8339 198 0 291 43
C2 0.7914 100 0 189 42
C2 0.6998 196 161 311 265
C2 0.6616 94 31 188 107
C2 0.6144 88 97 191 185
C2 0.5975 199 28 293 109
C2 0.4017 394 -2 399 42
C2 0.1707 392 -1 399 43
C2 0.1310 197 0 295 87
C2 0.0987 386 33 400 67
C2 0.0740 96 -1 194 98
C2 0.0592 395 0 400 53
C2 0.0366 393 10 400 64
C2 0.0149 396 63 400 132
C2 0.0137 391 -3 399 58
C2 0.0080 393 -1 400 29
C2 0.0069 384 -1 396 41
C2 0.0033 390 65 400 115
C2 0.0031 387 29 399 95
C2 0.0029 397 72 400 151
C2 0.0028 392 28 400 95
C2 0.0025 382 32 399 81
C2 0.0023 397 44 400 121
D2 0.0023 0 0 97 37
C2 0.0018 388 0 399 20
C2 0.0015 191 1 314 106
C2 0.0011 388 -33 399 51
C2 0.0010 390 -4 399 88
