C2 0.9631 101 8 167 74
C2 0.9569 175 26 284 111
C2 0.9558 233 117 317 191
C2 0.9436 129 105 228 197
C2 0.9130 301 68 346 134
C2 0.7433 17 43 131 186
K0 0.1993 266 15 346 70
C2 0.1972 87 0 144 31
C2 0.0249 167 2 217 54
C2 0.0122 0 195 16 221
C0 0.0095 265 15 345 70
C2 0.0085 136 0 175 15
C2 0.0084 36 42 115 101
C2 0.0071 17 42 184 192
C3 0.0063 264 15 346 70
D2 0.0043 129 106 227 198
D2 0.0036 232 117 317 192
C2 0.0028 276 16 348 62
C2 0.0024 86 0 124 32
E2 0.0021 1 -31 21 46
E2 0.0019 0 -37 29 47
C0 0.0017 136 0 179 14
C2 0.0012 16 93 228 197
C2 0.0010 0 -20 16 56
C2 0.0010 0 -8 14 75
