D2 0.4994 150 154 316 271
D2 0.4109 297 44 421 206
D2 0.3354 194 12 343 164
C2 0.3220 150 152 317 270
C2 0.2308 296 42 420 206
C2 0.1261 193 11 347 167
E2 0.1193 192 11 345 168
C3 0.0697 193 8 368 166
E2 0.0512 149 154 319 273
E2 0.0208 295 44 419 206
C2 0.0157 217 20 311 107
D2 0.0108 210 15 386 195
C2 0.0098 301 63 369 150
D2 0.0093 298 49 373 145
E2 0.0071 201 14 324 109
H3 0.0062 2 -22 429 376
E2 0.0057 229 13 342 144
E2 0.0047 194 9 286 159
B2 0.0039 300 48 372 151
C2 0.0035 323 89 373 140
D2 0.0034 229 36 425 209
D2 0.0032 1 -25 426 386
E2 0.0022 232 34 429 212
R0 0.0021 1 -9 430 378
E2 0.0020 131 70 431 270
Q0 0.0019 191 12 413 209
C2 0.0019 308 50 369 132
C2 0.0017 301 121 408 198
C3 0.0015 194 10 290 164
C2 0.0015 240 18 323 104
E2 0.0013 238 13 336 110
D2 0.0011 174 6 429 212
B2 0.0010 325 90 372 137
