D2 0.4488 71 175 161 269
D2 0.3994 85 79 187 161
C2 0.3933 152 227 256 306
C2 0.3645 85 79 187 160
D2 0.3536 152 227 257 307
C2 0.3421 227 143 304 224
C2 0.3275 71 175 160 268
D2 0.2689 227 142 304 237
C2 0.2568 200 63 271 140
D2 0.2174 199 60 272 147
A2 0.1843 22 39 351 281
A2 0.1089 -19 19 380 328
D2 0.0961 197 56 309 244
E0 0.0875 17 -6 361 294
A2 0.0813 196 56 308 245
E2 0.0725 199 59 273 148
L0 0.0693 69 171 269 312
E2 0.0511 84 78 191 162
C2 0.0416 84 196 160 267
D2 0.0329 68 172 270 313
A2 0.0303 146 51 315 253
E0 0.0276 171 18 378 268
H3 0.0254 2 -4 394 340
A2 0.0248 67 170 271 311
H3 0.0235 42 -10 345 282
E0 0.0233 46 93 321 336
D2 0.0227 179 50 357 260
L0 0.0209 0 16 361 298
C2 0.0196 228 180 291 235
E0 0.0192 63 133 291 314
L0 0.0180 36 72 326 335
G3 0.0172 141 191 176 208
Q0 0.0160 0 -2 387 338
E0 0.0155 -21 40 335 328
C2 0.0141 117 213 260 310
C2 0.0138 227 160 299 236
E2 0.0136 71 174 162 271
C2 0.0112 145 79 189 109
A2 0.0111 60 57 370 348
A2 0.0087 111 35 327 279
E2 0.0079 189 54 311 246
C2 0.0078 57 170 263 308
C3 0.0073 182 35 380 288
D2 0.0058 147 79 189 109
B2 0.0057 147 80 188 108
C2 0.0056 152 230 230 297
E2 0.0052 146 49 284 178
H3 0.0052 43 14 318 214
E2 0.0050 115 220 275 312
C2 0.0048 173 237 253 302
A2 0.0044 112 109 341 323
E0 0.0044 90 40 347 295
L0 0.0039 46 25 327 231
E2 0.0036 220 138 309 254
E0 0.0035 25 -8 342 207
C2 0.0032 204 92 269 146
E2 0.0030 190 27 350 254
E2 0.0029 64 66 195 186
C2 0.0028 229 190 280 233
E0 0.0027 21 45 267 310
D2 0.0027 75 61 238 171
E0 0.0021 23 19 211 279
E3 0.0019 162 325 402 397
E2 0.0019 34 44 198 206
L0 0.0018 6 168 308 334
E0 0.0017 119 110 336 341
C2 0.0016 101 187 160 260
E2 0.0014 309 0 399 92
C3 0.0013 199 -24 391 322
E2 0.0013 134 113 345 311
E2 0.0012 77 48 216 170
D2 0.0011 102 208 160 267
C2 0.0011 226 138 282 236
C0 0.0010 -1 -30 78 318
E0 0.0010 -1 -25 80 316
