A3 0.1544 87 17 372 241
E3 0.1234 91 18 447 247
C2 0.0764 93 16 343 249
F2 0.0469 288 24 435 243
E3 0.0237 291 27 447 247
C3 0.0127 382 0 435 35
H0 0.0095 286 23 437 246
C3 0.0088 83 15 393 248
Q0 0.0080 90 19 445 246
A3 0.0066 296 26 437 240
G3 0.0063 392 209 448 239
F2 0.0063 357 60 447 250
A3 0.0053 360 37 447 250
E2 0.0053 65 5 477 253
B2 0.0052 287 20 432 243
F2 0.0038 37 19 544 232
E3 0.0036 393 8 448 132
C3 0.0036 391 209 448 239
E3 0.0031 351 18 450 243
B2 0.0029 391 209 448 239
E3 0.0027 376 1 448 218
L0 0.0022 200 -70 207 -64
D2 0.0021 82 15 448 251
E3 0.0019 364 9 448 155
C3 0.0019 64 69 110 102
C2 0.0019 0 -1 31 56
B2 0.0018 358 62 447 250
C3 0.0014 358 57 447 249
C3 0.0013 432 50 448 118
C2 0.0013 422 171 448 223
C0 0.0013 379 0 435 35
B2 0.0013 206 -70 214 -64
H0 0.0013 62 13 525 245
C3 0.0012 286 25 435 251
F2 0.0010 204 20 423 232
F2 0.0010 265 22 397 233
