D2 0.6725 331 68 626 374
D2 0.5411 24 43 325 406
C2 0.3459 332 71 619 368
C2 0.3146 26 48 328 400
E2 0.1511 325 71 635 375
E2 0.1285 25 44 329 411
D2 0.0759 306 369 459 413
E2 0.0649 307 369 460 414
C2 0.0331 304 371 455 412
D2 0.0152 120 364 469 456
C2 0.0144 352 378 462 413
E2 0.0123 109 364 475 457
F2 0.0122 97 352 481 454
C3 0.0105 120 376 379 455
E2 0.0092 119 374 389 455
D2 0.0085 228 366 453 454
D2 0.0076 355 377 463 413
D2 0.0057 116 375 384 455
Q0 0.0046 26 42 324 397
Q0 0.0039 339 79 621 362
C2 0.0028 124 405 265 449
C3 0.0027 89 313 483 457
C2 0.0026 304 369 394 409
E0 0.0026 99 291 487 457
M0 0.0024 24 41 326 397
E2 0.0023 294 346 468 417
E2 0.0020 303 365 457 454
H3 0.0019 3 16 650 492
D2 0.0017 5 38 646 483
C2 0.0016 126 411 227 450
E2 0.0013 290 353 506 463
C3 0.0013 299 357 459 412
D2 0.0012 70 45 299 285
C2 0.0012 169 144 225 208
E3 0.0010 2 321 649 493
