D2 0.3561 103 173 331 296
C2 0.3114 98 172 335 295
E2 0.2793 334 -1 598 210
C3 0.1209 99 171 332 295
I3 0.1181 337 -2 603 209
C3 0.0912 335 0 604 208
F0 0.0908 336 -2 601 210
A3 0.0850 334 -1 599 214
C2 0.0692 343 64 456 177
E2 0.0307 97 172 335 297
C3 0.0219 47 208 172 305
E2 0.0177 340 53 461 197
O0 0.0145 334 -1 602 209
E2 0.0080 339 3 481 202
E0 0.0073 59 108 623 328
Q0 0.0063 334 0 601 211
D2 0.0060 83 116 513 314
L0 0.0046 16 4 605 310
C3 0.0044 579 99 603 169
D2 0.0043 46 72 572 326
E0 0.0038 45 208 173 304
C2 0.0028 52 213 141 298
C3 0.0027 580 56 603 180
E0 0.0026 12 48 671 349
H3 0.0026 2 -69 604 310
F2 0.0022 114 134 601 316
D2 0.0019 95 157 432 300
G3 0.0017 49 56 608 308
E2 0.0017 340 0 575 140
C3 0.0016 72 129 598 318
C2 0.0016 351 127 456 195
C3 0.0014 97 156 441 303
E2 0.0014 70 128 544 317
C3 0.0013 9 199 188 312
E0 0.0013 574 149 602 229
E2 0.0013 98 76 488 305
O0 0.0012 79 -6 601 302
C2 0.0011 579 99 603 168
C3 0.0011 578 92 603 196
C3 0.0010 98 270 171 299
G3 0.0010 69 138 604 311
C3 0.0010 337 52 475 203
