D2 0.5859 88 87 362 275
D2 0.4042 286 59 467 235
C2 0.3634 86 83 358 273
C2 0.2446 286 58 468 233
E2 0.2188 286 59 467 235
C2 0.0582 253 215 368 333
C2 0.0216 312 323 427 363
D2 0.0216 277 -3 523 126
E2 0.0131 270 -4 527 127
D2 0.0128 255 216 368 332
D2 0.0117 0 -4 267 365
C2 0.0108 95 249 165 289
C2 0.0099 350 124 452 219
Q0 0.0090 265 -2 519 127
E3 0.0084 1 -1 266 361
Q0 0.0077 366 148 519 363
E2 0.0068 287 60 431 106
Q0 0.0060 278 60 469 230
C2 0.0057 473 130 518 183
K0 0.0050 21 -1 210 142
C2 0.0047 291 64 435 111
E2 0.0041 -6 113 268 370
E2 0.0037 98 86 367 277
D2 0.0036 -5 116 257 371
C2 0.0035 216 323 319 363
C3 0.0030 310 -2 517 125
H3 0.0029 -3 -1 515 364
C2 0.0028 0 200 58 249
C3 0.0028 306 319 428 364
B2 0.0027 -5 110 262 372
B2 0.0025 300 -2 518 125
D2 0.0025 3 -3 468 364
M0 0.0024 276 60 469 230
C2 0.0024 175 87 365 276
C2 0.0024 5 208 95 287
D2 0.0022 0 -2 228 247
D2 0.0022 81 84 267 276
K0 0.0021 80 5 204 126
C3 0.0021 159 0 327 96
Q0 0.0021 419 137 520 364
C3 0.0020 13 208 97 290
Q0 0.0020 267 10 505 235
B2 0.0020 3 -5 222 171
F0 0.0018 -1 -3 271 367
C2 0.0017 315 0 405 63
D2 0.0017 210 84 351 282
D2 0.0015 100 255 166 289
G3 0.0015 1 -1 224 240
C2 0.0014 221 209 438 361
C3 0.0014 397 161 517 363
B2 0.0014 0 -16 228 266
H3 0.0014 357 147 517 363
I3 0.0014 254 215 371 332
C3 0.0012 222 317 413 365
Q0 0.0012 2 0 226 241
E2 0.0011 2 -5 223 291
C3 0.0011 215 320 314 365
C3 0.0011 298 323 397 365
O0 0.0011 263 48 482 281
C2 0.0011 464 118 519 188
K0 0.0011 213 317 429 365
C2 0.0010 195 209 384 343
