C2 0.9552 506 148 634 305
C2 0.9462 494 321 633 462
C2 0.9396 346 221 481 350
C2 0.9396 334 460 501 592
C2 0.9306 507 4 633 124
C2 0.9212 222 320 383 454
C2 0.9133 205 496 351 601
C2 0.9112 387 4 521 174
C2 0.8958 557 475 634 601
C2 0.8691 81 208 242 344
C2 0.8095 0 377 92 508
C2 0.8062 130 4 257 101
C2 0.7831 0 102 131 248
C2 0.7387 89 340 235 489
C2 0.7081 0 476 201 602
C2 0.5207 190 7 386 258
C2 0.3376 255 4 384 152
C2 0.2485 190 107 338 266
C2 0.1260 8 5 278 99
C2 0.1197 8 3 116 89
C2 0.0330 6 93 292 344
D2 0.0180 505 3 633 124
C2 0.0074 18 6 414 100
J0 0.0066 506 3 632 125
C2 0.0050 0 340 237 601
J0 0.0041 0 3 77 183
C2 0.0030 578 62 635 176
C3 0.0030 2 4 119 91
C2 0.0024 629 48 635 195
D2 0.0022 558 471 634 606
H3 0.0016 0 4 127 91
C2 0.0013 185 7 555 174
