D2 0.4157 35 71 211 312
D2 0.3478 147 67 315 289
C2 0.2334 149 72 313 291
C2 0.1207 37 76 203 313
E2 0.0965 146 66 316 289
D2 0.0770 16 17 245 363
L0 0.0378 34 60 311 310
D2 0.0353 33 59 313 310
D2 0.0271 54 141 267 309
D2 0.0153 43 62 234 243
D2 0.0123 1 -26 291 401
H3 0.0088 28 55 329 325
E2 0.0070 34 74 194 307
E2 0.0068 4 65 315 339
C2 0.0053 56 54 237 269
C2 0.0046 16 86 281 335
E2 0.0032 32 57 224 259
D2 0.0032 9 17 351 343
E2 0.0031 39 174 268 309
Q0 0.0024 11 28 342 334
C2 0.0024 59 184 265 310
D2 0.0020 56 41 267 283
Q0 0.0019 147 76 318 288
C2 0.0017 33 16 245 336
E2 0.0015 44 33 311 276
F3 0.0014 55 342 283 371
E2 0.0011 85 41 300 339
G0 0.0011 51 343 265 371
