D2 0.5619 520 -2 780 259
D2 0.5176 659 148 801 380
C2 0.4576 661 147 801 379
D2 0.4559 96 106 342 274
C2 0.4440 522 -6 786 256
C2 0.4408 96 105 341 273
E2 0.3871 660 146 801 380
E2 0.3838 98 106 343 273
E2 0.2913 72 324 319 526
C2 0.2851 74 324 325 526
D2 0.2800 304 134 601 409
L0 0.2214 309 132 601 401
D2 0.2139 41 228 337 519
C2 0.1713 41 227 336 527
D2 0.1445 74 324 320 527
D2 0.1189 580 0 775 213
E2 0.1091 522 -3 786 261
E2 0.0767 40 229 335 481
C2 0.0749 311 132 598 401
E2 0.0509 302 133 613 407
F0 0.0300 44 224 336 530
C2 0.0158 607 5 763 140
C2 0.0058 589 -2 760 197
E2 0.0049 551 88 798 394
C3 0.0034 753 105 786 159
C2 0.0030 99 143 329 254
L0 0.0025 9 0 802 530
D2 0.0024 12 0 797 524
C2 0.0024 783 4 801 507
C2 0.0023 91 329 291 477
D2 0.0023 30 93 694 425
H3 0.0023 6 -16 804 531
C2 0.0022 116 175 332 263
E2 0.0019 524 8 632 250
D2 0.0018 744 144 798 379
E0 0.0017 82 108 630 429
C2 0.0016 754 104 786 158
E0 0.0015 36 228 342 526
D2 0.0015 55 216 334 425
E2 0.0015 139 224 331 441
E2 0.0014 9 65 658 435
C2 0.0014 160 234 309 360
Q0 0.0013 35 230 334 525
E2 0.0013 760 129 802 366
E2 0.0013 98 158 334 278
C2 0.0012 338 230 575 374
C2 0.0012 746 151 796 380
C2 0.0011 529 24 607 125
C3 0.0011 69 320 328 531
E2 0.0011 43 238 209 450
E2 0.0010 78 93 522 297
