A3 0.2751 113 141 241 185
A3 0.2142 227 143 343 251
K0 0.1504 234 145 342 249
D2 0.1451 24 147 284 343
C2 0.1167 27 150 285 344
C3 0.0693 30 142 280 343
K0 0.0654 272 155 341 245
C2 0.0548 300 168 342 225
B2 0.0316 227 144 343 251
L0 0.0273 27 138 335 343
C2 0.0247 121 142 233 184
K0 0.0239 295 161 342 241
F2 0.0186 227 144 344 249
K0 0.0176 228 143 283 184
C3 0.0170 225 144 343 251
D2 0.0168 92 134 298 337
E0 0.0163 25 135 335 343
K0 0.0090 227 143 292 205
F2 0.0088 111 140 240 200
Q0 0.0082 29 140 322 345
C3 0.0081 109 139 276 189
G3 0.0066 106 142 343 248
K0 0.0062 228 144 320 182
C2 0.0061 271 330 345 356
L0 0.0060 53 136 345 249
H3 0.0058 10 0 379 351
B0 0.0052 4 9 377 351
C3 0.0050 272 330 344 356
D2 0.0050 14 -1 376 357
D2 0.0049 18 133 357 374
K0 0.0044 141 136 330 216
G3 0.0042 229 143 337 246
C2 0.0038 302 184 340 225
K0 0.0037 206 140 288 187
L0 0.0037 3 11 366 367
H3 0.0034 17 131 361 378
K0 0.0034 126 133 349 249
E3 0.0031 7 27 393 321
F2 0.0026 103 137 318 193
K0 0.0024 105 123 252 185
G3 0.0022 232 133 395 277
A3 0.0020 101 137 316 190
Q0 0.0019 -2 -6 371 356
F2 0.0018 164 143 351 252
K0 0.0017 280 160 387 248
C3 0.0017 329 351 373 370
F3 0.0017 302 138 391 315
C3 0.0017 102 158 308 342
B1 0.0012 0 272 53 407
E3 0.0012 90 94 355 268
C3 0.0011 229 143 274 181
D2 0.0011 111 138 253 303
B1 0.0011 0 276 30 404
C0 0.0011 369 252 397 331
G3 0.0010 271 122 393 372
