D2 0.5409 64 199 145 334
D2 0.5388 156 197 239 335
D2 0.5187 246 190 338 349
D2 0.3753 251 43 334 180
D2 0.3564 162 51 243 188
D2 0.2490 60 33 148 182
C2 0.2458 66 199 145 333
C2 0.1752 247 192 338 347
C2 0.1684 158 197 239 335
C3 0.1223 252 43 333 179
C3 0.1046 164 51 243 186
E0 0.0835 61 33 148 181
C3 0.0750 61 33 148 181
E2 0.0502 65 198 145 334
A0 0.0283 31 -2 368 404
D2 0.0238 28 9 371 401
C3 0.0193 247 191 337 349
C2 0.0167 85 202 142 320
H3 0.0144 30 -1 358 405
E2 0.0064 60 32 147 179
C2 0.0064 172 205 235 315
E0 0.0060 10 -3 320 330
Q0 0.0057 33 5 389 409
D2 0.0054 133 29 352 258
E2 0.0052 86 3 348 326
E2 0.0051 156 197 242 339
C2 0.0049 166 72 241 174
D2 0.0041 140 183 353 355
E2 0.0036 246 187 340 352
E0 0.0030 72 35 356 337
B2 0.0025 283 178 326 200
E2 0.0023 144 179 353 360
D2 0.0023 200 40 342 196
D2 0.0019 158 190 288 344
C2 0.0016 67 204 106 317
E2 0.0014 37 43 189 364
C2 0.0013 169 57 241 145
E0 0.0013 32 25 196 361
E2 0.0012 150 16 263 297
A2 0.0011 136 25 344 293
F2 0.0010 110 10 348 313
