L0 0.1450 3 0 187 185
A0 0.0769 1 -2 190 188
A3 0.0370 6 -1 183 55
F2 0.0347 -26 75 233 178
A3 0.0324 -10 75 221 187
D2 0.0254 0 52 190 188
E0 0.0225 1 58 190 189
E2 0.0219 22 81 186 190
R0 0.0186 8 0 183 56
H3 0.0166 2 59 190 189
A2 0.0165 -5 70 222 184
E2 0.0155 2 -1 180 56
B2 0.0151 6 -2 182 56
L0 0.0128 6 0 184 73
E2 0.0101 -19 0 179 168
L0 0.0096 5 1 187 116
E2 0.0094 5 32 205 139
A3 0.0085 1 80 156 187
A3 0.0078 -83 63 246 186
E0 0.0072 6 79 150 187
B0 0.0062 0 -2 190 191
Q0 0.0057 6 0 181 51
A3 0.0054 -30 17 222 82
A3 0.0051 -16 2 175 160
F2 0.0047 -9 25 164 78
E2 0.0040 1 76 141 186
R0 0.0040 4 1 188 124
E2 0.0039 19 51 194 121
E2 0.0039 -13 31 161 199
C3 0.0037 -36 27 191 86
E3 0.0036 7 0 182 51
G3 0.0036 6 0 182 51
E2 0.0034 -48 -22 230 195
F2 0.0031 -46 54 266 187
D2 0.0030 -4 31 148 198
E2 0.0028 2 59 94 170
A3 0.0028 3 14 201 98
Q0 0.0019 -1 148 188 190
A2 0.0018 -36 49 258 187
D2 0.0017 2 58 101 172
E2 0.0015 6 14 157 152
H3 0.0015 2 -4 189 179
R0 0.0013 0 60 193 190
Q0 0.0013 0 122 191 191
A3 0.0011 13 -6 200 134
A0 0.0010 13 42 223 201
