D2 0.6206 33 83 187 293
C2 0.3655 34 86 184 287
E2 0.1727 35 84 186 292
A3 0.1428 224 112 381 323
E0 0.0888 221 108 382 322
C2 0.0656 224 106 380 320
G0 0.0316 -1 -2 396 395
C2 0.0306 132 55 162 90
R0 0.0300 2 -2 398 395
C3 0.0270 213 120 379 320
C2 0.0243 339 54 368 91
O0 0.0230 213 111 383 316
G3 0.0145 214 111 382 317
I0 0.0101 0 -3 394 388
C2 0.0085 30 196 59 229
C2 0.0079 132 334 163 371
C0 0.0033 261 314 401 400
R0 0.0030 0 293 403 402
B1 0.0028 255 1 428 133
C2 0.0026 121 164 179 255
C2 0.0023 339 334 370 371
C1 0.0023 6 315 405 400
B0 0.0019 210 103 389 321
C1 0.0017 2 346 400 403
B1 0.0016 303 315 399 400
B1 0.0015 275 354 398 401
C2 0.0015 125 46 163 91
B1 0.0015 256 318 401 400
C2 0.0013 111 154 180 282
B1 0.0013 219 28 322 105
B1 0.0012 321 36 398 134
B1 0.0010 84 8 271 300
B1 0.0010 272 10 404 115
C3 0.0010 289 368 399 402
F3 0.0010 44 357 407 402
C0 0.0010 271 2 422 114
