E2 0.5261 25 139 194 261
D2 0.3420 26 140 197 262
C3 0.2772 165 221 330 315
E0 0.2659 165 222 331 315
D2 0.2435 104 13 302 177
C2 0.1874 27 139 196 261
F2 0.1755 60 16 277 79
C2 0.1748 102 48 301 172
E2 0.1693 98 40 301 173
L0 0.0658 28 138 199 262
A3 0.0365 -3 245 163 350
C3 0.0336 -6 244 171 348
G3 0.0218 69 25 309 171
E2 0.0198 0 244 145 349
H3 0.0153 168 218 327 318
D2 0.0137 0 1 349 344
H3 0.0137 2 -4 351 350
L0 0.0095 3 1 349 343
C2 0.0075 190 173 225 229
C2 0.0069 318 29 350 78
H3 0.0055 32 139 199 262
F2 0.0055 66 10 303 182
Q0 0.0051 0 248 173 350
F2 0.0050 56 22 316 92
C3 0.0037 37 247 167 331
E3 0.0036 0 248 173 350
F0 0.0036 43 246 182 350
E0 0.0033 52 45 362 310
C3 0.0032 32 139 200 263
D2 0.0032 31 140 189 201
F2 0.0030 62 35 266 83
K0 0.0029 39 243 179 350
B0 0.0023 42 1 346 339
E2 0.0023 -45 65 424 331
B2 0.0022 29 141 186 199
E2 0.0022 29 141 182 201
K0 0.0021 -1 243 172 331
A0 0.0021 31 1 348 343
E0 0.0021 -20 40 404 341
G3 0.0019 19 -3 359 284
O0 0.0016 0 247 176 349
Q0 0.0015 0 3 155 343
Q0 0.0014 9 129 209 274
E3 0.0014 -1 -5 298 357
R0 0.0014 0 245 176 349
C2 0.0013 129 307 177 349
D2 0.0012 38 7 332 213
C3 0.0012 191 173 224 230
G3 0.0011 190 174 224 229
E2 0.0011 3 257 93 351
E3 0.0010 0 -1 177 349
O0 0.0010 11 140 205 268
