A3 0.2541 30 97 159 270
D2 0.2249 129 107 322 309
C2 0.2032 118 106 318 310
C2 0.1514 32 94 160 271
E0 0.0718 14 103 311 305
K0 0.0566 32 94 158 270
C3 0.0520 32 98 158 269
D2 0.0354 38 105 345 315
C2 0.0310 150 122 203 209
C3 0.0217 9 110 317 313
L0 0.0215 4 93 310 308
A3 0.0182 -4 82 348 308
A3 0.0133 42 96 226 272
F2 0.0132 36 96 263 274
C0 0.0091 42 93 265 278
C3 0.0080 124 114 314 307
C3 0.0066 28 94 248 281
L0 0.0065 6 2 373 334
G3 0.0065 23 97 322 301
D2 0.0059 5 2 367 326
C3 0.0058 147 106 206 235
A3 0.0058 61 97 180 267
C2 0.0057 192 260 244 304
L0 0.0046 42 91 255 271
Q0 0.0045 27 91 337 298
C3 0.0042 127 87 221 286
O0 0.0040 30 99 164 268
R0 0.0040 257 0 375 18
F2 0.0038 3 132 298 304
N0 0.0038 81 153 148 255
F2 0.0035 -83 -7 388 114
E2 0.0035 -8 -2 284 137
K0 0.0032 148 106 205 221
C2 0.0032 84 112 131 195
C2 0.0032 75 154 149 253
E2 0.0031 15 138 284 300
M0 0.0030 25 90 334 300
R0 0.0026 24 94 339 305
C2 0.0025 150 149 202 215
G3 0.0022 126 105 321 299
O0 0.0022 34 94 265 280
A3 0.0021 -9 -1 281 120
E2 0.0019 -35 -18 318 171
N0 0.0018 1 37 364 319
C3 0.0016 150 134 203 213
Q0 0.0016 132 108 320 296
L0 0.0014 0 0 374 213
B0 0.0013 20 92 349 306
C3 0.0013 142 100 229 244
C3 0.0012 76 63 309 324
D2 0.0011 170 34 379 183
Q0 0.0011 34 104 168 272
E2 0.0011 128 7 396 197
C0 0.0011 169 0 263 9
E2 0.0010 0 6 266 236
L0 0.0010 27 45 276 250
