D2 0.5517 193 44 297 233
D2 0.5446 75 33 195 245
D2 0.5438 298 59 409 242
D2 0.5335 301 248 409 435
D2 0.5330 196 237 302 433
D2 0.5099 84 240 193 433
C2 0.4745 301 247 410 434
C2 0.4684 299 60 409 239
C2 0.4493 85 240 193 430
C2 0.3691 197 238 302 429
C2 0.3423 76 33 195 240
C2 0.3360 194 45 297 231
E2 0.1436 195 237 304 431
E2 0.1154 84 238 194 432
C3 0.0630 297 0 384 65
C2 0.0594 307 0 384 63
A0 0.0559 3 -1 486 482
A3 0.0526 296 0 385 65
E2 0.0496 78 233 318 434
D2 0.0486 296 0 385 65
E2 0.0470 296 247 415 436
R0 0.0457 7 -5 484 484
C3 0.0274 94 0 193 49
H3 0.0263 4 -1 482 485
C2 0.0222 199 0 291 52
C2 0.0205 200 0 259 49
A3 0.0191 95 0 193 48
D2 0.0168 200 0 291 52
C3 0.0165 201 0 290 53
D2 0.0164 93 0 193 48
D2 0.0156 179 234 428 439
P0 0.0139 200 0 289 53
D2 0.0135 82 37 306 243
Q0 0.0128 -5 0 491 477
A3 0.0110 200 0 291 52
E2 0.0107 187 239 429 438
C2 0.0094 197 272 288 413
P0 0.0092 95 0 192 49
C2 0.0071 96 0 190 46
C3 0.0045 250 0 383 66
C2 0.0043 89 284 181 420
D2 0.0042 247 0 380 66
D2 0.0041 0 -2 493 461
D2 0.0037 186 46 421 252
E2 0.0037 181 43 428 256
D2 0.0035 198 234 359 437
C2 0.0031 92 244 187 370
D2 0.0027 63 27 424 245
E2 0.0026 63 37 333 249
C2 0.0024 298 0 343 57
E2 0.0022 153 193 438 452
E0 0.0020 0 4 437 439
C2 0.0019 203 246 295 345
C3 0.0016 170 0 386 65
Q0 0.0016 68 34 410 239
C2 0.0014 305 251 397 369
E2 0.0013 25 149 368 459
Q0 0.0012 301 257 408 431
E2 0.0011 -13 51 439 496
C2 0.0011 333 0 383 61
E0 0.0011 87 55 421 418
C2 0.0011 314 65 398 162
E2 0.0011 75 31 181 245
C2 0.0011 201 88 291 222
E2 0.0010 298 41 393 238
P0 0.0010 41 0 193 49
