A3 0.4362 154 270 290 397
D2 0.3734 158 71 274 178
C2 0.1883 156 270 291 396
C2 0.1576 158 70 275 177
A2 0.0900 179 98 443 321
C3 0.0855 158 70 276 178
A3 0.0722 -18 71 401 295
A2 0.0677 -35 69 436 297
A3 0.0357 -14 87 267 318
L0 0.0355 3 26 435 428
L0 0.0315 179 97 439 327
D2 0.0311 321 106 435 326
D2 0.0293 1 -4 434 418
L0 0.0271 -2 72 402 290
C3 0.0257 328 197 435 324
C2 0.0226 327 198 435 324
H0 0.0223 -8 86 269 319
E0 0.0214 25 68 403 293
L0 0.0200 33 133 381 290
E2 0.0162 8 101 415 416
C0 0.0141 21 100 397 287
L0 0.0138 -34 28 360 318
D2 0.0124 158 97 461 306
L0 0.0111 24 116 391 354
D2 0.0100 327 198 435 325
D2 0.0096 209 136 346 280
H3 0.0088 -52 52 398 298
D2 0.0086 314 101 436 217
D2 0.0084 225 95 439 334
E2 0.0081 157 69 274 179
C3 0.0067 214 152 338 277
L0 0.0060 90 32 432 310
R0 0.0055 216 151 335 277
A3 0.0049 50 92 265 288
C2 0.0047 0 140 27 229
E2 0.0046 314 101 433 217
C2 0.0042 179 76 269 143
R0 0.0042 32 362 430 434
C3 0.0042 95 145 219 279
E0 0.0040 45 38 489 316
A3 0.0036 -1 87 171 315
A3 0.0036 82 127 223 283
C3 0.0036 153 268 293 397
D2 0.0035 0 90 150 322
C2 0.0035 213 152 337 278
C3 0.0034 0 141 28 230
F3 0.0033 40 391 434 436
C3 0.0031 45 77 419 296
Q0 0.0029 1 0 430 106
C2 0.0029 171 282 275 384
C3 0.0028 22 96 264 314
E0 0.0026 -4 87 231 331
C3 0.0026 2 92 130 210
C0 0.0025 31 125 409 338
C3 0.0024 1 191 105 320
H3 0.0023 -3 7 346 324
D2 0.0021 181 99 371 290
Q0 0.0020 76 395 434 436
H0 0.0020 11 73 431 429
E2 0.0019 80 0 365 13
H3 0.0019 1 68 439 437
F2 0.0019 -13 84 251 303
L0 0.0019 193 120 404 300
C3 0.0018 314 101 436 214
C2 0.0018 314 123 361 212
D2 0.0017 1 187 105 317
H3 0.0016 1 0 432 114
F2 0.0015 135 418 352 437
C3 0.0015 307 114 431 329
B0 0.0014 -1 37 435 434
R0 0.0014 11 306 438 440
E0 0.0014 -2 0 433 111
K0 0.0013 3 92 130 210
C3 0.0012 411 179 435 237
E2 0.0012 40 0 392 27
C2 0.0012 96 170 136 236
D2 0.0012 2 2 433 264
C2 0.0011 314 128 350 201
C3 0.0011 1 93 175 328
E0 0.0010 40 130 434 286
E2 0.0010 45 0 282 13
C2 0.0010 94 159 149 243
G3 0.0010 -4 348 438 434
H3 0.0010 0 3 433 197
C3 0.0010 34 139 442 285
