D2 0.5975 0 63 129 163
D2 0.5044 39 55 151 124
C2 0.4563 0 62 130 163
C2 0.4122 38 55 150 123
D2 0.3756 -3 127 191 362
D2 0.3598 102 54 367 286
E2 0.2508 39 55 150 124
C2 0.1466 81 53 369 285
E2 0.1399 0 63 129 164
D2 0.1308 292 230 381 386
C2 0.1307 292 230 381 382
C2 0.1251 -3 120 188 372
C3 0.0787 173 334 365 382
E2 0.0779 115 50 352 284
D2 0.0750 169 333 372 381
E2 0.0658 -67 6 340 317
E2 0.0617 171 334 364 381
D2 0.0551 47 243 243 382
E2 0.0325 -43 37 398 431
D2 0.0293 2 46 376 377
I3 0.0284 170 334 370 381
C2 0.0244 47 244 237 382
E2 0.0190 -1 115 180 382
D2 0.0141 43 197 400 400
C2 0.0119 170 75 363 281
C2 0.0116 311 262 367 353
E2 0.0115 -98 -43 401 370
D2 0.0089 4 131 419 425
E2 0.0086 33 243 240 383
C2 0.0069 72 60 149 119
C2 0.0062 105 243 247 381
E2 0.0057 -8 54 313 403
E2 0.0046 -30 21 244 296
E2 0.0044 67 236 357 388
E2 0.0044 145 272 394 381
D2 0.0025 117 242 256 381
C2 0.0025 329 247 379 375
C2 0.0024 237 294 308 336
D2 0.0023 123 55 333 242
E2 0.0022 227 287 321 340
Q0 0.0021 0 131 200 374
E2 0.0021 2 368 117 382
R0 0.0020 0 132 195 372
C2 0.0016 91 239 300 386
D2 0.0016 0 157 28 368
C2 0.0016 -7 51 177 173
E2 0.0016 28 91 250 368
O0 0.0015 177 334 372 381
D2 0.0015 2 52 250 381
E2 0.0014 5 1 117 13
D2 0.0014 0 135 49 375
E2 0.0013 16 0 156 13
E2 0.0013 204 210 384 396
E2 0.0013 38 38 397 334
B0 0.0012 114 46 375 293
D2 0.0011 1 368 125 382
B2 0.0010 16 0 164 14
D2 0.0010 3 240 380 384
E2 0.0010 -22 193 473 404
