D2 0.4643 239 87 432 344
D2 0.4058 63 156 268 408
E2 0.3579 65 156 273 408
C2 0.3093 242 94 428 345
D2 0.2546 65 237 264 397
C2 0.2370 65 241 268 396
E2 0.1588 67 236 270 397
E2 0.0270 237 97 418 348
E2 0.0121 63 159 267 322
D2 0.0077 65 160 261 305
E2 0.0062 67 158 220 297
D2 0.0057 262 58 424 291
Q0 0.0055 241 56 428 344
C3 0.0029 88 438 106 447
D2 0.0029 298 437 437 466
D2 0.0027 337 440 461 465
G3 0.0025 88 438 105 447
D2 0.0023 5 0 455 460
C2 0.0023 137 276 206 317
D2 0.0022 323 432 458 466
E2 0.0017 75 159 193 243
B0 0.0015 241 54 430 343
Q0 0.0015 61 160 268 399
D2 0.0014 327 394 460 464
D2 0.0013 337 406 424 464
E2 0.0011 276 54 426 288
E2 0.0010 270 42 398 161
H3 0.0010 5 9 451 461
