C2 0.9608 11 145 90 261
C2 0.9582 91 108 165 216
C2 0.9578 305 1 414 99
C2 0.9538 259 161 350 271
C2 0.9531 28 37 104 148
C2 0.9530 344 91 418 210
C2 0.9516 92 211 188 314
C2 0.9485 73 309 174 401
C2 0.9422 6 258 84 373
C2 0.9358 297 300 379 422
C2 0.9342 179 197 262 272
C2 0.9307 158 95 246 199
C2 0.9262 204 5 307 90
C2 0.9156 346 203 423 321
C2 0.9026 170 329 286 420
C2 0.8967 222 250 323 337
C2 0.8901 100 12 206 98
C2 0.8180 243 82 342 165
C2 0.0626 384 0 425 12
C2 0.0093 388 0 425 20
C2 0.0075 386 0 426 29
C2 0.0073 368 0 429 13
C2 0.0042 399 0 424 12
C2 0.0029 370 0 425 21
C2 0.0018 391 -2 426 67
