D2 0.4248 56 139 228 393
C2 0.3021 52 149 228 389
D2 0.0996 213 55 384 311
E2 0.0787 52 137 226 395
C2 0.0755 214 54 385 313
A3 0.0709 212 56 385 311
O0 0.0482 212 55 384 308
C3 0.0371 217 62 381 312
B3 0.0342 215 67 380 310
P0 0.0284 214 66 384 310
O0 0.0259 49 138 225 386
M0 0.0251 211 54 386 311
Q0 0.0115 215 56 384 307
C3 0.0096 214 60 320 306
K0 0.0095 214 58 330 296
H3 0.0070 2 0 437 435
M0 0.0068 22 16 426 424
D2 0.0062 2 1 434 433
Q0 0.0047 20 20 194 120
N0 0.0040 206 57 384 317
E2 0.0036 72 142 187 196
O0 0.0033 151 51 407 336
Q0 0.0030 44 141 228 387
K0 0.0029 214 56 279 301
O0 0.0025 49 75 273 398
C3 0.0020 213 72 288 310
C2 0.0016 337 194 376 269
B2 0.0015 339 194 376 266
C2 0.0014 75 146 149 191
P0 0.0010 300 29 374 140
K0 0.0010 215 71 266 262
