A3 0.1392 97 35 356 361
E3 0.0992 96 17 361 450
A3 0.0726 82 122 356 441
C3 0.0456 99 141 345 463
A3 0.0309 77 6 365 491
M0 0.0249 99 12 362 450
A3 0.0212 111 19 353 232
C3 0.0140 115 21 362 279
A0 0.0131 85 28 361 442
C2 0.0125 401 145 456 223
D2 0.0124 82 72 371 463
E3 0.0100 7 17 448 446
C3 0.0053 209 203 264 235
Q0 0.0049 4 284 178 453
Q0 0.0042 98 8 373 461
B2 0.0041 281 331 450 455
D2 0.0040 281 370 451 455
R0 0.0037 273 165 456 455
B2 0.0036 277 386 451 457
C2 0.0035 210 204 264 235
E3 0.0034 264 1 455 226
R0 0.0034 0 162 111 292
Q0 0.0034 0 161 107 293
E2 0.0033 95 7 369 379
Q0 0.0033 271 168 458 456
J0 0.0031 0 165 112 291
D2 0.0029 278 313 451 462
C3 0.0029 267 -1 458 124
C3 0.0029 402 146 455 224
E3 0.0028 284 171 458 457
H3 0.0025 4 22 449 407
K0 0.0023 278 -1 456 122
E3 0.0023 278 329 455 461
Q0 0.0022 10 6 433 458
E3 0.0021 161 0 460 226
R0 0.0021 1 295 201 447
H3 0.0017 1 131 450 342
Q0 0.0014 0 102 451 364
A3 0.0013 223 89 257 128
R0 0.0011 3 280 450 455
D2 0.0011 409 309 455 458
A3 0.0011 163 12 330 204
E3 0.0011 266 379 452 452
C0 0.0010 7 3 453 190
E3 0.0010 283 7 449 151
G0 0.0010 267 403 440 456
Q0 0.0010 271 0 451 126
B0 0.0010 4 7 454 201
D2 0.0010 120 -33 377 537
