D2 0.4372 256 98 403 201
C2 0.4058 37 118 171 209
D2 0.4002 206 33 333 128
C2 0.3844 109 47 219 145
E2 0.3811 -6 63 486 361
D2 0.3764 39 117 171 211
E2 0.3683 13 27 337 357
C2 0.3600 257 98 403 199
E2 0.3591 63 0 449 328
C2 0.3457 206 32 333 127
C2 0.2495 271 178 409 304
C2 0.2255 163 137 288 239
E2 0.2046 256 98 404 201
E2 0.1987 -49 10 399 402
D2 0.1771 110 47 219 145
E0 0.1755 4 -2 453 355
C2 0.1603 161 231 311 354
E2 0.1561 39 117 172 211
C2 0.1308 45 191 190 320
E2 0.0797 17 15 401 265
E2 0.0794 109 46 218 145
D2 0.0683 271 178 410 304
E2 0.0525 204 32 334 129
A3 0.0524 164 137 288 239
D2 0.0480 44 192 188 320
D2 0.0475 158 231 309 355
C2 0.0468 142 132 309 288
A3 0.0415 270 177 410 305
E2 0.0393 266 177 410 307
C2 0.0390 164 139 252 224
A3 0.0355 44 191 189 320
E2 0.0254 115 62 367 264
C2 0.0253 75 112 321 286
D2 0.0203 0 -4 456 362
E2 0.0187 45 188 185 322
E2 0.0180 83 91 442 357
E2 0.0161 19 134 397 358
C2 0.0142 53 192 152 295
E2 0.0120 181 81 410 234
E2 0.0120 157 229 309 356
D2 0.0116 34 96 194 217
C2 0.0111 287 180 374 256
E2 0.0098 54 44 241 204
C2 0.0090 110 49 190 134
D2 0.0083 290 -2 453 148
E2 0.0081 20 44 284 250
C2 0.0079 35 103 230 233
C2 0.0070 87 122 166 196
E2 0.0064 62 20 371 187
E2 0.0062 139 118 293 255
C2 0.0059 201 138 286 230
C2 0.0058 157 327 198 353
E2 0.0054 134 130 449 331
C2 0.0052 136 58 217 142
E2 0.0046 56 0 306 280
C2 0.0044 213 119 259 148
C2 0.0042 42 120 121 209
E2 0.0041 106 30 364 145
E2 0.0040 232 90 410 260
C2 0.0039 276 165 373 285
C2 0.0039 169 141 281 215
C2 0.0031 207 54 312 124
C3 0.0030 157 327 197 353
E2 0.0027 136 26 445 270
C2 0.0024 53 194 135 267
B2 0.0023 157 327 198 353
C2 0.0023 52 157 165 333
B2 0.0023 213 119 258 147
C2 0.0021 165 135 226 230
C2 0.0018 51 233 158 306
C2 0.0017 210 247 295 338
C2 0.0017 168 160 211 228
C2 0.0016 216 35 312 106
E2 0.0016 17 126 275 341
C2 0.0014 262 100 382 167
E2 0.0014 37 105 205 311
E2 0.0013 231 80 436 331
C2 0.0013 185 113 287 251
C2 0.0013 309 121 392 190
C2 0.0012 140 208 187 297
C2 0.0011 281 48 332 106
C2 0.0011 37 170 240 332
C2 0.0010 103 34 276 160
