E0 0.0972 44 95 355 381
D2 0.0834 15 84 411 392
A3 0.0554 29 90 371 383
C3 0.0374 42 118 351 381
Q0 0.0261 43 64 399 388
O0 0.0161 48 67 393 381
E2 0.0144 31 49 390 394
C3 0.0143 126 70 358 204
L0 0.0115 125 72 353 205
C3 0.0091 333 419 455 454
R0 0.0086 92 60 388 361
H3 0.0076 93 64 397 353
I3 0.0075 104 64 396 351
H3 0.0071 -5 46 374 452
Q0 0.0069 0 60 208 457
D2 0.0057 124 72 363 203
E0 0.0056 0 44 426 451
E2 0.0055 26 319 357 459
O0 0.0054 11 296 333 454
R0 0.0039 -1 52 344 456
A3 0.0035 331 418 454 453
R0 0.0034 12 292 338 455
Q0 0.0033 2 58 341 456
E0 0.0031 11 296 339 456
D2 0.0030 51 70 342 355
Q0 0.0029 11 299 333 455
E3 0.0026 334 407 451 455
E0 0.0022 57 86 261 383
Q0 0.0020 -4 0 449 87
E3 0.0019 330 360 457 451
E2 0.0018 331 326 453 452
C2 0.0015 127 70 358 211
C2 0.0015 342 420 461 452
D2 0.0014 7 296 332 453
C3 0.0013 56 86 266 384
Q0 0.0012 3 62 206 269
H3 0.0011 0 1 452 95
Q0 0.0010 321 85 453 448
C3 0.0010 15 280 348 449
