C2 0.9286 45 23 161 93
C2 0.9102 0 75 101 196
C2 0.8953 228 4 299 76
C2 0.8905 163 49 287 154
C2 0.8780 111 0 216 45
C2 0.5674 282 0 299 15
C2 0.2986 92 126 226 233
C2 0.1091 279 64 299 135
C2 0.1012 281 0 299 30
C2 0.0638 -3 0 292 289
C2 0.0490 95 81 170 144
C2 0.0412 282 0 299 52
C2 0.0380 214 109 299 232
D3 0.0215 214 113 299 231
C2 0.0195 279 0 300 11
C2 0.0117 272 0 299 47
E2 0.0078 283 0 299 60
C2 0.0068 228 1 300 143
C3 0.0053 108 183 300 301
C2 0.0045 159 25 224 82
C2 0.0045 271 1 299 32
D2 0.0033 163 49 287 153
C2 0.0028 2 67 272 258
C2 0.0024 289 -5 299 49
C2 0.0024 0 17 40 63
C2 0.0021 278 66 299 111
H3 0.0020 96 187 301 300
C2 0.0019 266 0 299 20
D2 0.0018 112 0 215 46
K0 0.0017 214 106 299 229
D2 0.0015 45 23 163 94
C2 0.0013 32 107 242 244
C2 0.0011 204 64 299 226
D2 0.0010 229 4 300 75
