D2 0.4152 8 34 92 133
D2 0.3811 0 107 86 208
D2 0.2564 0 185 82 300
C2 0.2343 8 34 92 133
D2 0.1731 88 178 183 296
C2 0.1633 14 0 94 57
C2 0.1511 0 184 81 298
D2 0.1299 14 0 94 57
C2 0.1294 0 107 86 207
D2 0.1261 389 163 431 308
C2 0.1104 89 178 183 295
C2 0.1087 95 40 165 123
C2 0.1074 156 383 222 431
C2 0.0964 46 390 112 431
C2 0.0926 266 380 340 430
C2 0.0847 409 279 432 383
E2 0.0798 14 0 93 58
D2 0.0766 409 275 431 384
C2 0.0753 389 174 431 285
D2 0.0731 368 88 431 211
D2 0.0671 127 45 235 196
E2 0.0663 390 164 431 306
C2 0.0657 193 39 262 103
C2 0.0645 338 0 413 55
C2 0.0610 99 0 177 58
D2 0.0579 290 180 390 297
D2 0.0568 157 384 226 431
D2 0.0555 98 0 177 58
C2 0.0463 181 0 257 56
E2 0.0445 0 107 85 208
C2 0.0425 318 99 366 185
C2 0.0382 130 47 235 197
D2 0.0371 303 265 410 425
D2 0.0369 95 38 165 123
E2 0.0348 79 58 321 329
D2 0.0344 180 0 258 55
D2 0.0333 186 177 281 299
D2 0.0327 371 67 431 319
E2 0.0324 367 59 431 322
D2 0.0317 0 279 82 430
D2 0.0277 0 134 84 308
C2 0.0275 261 0 335 60
E2 0.0275 95 38 165 123
E2 0.0274 8 32 93 133
C2 0.0269 170 278 209 356
D2 0.0263 49 390 111 430
E2 0.0260 3 -14 425 376
C2 0.0258 241 117 323 184
C2 0.0256 368 87 432 210
D2 0.0253 82 269 188 429
C2 0.0252 279 33 347 98
E2 0.0235 179 0 259 57
C2 0.0222 93 104 144 195
E2 0.0218 129 44 239 199
D2 0.0216 104 35 262 198
D2 0.0204 3 0 430 425
C2 0.0200 377 90 431 154
D2 0.0199 322 106 366 186
C2 0.0197 304 187 383 270
D2 0.0179 281 36 350 103
D2 0.0175 18 0 166 59
C2 0.0173 99 185 178 275
D2 0.0168 92 99 147 207
C2 0.0167 357 39 424 114
B2 0.0164 158 383 225 430
C2 0.0163 195 187 276 267
E2 0.0163 90 18 394 294
C2 0.0154 63 279 100 336
D2 0.0151 190 258 307 429
D2 0.0141 48 5 173 129
C2 0.0139 289 178 389 296
B2 0.0135 -1 276 83 431
E2 0.0131 142 75 382 339
B2 0.0129 84 265 187 431
D2 0.0121 389 146 431 392
C3 0.0118 84 263 186 432
C2 0.0114 187 177 281 298
E2 0.0114 93 100 148 207
E2 0.0108 100 0 177 57
K0 0.0106 -1 279 87 429
C2 0.0102 0 115 13 150
E2 0.0101 25 0 179 59
C2 0.0099 238 103 329 211
C2 0.0098 393 166 431 259
E2 0.0095 259 0 335 63
E2 0.0090 61 -40 349 400
C2 0.0084 339 3 391 55
C3 0.0084 0 275 81 430
C2 0.0082 369 115 430 197
E2 0.0081 238 102 328 211
B2 0.0080 51 391 110 430
D2 0.0080 272 381 340 429
C2 0.0079 356 61 415 124
D2 0.0078 0 114 13 152
C2 0.0078 324 271 398 338
C2 0.0076 170 276 209 315
C2 0.0073 108 295 180 413
C2 0.0073 68 190 103 250
D2 0.0073 26 252 385 434
C2 0.0073 4 188 67 222
E2 0.0071 11 -1 174 133
C2 0.0069 390 210 431 295
E2 0.0066 370 86 432 211
C2 0.0065 280 271 314 332
D2 0.0065 259 0 335 62
D2 0.0064 58 62 341 338
C3 0.0061 191 256 306 432
B2 0.0060 288 178 390 297
D2 0.0059 0 -1 174 136
C2 0.0056 74 114 106 188
D2 0.0056 131 256 337 433
D2 0.0055 302 177 422 404
K0 0.0052 0 185 84 426
C2 0.0051 261 2 311 56
C2 0.0049 196 40 253 86
E2 0.0048 134 21 351 234
D2 0.0046 12 16 130 135
E2 0.0046 387 155 432 390
E2 0.0046 157 149 411 428
D2 0.0046 274 25 357 113
D2 0.0046 362 38 428 101
D2 0.0045 5 188 67 225
C2 0.0045 159 388 207 430
C2 0.0044 364 182 397 243
E2 0.0044 169 -1 296 58
D2 0.0044 402 188 430 395
E2 0.0044 337 0 415 60
D2 0.0043 109 41 259 135
D2 0.0043 147 209 429 432
D2 0.0042 369 35 426 72
B2 0.0042 180 0 346 64
C2 0.0041 209 50 261 106
D2 0.0041 4 187 62 212
C2 0.0041 219 269 294 349
C2 0.0039 356 55 405 112
E2 0.0038 232 91 363 213
C2 0.0038 69 192 101 219
C3 0.0037 291 175 390 298
D2 0.0037 186 -1 344 62
D2 0.0036 86 102 188 312
D2 0.0036 92 27 365 209
E2 0.0036 303 259 410 429
R0 0.0035 159 125 410 435
R0 0.0035 0 161 83 432
D2 0.0034 309 248 412 371
C3 0.0032 338 0 415 60
B2 0.0032 273 381 339 429
E2 0.0032 129 0 269 55
E2 0.0031 203 27 367 234
D2 0.0031 337 0 415 59
E2 0.0031 289 179 388 299
E2 0.0030 192 37 263 109
C2 0.0030 319 124 366 191
C2 0.0028 363 36 425 89
D2 0.0028 366 36 432 204
C2 0.0028 3 188 72 247
E2 0.0028 0 182 81 303
E2 0.0028 408 272 432 422
C0 0.0027 46 155 338 444
C2 0.0027 5 110 78 174
K0 0.0027 86 194 185 413
C2 0.0026 14 296 77 404
C2 0.0026 341 1 409 40
E2 0.0026 0 99 87 320
C2 0.0026 224 96 252 178
C2 0.0025 203 84 350 237
A2 0.0025 65 257 326 433
D2 0.0025 29 264 212 433
E2 0.0025 188 0 334 62
D2 0.0025 80 99 308 318
B2 0.0024 337 0 413 62
C0 0.0024 0 165 84 432
B2 0.0024 389 160 432 392
C2 0.0023 382 269 419 348
B2 0.0023 280 272 314 321
D2 0.0022 164 112 303 313
C2 0.0022 321 288 400 412
D2 0.0022 250 -2 430 128
D2 0.0021 93 5 271 124
D2 0.0021 113 83 419 332
D2 0.0021 170 177 296 428
A2 0.0021 52 141 329 452
D2 0.0021 302 43 351 102
A3 0.0020 157 265 215 413
E2 0.0020 273 25 350 113
D2 0.0020 305 62 383 216
D2 0.0020 251 -9 438 255
D2 0.0020 14 120 84 194
C2 0.0020 268 394 332 431
D2 0.0020 82 144 168 300
E2 0.0020 183 177 280 299
D2 0.0020 324 132 365 190
C2 0.0020 329 275 403 367
D2 0.0020 5 111 79 175
C2 0.0019 100 39 257 123
D2 0.0019 96 221 183 384
D2 0.0019 193 36 264 108
E2 0.0019 65 154 316 439
D2 0.0019 229 88 363 209
D2 0.0019 101 0 257 59
E2 0.0019 147 381 232 433
D2 0.0019 71 157 312 305
K0 0.0019 2 269 69 388
C2 0.0018 358 40 415 97
A3 0.0018 59 260 309 433
C2 0.0018 106 274 181 376
D2 0.0018 294 35 350 91
D2 0.0018 86 250 168 406
C3 0.0017 408 -2 431 64
C2 0.0017 48 402 105 431
E2 0.0017 268 6 374 117
B2 0.0016 365 182 396 243
C0 0.0016 -4 158 209 449
C2 0.0016 407 160 430 288
C2 0.0016 310 184 380 242
E0 0.0016 46 155 350 449
C3 0.0016 170 276 207 315
D2 0.0016 281 161 402 426
E2 0.0016 63 254 330 436
C2 0.0016 259 93 304 122
D2 0.0015 403 80 430 206
D2 0.0015 84 182 201 423
E2 0.0015 77 -2 175 124
D2 0.0015 388 266 421 384
C2 0.0015 304 303 345 378
C3 0.0015 308 270 408 430
C2 0.0015 407 -1 431 62
B2 0.0015 59 257 321 435
C2 0.0015 300 100 336 164
E2 0.0015 2 165 198 431
C2 0.0015 356 65 394 115
C2 0.0014 303 292 358 387
D2 0.0014 71 113 105 193
B2 0.0014 9 267 208 436
C2 0.0014 419 127 432 318
C2 0.0014 384 90 431 138
D2 0.0014 59 7 443 266
C2 0.0014 241 276 297 353
D2 0.0014 34 175 371 444
C2 0.0014 336 42 363 95
E2 0.0013 69 112 105 194
C3 0.0013 181 176 277 300
E2 0.0013 91 84 262 208
D2 0.0013 290 33 343 79
D2 0.0013 301 232 377 414
D2 0.0013 177 176 375 405
D2 0.0013 210 46 261 103
B3 0.0013 34 160 196 446
D2 0.0013 354 34 429 129
C2 0.0013 137 58 213 121
C2 0.0012 341 2 378 46
C2 0.0012 286 32 340 80
E2 0.0012 263 379 334 432
C2 0.0012 120 38 270 205
C2 0.0012 89 0 266 63
D2 0.0012 183 221 287 401
C2 0.0012 328 269 395 321
D2 0.0012 220 54 261 107
C2 0.0012 1 291 81 432
C2 0.0012 182 2 232 51
E2 0.0012 223 78 348 258
C2 0.0012 0 107 13 194
C3 0.0011 69 192 101 219
E2 0.0011 227 5 435 242
D2 0.0011 306 89 371 199
D2 0.0011 261 376 424 432
B2 0.0011 81 0 112 13
D2 0.0011 1 111 29 206
D2 0.0011 0 157 83 435
B2 0.0011 336 42 363 87
C2 0.0011 76 280 202 431
D2 0.0011 213 231 332 385
D2 0.0011 21 98 198 324
D2 0.0011 388 90 431 135
B2 0.0011 261 0 429 132
C2 0.0011 6 286 76 379
D2 0.0011 0 114 13 190
E2 0.0010 84 32 264 220
K0 0.0010 72 256 169 392
C2 0.0010 356 74 402 122
D2 0.0010 93 -5 171 127
D2 0.0010 412 61 432 192
B2 0.0010 269 0 407 62
D2 0.0010 214 254 305 358
C2 0.0010 230 92 368 211
C2 0.0010 96 84 269 207
C2 0.0010 162 0 192 47
D2 0.0010 260 378 365 431
C2 0.0010 127 294 182 395
E2 0.0010 4 -1 95 102
K0 0.0010 3 251 88 384
