D2 0.3964 127 24 354 328
D2 0.3065 175 17 315 167
D2 0.0848 129 148 348 321
C3 0.0727 127 144 351 320
E2 0.0719 177 17 315 165
C2 0.0637 176 17 316 166
A3 0.0609 132 148 346 321
C2 0.0393 124 20 353 331
C2 0.0242 75 227 162 301
C3 0.0189 106 27 358 331
B0 0.0175 133 23 349 329
P0 0.0174 127 21 348 330
E0 0.0151 131 132 346 319
Q0 0.0129 314 -2 560 218
B2 0.0126 60 16 351 331
B2 0.0124 118 146 348 321
C2 0.0089 239 87 313 163
E3 0.0079 2 54 248 370
B2 0.0065 176 19 315 167
Q0 0.0062 324 14 562 321
N0 0.0058 126 19 356 322
H0 0.0056 -1 51 241 309
C2 0.0054 70 170 153 237
K0 0.0054 137 147 347 319
G3 0.0045 2 55 248 371
M0 0.0041 126 16 351 317
B2 0.0041 73 18 257 295
G3 0.0039 70 168 168 239
C3 0.0032 238 36 311 166
B2 0.0032 0 47 250 322
N0 0.0029 6 16 349 333
C3 0.0024 74 220 165 304
D2 0.0022 8 -9 561 372
G3 0.0021 68 120 217 183
N0 0.0021 1 47 250 343
M0 0.0021 360 -9 555 214
D2 0.0020 -4 19 345 333
D2 0.0020 2 52 261 370
Q0 0.0019 9 -18 561 374
B2 0.0017 73 48 253 219
C2 0.0017 236 41 314 169
D2 0.0017 12 -80 244 66
C2 0.0016 160 142 317 313
Q0 0.0016 259 34 576 425
E2 0.0015 74 225 163 300
D2 0.0014 75 224 162 301
C2 0.0013 196 65 248 156
N0 0.0012 227 21 311 174
D2 0.0011 59 12 302 282
C2 0.0010 213 149 333 297
