E2 0.2157 123 349 349 575
D2 0.2106 125 354 346 574
E2 0.1917 23 337 416 698
R0 0.1805 1 738 463 1026
E0 0.1611 25 337 414 699
Q0 0.1358 -1 749 460 1020
B1 0.1264 -21 12 487 283
C2 0.0786 133 369 336 555
B2 0.0629 119 350 348 573
C3 0.0429 27 339 408 704
Q0 0.0373 -1 282 465 738
C3 0.0238 -2 273 56 331
Q0 0.0222 -2 3 463 265
D0 0.0222 7 732 457 1025
J0 0.0195 0 731 458 1026
G0 0.0179 -3 749 467 1019
R0 0.0124 -26 -3 500 257
C0 0.0113 -17 41 474 280
G0 0.0105 -5 3 463 268
H3 0.0095 -4 -1 501 265
C2 0.0081 6 152 59 204
Q0 0.0077 2 276 190 751
G3 0.0061 22 465 67 723
C3 0.0051 -2 624 62 740
R0 0.0049 0 273 193 735
R0 0.0047 -10 0 498 106
H3 0.0036 156 267 466 721
B1 0.0035 30 67 458 218
C3 0.0035 446 640 472 749
C3 0.0034 134 311 220 387
E2 0.0032 137 277 459 682
C1 0.0030 -1 9 475 271
J0 0.0027 -21 0 558 106
Q0 0.0026 159 287 465 735
C3 0.0026 31 481 411 702
C0 0.0025 -37 -1 551 225
D0 0.0023 -157 762 478 1033
C2 0.0022 125 347 293 577
C2 0.0021 446 641 472 749
C2 0.0017 -5 647 141 747
C3 0.0016 -2 649 153 746
E0 0.0015 10 292 247 728
C3 0.0015 0 274 194 733
J0 0.0015 6 55 459 279
J0 0.0012 46 979 435 1026
E2 0.0012 0 262 197 733
R0 0.0011 -1 566 456 1058
C3 0.0010 145 254 472 753
