C3 0.0962 40 138 269 286
C0 0.0239 31 142 282 287
C3 0.0196 82 140 266 253
C0 0.0099 0 243 82 286
C3 0.0097 30 40 280 283
C0 0.0081 81 69 113 113
C3 0.0062 0 243 82 286
B2 0.0057 0 243 81 286
E3 0.0046 0 0 90 158
G3 0.0036 49 158 167 263
C0 0.0033 23 4 286 293
C3 0.0032 243 150 286 257
C3 0.0025 47 154 166 263
B2 0.0021 246 154 287 257
I3 0.0021 54 136 259 268
C0 0.0021 0 -5 85 168
F0 0.0018 0 -1 86 144
H3 0.0017 0 0 87 159
C0 0.0017 81 66 125 118
C0 0.0014 1 222 286 289
C3 0.0012 215 147 287 260
B1 0.0011 46 242 285 286
G3 0.0011 15 241 285 286
F2 0.0011 4 241 286 286
D1 0.0011 5 242 289 287
