C3 0.7688 118 114 266 189
B0 0.7328 15 1 205 128
C3 0.2982 0 47 35 195
E2 0.1806 -7 163 195 267
C3 0.1786 11 2 208 131
C2 0.1552 -5 164 192 267
D2 0.1076 0 164 194 266
A3 0.0338 -3 163 192 267
C3 0.0299 0 28 34 254
C3 0.0276 -3 161 191 268
C3 0.0252 189 118 258 187
C3 0.0238 0 73 34 164
C3 0.0215 27 47 78 79
C3 0.0212 24 46 85 88
H3 0.0186 0 64 34 202
H3 0.0157 -4 161 194 268
C3 0.0140 30 49 69 75
C2 0.0109 0 64 34 202
C0 0.0077 119 119 264 187
C3 0.0044 182 172 332 267
C0 0.0026 276 0 331 73
C3 0.0022 0 -12 30 194
C3 0.0022 287 226 331 266
D0 0.0021 277 0 331 80
G3 0.0013 277 0 332 75
C3 0.0011 -10 -57 70 10
C2 0.0011 0 75 33 163
C2 0.0010 0 105 5 164
