A2 0.5803 79 14 288 178
C2 0.1632 292 8 358 57
A2 0.1628 103 12 278 141
E2 0.1408 293 7 358 58
C2 0.1005 354 0 397 41
A2 0.0680 54 6 321 228
C2 0.0552 348 43 393 77
K0 0.0510 378 78 400 211
C3 0.0452 348 43 392 78
B2 0.0339 354 1 396 40
A2 0.0333 178 23 329 225
K0 0.0277 348 43 399 208
D2 0.0220 355 1 396 41
C2 0.0208 0 0 29 85
E0 0.0198 39 0 334 224
A2 0.0188 98 14 270 99
A2 0.0183 71 70 300 221
A2 0.0161 189 101 292 215
N0 0.0154 0 -2 29 87
L0 0.0139 348 39 400 208
A2 0.0139 82 18 224 173
M0 0.0131 0 0 28 85
Q0 0.0128 39 2 340 224
A2 0.0127 162 22 277 102
G3 0.0112 0 0 29 85
C3 0.0097 355 1 396 41
A2 0.0090 131 65 180 117
K0 0.0089 361 66 400 216
A2 0.0082 90 86 232 176
A2 0.0075 103 98 210 170
G3 0.0075 378 81 400 183
C2 0.0071 294 16 340 55
E2 0.0066 292 2 388 60
A2 0.0065 121 15 182 56
A2 0.0057 49 19 219 227
C3 0.0053 191 63 295 124
A2 0.0052 83 14 206 130
P0 0.0048 0 -3 30 87
D2 0.0046 298 10 355 57
G3 0.0043 349 47 400 211
A2 0.0042 130 53 315 220
O0 0.0042 0 -2 30 86
B2 0.0039 297 10 355 58
E2 0.0033 259 0 367 61
B2 0.0033 192 61 299 139
I3 0.0032 0 -2 30 86
B2 0.0030 351 0 400 81
B2 0.0029 349 43 392 76
E3 0.0028 0 0 89 224
A2 0.0027 132 16 253 81
A2 0.0026 151 11 330 156
B0 0.0026 360 53 399 213
B0 0.0025 0 -1 30 86
C3 0.0024 47 32 217 231
C3 0.0024 383 80 399 227
N0 0.0023 379 74 400 200
B2 0.0023 252 110 278 134
A2 0.0023 101 13 190 106
B3 0.0022 0 -3 30 87
E3 0.0022 -1 0 51 227
C2 0.0021 33 206 86 225
D2 0.0021 44 20 203 228
K0 0.0021 350 0 400 20
D2 0.0019 193 62 294 124
B0 0.0019 372 75 400 215
A2 0.0017 82 42 135 129
A2 0.0016 83 35 168 127
B2 0.0016 353 0 400 25
F2 0.0015 120 15 181 52
A2 0.0015 67 22 195 192
A2 0.0015 146 97 322 224
A2 0.0015 80 104 212 190
C3 0.0015 351 0 400 30
M0 0.0015 0 -5 44 216
C3 0.0014 0 -3 29 87
Q0 0.0014 1 1 88 225
F2 0.0014 336 0 398 84
C2 0.0014 356 0 400 19
A2 0.0014 192 29 279 99
B2 0.0014 295 1 400 84
G3 0.0014 94 109 113 127
B2 0.0013 83 56 118 118
G3 0.0012 195 71 296 123
B2 0.0012 295 0 400 53
N0 0.0011 381 38 400 232
A2 0.0011 299 1 399 98
E2 0.0011 353 0 399 39
B2 0.0010 162 125 192 143
B2 0.0010 123 15 160 49
B2 0.0010 197 21 236 52
F2 0.0010 297 0 400 84
