C3 0.8872 431 31 704 355
A3 0.8722 271 245 457 424
C3 0.8286 212 66 447 184
A3 0.6756 45 171 247 399
C0 0.1880 52 3 209 157
F2 0.1516 212 66 445 184
B2 0.1125 51 3 210 159
C3 0.1006 43 172 248 400
C3 0.0846 49 3 212 159
A3 0.0585 0 409 69 435
A3 0.0468 48 2 213 158
F2 0.0259 48 3 213 159
A3 0.0208 440 30 702 350
A3 0.0087 0 384 70 434
A3 0.0079 0 347 69 434
B2 0.0063 48 174 243 396
C3 0.0062 2 130 76 432
C3 0.0047 268 243 457 427
A3 0.0045 685 256 704 532
C3 0.0036 0 215 67 436
A3 0.0033 696 301 703 469
D2 0.0026 2 82 77 439
C2 0.0026 51 2 207 160
C3 0.0012 10 384 93 599
D2 0.0012 49 8 211 156
F2 0.0010 436 32 704 350
