A2 0.3299 272 324 457 507
E0 0.2111 249 301 550 535
C3 0.2078 168 617 288 783
A0 0.2076 3 0 419 268
C2 0.1568 270 328 457 504
A2 0.1420 254 305 552 537
K0 0.1319 169 609 294 793
E2 0.1294 271 324 455 507
C3 0.1024 264 594 336 692
C3 0.0909 171 533 284 584
C3 0.0893 248 297 550 534
K0 0.0885 49 278 252 520
C2 0.0499 343 5 479 170
C2 0.0427 263 594 336 692
E3 0.0355 -5 0 483 264
C2 0.0347 343 1 439 148
D2 0.0293 521 30 566 76
H3 0.0284 244 299 560 537
A0 0.0277 5 555 295 938
K0 0.0272 117 533 337 800
K0 0.0214 19 523 338 787
P0 0.0191 51 272 251 517
L0 0.0171 2 281 323 784
A2 0.0166 -2 -2 410 272
G3 0.0148 14 664 116 771
K0 0.0147 62 594 307 917
C3 0.0125 -3 297 90 354
C3 0.0120 64 336 128 449
D2 0.0119 291 333 454 503
K0 0.0104 12 528 314 895
C3 0.0102 113 292 253 489
G3 0.0098 14 699 83 770
K0 0.0094 -10 162 272 824
C2 0.0092 524 360 575 523
C0 0.0090 12 596 294 937
J0 0.0086 26 777 261 932
L0 0.0080 9 520 337 787
P0 0.0077 161 609 315 844
C2 0.0074 171 616 282 777
C3 0.0069 113 546 162 603
D2 0.0068 466 1 567 65
A2 0.0068 299 0 570 329
K0 0.0065 5 241 241 601
B2 0.0064 345 0 424 102
A2 0.0062 434 5 573 304
C3 0.0060 1 7 380 267
K0 0.0058 8 -1 339 259
C2 0.0057 242 -1 383 199
B2 0.0053 465 4 540 59
B2 0.0052 -2 22 70 86
D1 0.0049 24 776 267 934
A2 0.0042 298 114 566 320
C2 0.0041 544 360 574 521
A2 0.0041 135 -1 435 234
B2 0.0039 465 0 573 63
B2 0.0038 291 280 361 326
H3 0.0037 3 513 287 936
C0 0.0037 23 776 269 933
D2 0.0037 520 0 573 80
K0 0.0037 20 536 243 772
H3 0.0036 319 292 525 537
C2 0.0035 464 5 541 59
B2 0.0035 288 333 454 498
C0 0.0033 168 606 311 823
J0 0.0031 10 604 286 938
E2 0.0031 523 340 574 532
C2 0.0031 111 288 255 486
K0 0.0031 260 -2 494 209
C3 0.0029 282 375 318 461
G3 0.0029 48 782 270 923
B2 0.0029 -3 0 111 43
B2 0.0028 405 23 485 163
C3 0.0028 223 706 284 777
C2 0.0027 387 15 484 166
C3 0.0026 197 693 282 779
C3 0.0025 523 353 574 526
C3 0.0025 55 372 112 513
K0 0.0024 164 578 331 825
B2 0.0024 -1 0 110 78
F3 0.0022 107 859 594 1023
E3 0.0021 2 0 564 459
C3 0.0019 57 351 152 515
B2 0.0018 406 -1 480 42
B2 0.0018 401 1 547 58
E2 0.0018 270 -3 494 210
L0 0.0018 -27 253 475 807
C2 0.0017 348 65 464 179
C0 0.0016 1 484 248 931
K0 0.0016 248 588 336 721
K0 0.0016 338 1 488 191
D0 0.0016 57 888 594 1035
L0 0.0015 -1 292 85 354
Q0 0.0014 248 300 554 530
E0 0.0014 267 334 354 502
E2 0.0014 0 246 191 490
K0 0.0014 233 1 425 216
A0 0.0013 145 849 595 1020
E3 0.0013 88 850 635 1020
L0 0.0013 138 517 334 784
A2 0.0012 415 0 572 185
D2 0.0011 514 184 563 218
C3 0.0011 54 322 131 535
G3 0.0011 -2 330 29 353
O0 0.0010 249 310 551 527
C0 0.0010 274 770 305 821
A2 0.0010 471 14 573 239
C3 0.0010 252 -5 384 201
E3 0.0010 29 0 499 186
B2 0.0010 476 40 573 160
