C3 0.1597 204 34 352 302
D0 0.1044 203 33 353 300
K0 0.0966 201 23 353 290
E0 0.0651 21 21 196 309
C3 0.0551 21 20 195 286
C3 0.0325 0 0 90 194
K0 0.0310 359 39 400 335
D2 0.0309 46 -43 358 362
B2 0.0209 60 -77 292 371
D2 0.0191 1 -4 399 310
A2 0.0146 14 -17 203 312
F2 0.0143 14 -101 302 383
K0 0.0123 0 -4 86 194
H3 0.0117 4 -15 405 315
Q0 0.0114 20 -2 200 305
K0 0.0084 338 42 400 308
G3 0.0077 0 -2 88 186
A3 0.0076 4 -69 320 361
E0 0.0068 7 -8 395 311
D2 0.0066 144 -2 323 327
D2 0.0061 17 -2 203 307
C3 0.0051 44 -5 262 324
C3 0.0051 6 -33 235 295
D2 0.0048 0 0 91 142
Q0 0.0046 0 0 89 186
C3 0.0045 192 -24 318 332
Q0 0.0042 203 7 360 301
K0 0.0042 27 -12 250 308
M0 0.0036 202 7 359 300
D2 0.0035 197 5 359 300
F2 0.0033 49 -50 267 307
C3 0.0031 -16 -73 310 349
K0 0.0031 0 -4 48 192
F2 0.0029 77 -23 253 253
N0 0.0028 187 5 360 300
C3 0.0027 0 95 26 187
F2 0.0027 0 0 90 139
A3 0.0026 27 -2 212 295
B2 0.0025 0 0 93 157
D2 0.0024 98 -11 255 209
B2 0.0024 100 -54 259 329
C3 0.0024 25 90 190 310
C2 0.0023 367 223 400 287
C3 0.0023 0 0 75 145
A0 0.0020 350 0 400 318
F2 0.0020 0 94 25 298
B2 0.0020 370 263 399 317
N0 0.0017 105 2 389 304
B2 0.0016 97 -11 249 221
B0 0.0016 5 -7 192 306
B2 0.0015 259 -40 312 -19
B0 0.0015 0 -3 80 317
F3 0.0014 0 -4 87 295
K0 0.0014 0 81 29 275
K0 0.0014 189 -35 320 332
D2 0.0013 371 270 399 318
E2 0.0013 44 -33 352 356
D2 0.0012 94 -5 314 276
C3 0.0011 0 1 41 169
C2 0.0011 370 266 399 316
B0 0.0011 2 -2 98 210
H3 0.0011 198 -1 378 311
B0 0.0010 -1 87 24 322
