C3 0.9235 0 45 226 268
C3 0.7839 70 199 354 421
C3 0.5365 257 99 392 285
D2 0.4200 69 201 352 420
C2 0.1547 194 34 305 162
C2 0.0552 257 99 393 284
D2 0.0460 257 102 391 283
E0 0.0427 258 101 391 283
C3 0.0181 192 32 306 149
C3 0.0139 44 0 310 166
C2 0.0103 218 37 300 144
D2 0.0062 1 49 222 264
D2 0.0040 48 0 306 163
E2 0.0036 191 33 306 142
C3 0.0033 12 2 279 229
D2 0.0032 107 89 366 407
B2 0.0027 71 312 164 421
C3 0.0016 127 97 381 367
C3 0.0013 320 413 371 421
C3 0.0012 256 99 390 415
