I3 0.2724 21 31 56 94
E0 0.2717 0 100 69 151
B0 0.1962 21 31 56 94
K0 0.1935 3 100 68 151
P0 0.0926 0 6 15 98
O0 0.0889 70 20 145 110
C3 0.0847 0 100 69 151
B0 0.0809 0 3 14 95
A2 0.0735 70 21 142 117
O0 0.0695 0 0 14 102
B0 0.0690 70 21 141 115
H3 0.0580 69 21 139 102
P0 0.0565 21 31 55 95
E0 0.0543 69 20 144 105
A2 0.0493 21 31 56 94
M0 0.0475 0 3 16 101
K0 0.0228 17 110 67 150
A2 0.0213 77 38 127 104
B3 0.0189 0 -8 13 99
P0 0.0179 73 29 142 112
P0 0.0179 0 30 13 102
K0 0.0146 31 119 68 150
N0 0.0116 0 31 8 92
O0 0.0110 20 31 57 93
C3 0.0110 70 19 136 108
B3 0.0107 21 36 53 95
B3 0.0091 67 28 138 112
A2 0.0081 79 43 118 93
O0 0.0078 0 101 69 151
B3 0.0071 0 5 18 105
A2 0.0067 22 32 56 64
H3 0.0062 0 1 152 152
C2 0.0055 83 57 106 82
B3 0.0055 0 29 13 103
P0 0.0054 0 0 13 80
E0 0.0053 69 20 143 76
Q0 0.0051 20 31 57 94
N0 0.0046 0 39 9 99
M0 0.0043 8 5 151 147
N0 0.0039 22 56 47 92
F0 0.0035 67 28 132 114
E3 0.0032 19 32 57 93
O0 0.0025 22 42 51 94
B1 0.0024 149 60 152 178
F2 0.0023 21 31 55 60
A2 0.0020 71 19 142 82
C2 0.0020 0 0 12 18
K0 0.0020 0 0 12 18
C3 0.0019 0 0 12 18
Q0 0.0018 70 21 144 110
F2 0.0018 21 30 51 92
N0 0.0017 29 54 49 84
O0 0.0015 0 -3 25 106
K0 0.0014 0 101 60 140
I3 0.0014 22 47 53 94
C3 0.0013 82 57 106 84
G3 0.0013 0 3 8 54
P0 0.0013 20 30 42 94
O0 0.0012 0 -1 13 73
E2 0.0011 143 98 151 149
N0 0.0010 0 7 9 52
F2 0.0010 21 31 34 61
K0 0.0010 26 101 69 149
