E3 0.8074 5 41 282 292
C1 0.3679 -2 -3 292 184
J0 0.2049 6 40 282 293
C3 0.1836 159 167 206 236
C3 0.0202 43 161 229 289
D3 0.0148 6 44 283 293
C3 0.0146 3 247 188 296
N0 0.0094 0 132 38 245
C3 0.0072 3 251 117 294
K0 0.0065 1 221 295 295
F2 0.0064 28 0 268 76
F2 0.0058 0 2 284 239
C3 0.0050 26 113 164 257
C1 0.0044 -4 0 233 258
F3 0.0043 0 228 294 294
B2 0.0030 157 170 208 240
K0 0.0029 -5 242 278 296
C3 0.0022 1 59 283 295
K0 0.0020 3 153 292 294
C3 0.0013 69 275 152 296
C3 0.0011 72 281 190 296
C3 0.0010 182 202 293 292
N0 0.0010 205 235 287 294
