E2 0.0748 120 88 383 334
E2 0.0741 295 22 531 337
A2 0.0526 118 114 372 330
E2 0.0452 128 82 531 327
B2 0.0233 122 78 388 330
E0 0.0229 21 86 230 331
P0 0.0182 62 2 146 90
B2 0.0173 22 81 222 332
B3 0.0170 61 2 147 89
E2 0.0164 118 9 585 341
F2 0.0163 -36 68 292 128
E2 0.0146 240 -54 543 384
C3 0.0136 24 81 190 330
L0 0.0127 117 2 535 328
C2 0.0114 63 4 147 83
D2 0.0109 87 2 537 328
B0 0.0105 26 83 169 326
C3 0.0094 191 64 299 117
C2 0.0092 0 44 32 79
Q0 0.0088 0 77 287 139
F2 0.0084 118 93 389 331
C3 0.0073 305 75 530 329
E2 0.0068 342 0 533 292
Q0 0.0066 303 5 534 328
G3 0.0063 23 84 203 327
C3 0.0062 276 3 338 99
O0 0.0059 64 3 147 88
H3 0.0058 191 62 299 116
C3 0.0057 121 107 374 329
Q0 0.0051 2 1 276 136
M0 0.0048 280 4 534 327
E2 0.0048 0 29 32 81
F2 0.0046 26 84 180 327
C2 0.0039 274 4 337 95
C3 0.0038 0 46 33 80
B2 0.0038 0 29 32 81
F2 0.0035 -3 76 249 144
Q0 0.0034 19 87 175 321
E3 0.0028 221 6 330 112
C2 0.0027 0 28 31 83
N0 0.0027 119 5 531 326
C2 0.0025 0 89 30 147
E3 0.0023 5 100 167 322
N0 0.0023 68 4 146 85
I3 0.0023 192 64 299 115
Q0 0.0023 21 87 268 325
C3 0.0021 386 6 533 126
Q0 0.0021 99 5 342 108
N0 0.0020 279 4 337 99
F2 0.0019 27 80 289 127
D2 0.0019 19 78 471 331
C3 0.0018 0 89 29 147
D2 0.0018 -3 77 294 145
E3 0.0018 149 4 340 110
B3 0.0017 273 2 338 105
B0 0.0016 62 3 147 86
Q0 0.0016 7 2 535 323
C3 0.0016 67 4 147 85
C2 0.0016 37 38 72 80
Q0 0.0015 7 155 165 323
E2 0.0014 392 6 533 129
D2 0.0011 142 52 195 87
B2 0.0011 141 51 195 87
B2 0.0011 0 30 30 50
C3 0.0011 37 38 72 79
J0 0.0011 395 6 533 124
Q0 0.0011 4 87 292 207
C3 0.0011 333 59 387 99
Q0 0.0010 204 5 402 111
