E0 0.3107 83 74 442 411
C3 0.1078 59 83 445 416
D2 0.0909 88 12 471 206
B2 0.0718 52 13 499 250
D2 0.0589 36 13 303 427
D2 0.0578 33 11 490 476
D2 0.0387 24 8 482 292
D2 0.0218 269 -32 493 449
D2 0.0118 247 145 489 486
E2 0.0106 33 181 438 486
B2 0.0102 34 11 445 332
B2 0.0102 115 10 468 192
D2 0.0091 33 173 417 488
B2 0.0084 41 43 319 425
P0 0.0043 212 139 488 490
C3 0.0042 24 36 367 429
E0 0.0038 3 24 440 458
E2 0.0036 71 228 524 486
D2 0.0031 44 14 401 359
E2 0.0027 64 5 472 332
D2 0.0026 330 143 493 462
D2 0.0025 110 237 538 485
B2 0.0024 200 130 492 484
E0 0.0023 206 -3 487 403
G3 0.0022 531 -54 599 50
D2 0.0017 42 -5 232 478
D2 0.0017 274 19 462 188
C3 0.0015 198 120 489 475
C3 0.0011 199 1 488 430
L0 0.0011 406 -60 646 116
F2 0.0010 127 -6 461 332
E2 0.0010 165 110 499 497
B2 0.0010 433 -81 493 -45
