C3 0.8999 101 0 387 237
C3 0.8755 281 247 435 358
C3 0.8672 343 31 440 133
C3 0.8658 204 267 278 358
C3 0.8287 100 256 225 358
C3 0.8132 411 194 458 249
C3 0.8033 405 244 465 298
C3 0.7770 434 100 476 161
C3 0.5009 486 159 499 228
C3 0.3487 27 125 149 299
C3 0.1820 488 147 498 264
C3 0.1335 489 156 499 240
C3 0.0612 490 147 499 220
C3 0.0354 487 136 498 220
C3 0.0323 402 242 438 270
C3 0.0303 487 143 499 319
C3 0.0168 479 163 499 220
C3 0.0098 476 146 498 320
C3 0.0096 207 316 246 359
C3 0.0092 491 151 499 268
C3 0.0072 487 89 499 253
C3 0.0060 430 100 470 145
C3 0.0045 196 275 251 359
C3 0.0033 478 176 498 234
C3 0.0032 188 255 234 341
C3 0.0028 493 106 499 229
C3 0.0020 24 51 157 305
C0 0.0016 22 51 150 306
C3 0.0015 101 281 185 361
C3 0.0013 486 104 499 210
C3 0.0010 207 271 278 332
