L0 0.2161 92 54 536 464
D2 0.2083 85 205 257 359
D2 0.1613 134 43 207 219
C2 0.1127 194 176 310 278
C2 0.1076 83 135 137 183
L0 0.0906 60 -3 648 474
C0 0.0801 144 -15 550 359
B2 0.0739 135 42 208 219
C3 0.0728 83 204 257 358
D2 0.0630 81 42 387 364
A3 0.0612 85 19 493 319
C2 0.0567 83 204 257 359
C0 0.0565 122 21 566 469
C3 0.0518 134 41 208 221
D2 0.0485 32 19 491 365
D2 0.0480 83 135 137 183
D2 0.0480 179 173 344 300
C2 0.0477 137 52 209 179
K0 0.0467 137 42 208 222
L0 0.0453 107 7 581 363
F2 0.0444 139 -1 550 389
C2 0.0416 464 127 533 191
C2 0.0366 177 171 350 300
C2 0.0340 230 177 297 209
C2 0.0312 294 171 386 251
D2 0.0285 61 0 619 474
D2 0.0275 129 159 428 310
C2 0.0261 137 100 200 214
A3 0.0251 333 241 471 475
C2 0.0242 229 175 354 249
A3 0.0241 82 -7 584 390
K0 0.0235 332 233 472 473
D2 0.0231 82 136 426 361
C3 0.0228 334 238 471 474
C2 0.0222 152 166 389 314
K0 0.0222 134 23 573 489
C3 0.0218 295 171 385 253
C2 0.0190 203 196 331 290
D2 0.0186 73 177 332 358
F2 0.0177 188 10 443 113
C2 0.0173 248 70 345 207
K0 0.0172 87 8 573 333
C2 0.0170 61 115 524 425
F2 0.0166 132 -21 648 320
K0 0.0164 272 80 553 502
K0 0.0161 153 13 432 293
B2 0.0131 83 136 136 182
D2 0.0125 82 45 221 229
C2 0.0109 353 247 455 442
D2 0.0109 213 169 393 255
A3 0.0100 137 119 509 361
C2 0.0095 2 68 572 491
C2 0.0094 342 279 382 435
A3 0.0094 194 160 449 274
B2 0.0091 193 13 417 111
D2 0.0090 230 177 297 209
H0 0.0089 108 -35 687 338
E2 0.0080 87 42 219 231
F2 0.0079 154 0 487 94
C2 0.0078 227 135 297 212
K0 0.0072 316 122 488 492
D2 0.0050 138 107 200 215
L0 0.0049 139 137 473 481
C2 0.0049 216 176 340 277
C2 0.0048 232 138 296 190
K0 0.0048 85 202 248 355
D2 0.0045 82 131 201 226
C3 0.0044 138 101 200 214
C3 0.0043 235 170 381 246
E2 0.0038 24 107 532 430
C2 0.0036 180 180 270 276
C0 0.0036 182 42 561 286
C3 0.0036 466 127 533 191
C2 0.0034 261 78 374 201
D2 0.0033 336 240 470 475
E2 0.0031 78 34 335 368
C2 0.0028 82 132 141 221
K0 0.0028 186 13 417 226
C3 0.0026 83 132 200 226
C2 0.0022 139 42 200 224
F2 0.0022 151 -11 569 258
B2 0.0021 139 87 200 218
C2 0.0021 338 257 435 456
C2 0.0021 231 177 358 220
C3 0.0020 398 190 456 230
B2 0.0018 185 15 415 182
D2 0.0017 84 81 265 377
C2 0.0017 101 212 237 297
C2 0.0017 228 70 343 161
B2 0.0017 399 190 456 230
C2 0.0015 227 176 339 208
C2 0.0015 326 180 417 280
C2 0.0015 366 253 459 401
H3 0.0015 2 -13 651 484
C2 0.0015 204 133 300 196
D2 0.0014 438 -79 495 -50
B2 0.0014 435 -80 501 -49
C2 0.0014 398 189 456 229
D2 0.0014 225 183 332 281
E2 0.0013 82 77 278 359
G3 0.0013 139 46 208 173
C2 0.0013 334 145 412 199
D2 0.0012 233 174 351 269
D2 0.0011 410 -79 452 -47
C3 0.0011 43 157 499 392
D2 0.0011 431 -79 479 -48
B0 0.0010 189 -2 642 475
C3 0.0010 329 184 421 282
F2 0.0010 150 1 607 123
C2 0.0010 373 230 461 477
C2 0.0010 222 173 303 257
