L0 0.3502 104 172 321 375
G3 0.0723 245 41 270 179
C3 0.0618 104 165 321 378
E0 0.0522 108 171 320 377
K0 0.0121 153 0 291 45
C3 0.0104 260 351 296 376
C3 0.0097 276 184 311 212
C0 0.0067 245 29 272 190
C2 0.0058 0 308 70 367
A3 0.0057 -1 97 150 328
D2 0.0057 1 85 255 532
C0 0.0046 220 4 285 181
F0 0.0046 0 89 249 532
B2 0.0040 246 33 270 196
C2 0.0038 261 25 312 68
G3 0.0033 0 1 289 138
B2 0.0032 32 0 279 142
H0 0.0030 25 0 283 142
K0 0.0030 0 1 77 147
C0 0.0029 238 11 277 190
C0 0.0026 187 0 291 179
Q0 0.0026 13 0 289 185
K0 0.0026 -3 94 149 332
Q0 0.0024 137 0 285 191
H3 0.0023 84 0 284 185
C0 0.0023 84 -2 279 191
B2 0.0023 0 98 147 329
K0 0.0023 -2 356 249 533
D2 0.0022 0 101 152 318
F2 0.0022 66 0 268 153
M0 0.0021 -5 120 323 506
M0 0.0019 116 179 312 384
K0 0.0019 242 31 272 198
Q0 0.0019 0 0 288 329
D2 0.0019 0 -1 285 328
K0 0.0017 32 0 157 36
G3 0.0016 0 346 249 532
K0 0.0016 35 0 309 47
F3 0.0016 175 181 312 366
E3 0.0016 -1 340 248 529
B2 0.0016 260 351 296 376
E2 0.0015 5 246 255 510
G3 0.0015 111 244 147 292
A3 0.0014 -10 353 252 521
D2 0.0013 -9 -4 313 545
G3 0.0012 1 231 246 533
E3 0.0012 0 192 248 529
E3 0.0012 -4 2 297 423
C0 0.0011 228 0 314 196
G3 0.0011 0 100 149 325
Q0 0.0011 -13 1 326 505
F2 0.0011 2 231 249 534
L0 0.0010 0 0 289 328
G3 0.0010 160 1 348 58
C3 0.0010 125 112 173 136
K0 0.0010 -1 0 134 143
