A0 0.1018 110 66 306 338
A0 0.0885 13 38 303 323
C3 0.0446 -43 118 294 335
H3 0.0310 -11 37 316 242
A0 0.0298 0 48 225 340
B2 0.0290 7 0 282 45
G3 0.0261 0 156 22 238
C3 0.0221 6 22 48 48
A3 0.0216 -44 89 291 349
B1 0.0214 19 0 264 45
K0 0.0200 127 319 276 379
C3 0.0198 11 0 48 25
R0 0.0191 9 41 307 336
C2 0.0145 158 230 186 266
H3 0.0123 1 36 310 360
C3 0.0122 35 133 328 331
B1 0.0118 -36 -2 294 365
C3 0.0118 99 72 305 351
A0 0.0105 -57 -8 323 391
C0 0.0097 11 0 47 25
H3 0.0095 121 46 309 336
H3 0.0089 0 24 222 327
B2 0.0086 284 0 320 46
C3 0.0083 284 0 320 47
A3 0.0083 -74 -11 328 440
C3 0.0079 -35 21 300 403
B1 0.0076 232 0 321 97
A2 0.0076 -28 41 256 374
C2 0.0076 0 47 32 112
C0 0.0074 -52 14 310 401
C3 0.0073 149 142 171 166
B1 0.0073 11 18 314 267
A3 0.0072 -18 0 271 44
D1 0.0071 13 0 267 44
K0 0.0069 211 323 276 379
C2 0.0065 178 5 212 42
D0 0.0062 -7 22 311 376
D2 0.0061 158 231 186 266
C2 0.0059 149 142 171 166
C3 0.0056 -24 80 225 343
K0 0.0051 178 322 270 379
K0 0.0050 128 318 223 379
K0 0.0046 -36 0 266 45
G0 0.0045 7 37 305 330
K0 0.0045 130 328 191 379
C0 0.0043 232 0 320 99
K0 0.0043 -2 297 203 380
B0 0.0043 -2 0 325 73
C2 0.0039 284 1 320 46
A0 0.0037 -6 0 322 101
K0 0.0034 0 157 22 243
C0 0.0034 235 0 293 42
C3 0.0033 81 116 267 349
B2 0.0033 7 22 47 48
C0 0.0032 4 0 57 27
C3 0.0031 121 144 247 313
F0 0.0031 -2 24 217 380
C2 0.0031 262 0 288 12
K0 0.0030 0 0 167 45
C3 0.0029 15 186 303 326
C2 0.0029 147 1 188 41
C3 0.0029 180 5 211 41
C0 0.0028 0 0 49 52
C3 0.0027 0 158 22 239
H3 0.0024 64 -12 323 343
B0 0.0024 -3 0 273 55
K0 0.0022 235 0 295 44
C0 0.0019 160 0 252 42
Q0 0.0019 -5 26 279 375
E3 0.0018 128 319 313 380
D1 0.0018 0 50 82 331
E3 0.0017 0 156 198 379
C2 0.0017 0 157 20 237
C0 0.0017 12 33 352 366
C0 0.0017 5 18 293 281
B2 0.0017 132 0 161 16
C3 0.0016 0 48 33 117
B0 0.0016 -3 4 341 108
B0 0.0016 -8 1 325 154
E3 0.0016 -1 303 281 380
G3 0.0016 -3 162 196 380
B2 0.0015 12 0 47 25
E0 0.0015 -2 158 198 379
C0 0.0015 232 1 299 57
G3 0.0015 -1 309 287 379
G3 0.0015 128 320 281 378
D0 0.0014 156 52 303 328
B1 0.0014 111 0 329 45
K0 0.0014 8 0 153 29
C3 0.0013 175 144 187 160
H3 0.0013 184 45 306 313
K0 0.0013 0 -1 49 52
C3 0.0013 28 49 282 364
G3 0.0012 1 304 196 376
C3 0.0012 291 340 320 379
K0 0.0012 281 0 320 94
B1 0.0012 34 67 272 236
C3 0.0012 301 27 320 98
E3 0.0012 -1 25 207 379
B2 0.0012 149 142 170 166
K0 0.0012 203 321 323 379
C0 0.0012 6 22 48 48
C2 0.0012 253 15 282 43
B1 0.0011 156 -1 249 41
K0 0.0011 7 0 219 36
B1 0.0011 301 27 319 98
Q0 0.0011 126 319 281 377
C3 0.0011 145 162 238 283
B2 0.0010 0 157 22 243
O0 0.0010 231 0 323 98
C3 0.0010 158 319 198 353
C3 0.0010 302 153 320 204
C2 0.0010 286 0 320 8
C3 0.0010 161 230 185 248
B2 0.0010 181 4 211 41
B1 0.0010 140 0 294 41
H3 0.0010 0 106 244 382
C0 0.0010 236 0 319 38
