G3 0.3982 226 44 260 75
C3 0.3702 275 21 295 42
G3 0.3556 43 45 70 78
C3 0.3023 43 46 70 78
C0 0.2610 290 34 326 60
C3 0.2085 133 58 184 97
C3 0.1339 224 43 259 75
C3 0.0627 19 72 56 107
C3 0.0524 289 33 326 67
C0 0.0476 96 54 130 89
J0 0.0457 1 0 329 159
C0 0.0316 19 74 54 105
C3 0.0270 94 53 131 90
F2 0.0231 289 33 326 69
G3 0.0216 17 72 55 106
B2 0.0153 134 60 183 99
J0 0.0146 0 -1 316 50
C0 0.0134 159 71 183 101
C0 0.0119 290 33 327 74
C0 0.0094 289 32 327 270
C0 0.0091 291 34 327 128
C3 0.0081 296 34 326 59
M0 0.0075 287 29 327 299
C3 0.0071 288 5 326 63
C2 0.0045 225 45 262 74
C3 0.0044 158 35 186 45
G3 0.0043 160 74 184 102
B2 0.0029 45 45 70 77
C3 0.0023 155 66 183 101
C0 0.0022 297 35 326 69
C0 0.0017 288 2 326 63
C3 0.0014 311 34 326 60
C3 0.0013 231 77 252 92
C3 0.0013 322 33 327 63
C3 0.0011 160 72 183 102
G3 0.0011 133 59 184 100
C0 0.0010 322 34 327 67
C3 0.0010 314 34 326 54
C0 0.0010 2 0 301 47
