C3 0.8714 432 154 497 226
C3 0.8394 44 99 152 193
C3 0.7608 179 202 240 258
C3 0.4480 -1 214 25 239
C3 0.2643 222 166 302 198
C3 0.2638 186 45 292 98
B2 0.2233 329 3 382 75
C3 0.2074 168 2 200 64
C3 0.1633 246 44 288 96
B2 0.0623 307 1 384 80
C3 0.0356 175 2 286 100
C3 0.0318 118 0 180 28
C3 0.0228 0 202 25 240
B2 0.0203 168 0 199 62
C3 0.0176 0 187 14 236
C0 0.0090 164 2 284 100
C3 0.0085 0 172 9 237
C3 0.0061 0 209 21 241
B2 0.0057 289 -77 545 82
C0 0.0054 118 1 176 27
G3 0.0038 168 0 199 62
C3 0.0031 0 81 7 188
C3 0.0030 0 127 16 234
C3 0.0029 0 179 22 241
C3 0.0026 0 145 8 240
C3 0.0025 0 209 82 269
C3 0.0025 0 19 15 258
C3 0.0024 -1 213 39 240
C3 0.0019 1 164 19 249
C3 0.0018 0 87 9 233
C0 0.0014 167 2 199 62
C3 0.0014 0 34 7 177
C3 0.0013 0 77 15 190
F2 0.0012 229 110 378 217
C3 0.0012 0 226 15 269
C3 0.0011 -1 221 24 257
