B2 0.3672 96 25 242 230
K0 0.3079 94 26 240 229
E2 0.1089 96 11 241 227
K0 0.0667 149 28 241 227
B2 0.0379 10 1 242 238
E2 0.0300 1 2 239 236
A0 0.0170 1 0 240 238
B2 0.0152 15 137 238 239
B2 0.0151 76 108 237 236
B2 0.0141 0 2 123 145
K0 0.0118 2 2 161 148
K0 0.0114 0 2 225 163
K0 0.0112 0 -1 235 235
F0 0.0093 0 0 241 238
E2 0.0064 14 133 215 240
B2 0.0054 5 90 239 237
C3 0.0054 92 71 236 181
C3 0.0053 211 32 241 67
B2 0.0045 202 137 239 216
B2 0.0035 0 1 138 213
R0 0.0030 98 0 241 32
K0 0.0028 199 30 241 225
K0 0.0024 -1 0 128 126
B2 0.0016 159 17 239 213
D2 0.0016 0 111 231 238
C2 0.0015 1 39 240 238
C2 0.0013 -1 0 113 128
C3 0.0013 204 34 241 77
R0 0.0011 100 1 242 61
G3 0.0010 95 88 184 174
C3 0.0010 94 86 190 173
K0 0.0010 214 29 239 227
