B1 0.1304 156 30 180 99
E0 0.0827 -3 67 197 214
K0 0.0621 -3 112 195 254
K0 0.0618 7 73 152 189
C0 0.0467 8 80 154 247
B1 0.0315 165 21 198 109
K0 0.0307 35 69 190 262
H3 0.0240 -2 -1 194 295
B1 0.0227 156 0 200 114
B1 0.0210 145 30 182 98
A0 0.0184 21 68 192 242
C3 0.0173 -7 65 197 229
B1 0.0170 142 34 167 92
K0 0.0165 3 68 187 217
C0 0.0142 -5 108 181 258
H0 0.0123 19 75 193 263
R0 0.0121 41 226 199 299
A0 0.0115 -1 62 199 300
L0 0.0101 11 88 157 264
K0 0.0101 43 111 137 199
E3 0.0094 38 226 198 299
E0 0.0093 30 64 191 254
C0 0.0089 51 119 135 197
E3 0.0088 0 63 200 301
C3 0.0076 143 0 162 15
C3 0.0075 0 135 12 175
E3 0.0074 13 181 200 299
L0 0.0064 43 118 147 218
K0 0.0059 43 111 170 215
B1 0.0056 146 36 163 91
A0 0.0055 40 223 197 300
R0 0.0055 56 0 144 78
C3 0.0053 1 0 89 146
O0 0.0051 0 60 197 297
B1 0.0047 143 43 155 84
P0 0.0046 34 70 185 239
J0 0.0041 1 1 89 137
G3 0.0035 156 31 179 96
K0 0.0034 7 70 139 253
C0 0.0033 0 135 12 175
C3 0.0032 77 129 136 194
R0 0.0031 0 1 90 135
R0 0.0031 0 172 202 300
G3 0.0028 149 41 163 89
C3 0.0028 -7 28 184 172
H3 0.0026 -23 1 188 190
A0 0.0025 1 0 91 137
K0 0.0023 12 65 112 183
B1 0.0023 184 1 200 118
B0 0.0022 2 -4 198 298
B1 0.0022 166 26 199 155
B1 0.0021 153 26 185 152
Q0 0.0021 0 0 88 148
Q0 0.0021 4 65 200 297
B2 0.0020 143 0 162 14
K0 0.0019 125 84 191 241
C0 0.0018 -13 -16 178 203
H3 0.0016 -58 -26 218 217
B1 0.0016 143 48 152 71
G0 0.0016 151 2 199 105
A0 0.0015 4 161 143 302
E3 0.0015 -23 232 207 303
C3 0.0014 55 132 108 180
C0 0.0014 142 0 196 97
K0 0.0014 82 64 191 238
J0 0.0013 57 -1 146 80
A0 0.0013 26 187 202 303
K0 0.0012 -35 18 198 184
G0 0.0012 160 2 199 139
G3 0.0011 170 24 187 104
Q0 0.0011 -1 0 199 171
C3 0.0010 0 135 21 178
K0 0.0010 3 143 147 305
B0 0.0010 -4 -4 167 149
C0 0.0010 -3 -3 155 154
K0 0.0010 -13 133 174 284
H3 0.0010 3 -1 114 208
