E2 0.6553 43 1 300 276
M0 0.1915 158 339 283 401
A2 0.0869 51 3 300 272
C3 0.0403 166 340 283 400
Q0 0.0279 84 258 254 357
A0 0.0072 4 339 181 398
E2 0.0065 83 258 256 358
F0 0.0065 169 341 282 401
E0 0.0060 171 342 281 400
O0 0.0059 168 342 282 401
B0 0.0057 220 85 267 208
N0 0.0030 167 335 277 404
I3 0.0028 16 339 188 399
C3 0.0022 11 338 194 398
E2 0.0018 72 -26 257 293
C0 0.0017 6 10 296 408
H3 0.0015 1 335 288 399
C0 0.0014 38 0 69 13
E0 0.0014 64 258 263 356
E2 0.0013 170 335 266 404
E3 0.0013 2 334 283 400
D2 0.0010 35 -1 223 93
C3 0.0010 2 334 280 400
C3 0.0010 105 256 251 357
C0 0.0010 26 0 123 12
M0 0.0010 10 336 283 400
P0 0.0010 166 337 282 403
