A3 0.2550 5 112 377 362
E0 0.2472 45 1 198 76
C2 0.1490 1 54 90 191
C2 0.1422 0 0 65 83
A2 0.1335 237 0 433 152
D2 0.1249 0 54 90 191
E0 0.1134 241 -2 429 196
C3 0.0987 233 -5 432 171
A3 0.0917 231 0 433 153
D2 0.0838 0 1 65 83
E3 0.0713 236 0 427 194
C3 0.0700 46 0 196 76
A3 0.0419 36 90 304 350
K0 0.0407 80 322 254 403
A0 0.0367 243 268 429 403
C3 0.0363 84 321 239 403
C3 0.0354 6 117 325 356
C3 0.0299 1 250 98 403
A3 0.0253 81 321 240 403
E2 0.0239 0 0 65 84
E2 0.0238 1 -1 87 186
Q0 0.0217 236 3 427 191
C3 0.0151 123 374 154 403
L0 0.0150 -3 -4 429 403
A3 0.0122 127 143 278 269
A3 0.0116 1 248 82 402
O0 0.0110 233 -4 428 193
L0 0.0105 39 108 337 355
H3 0.0097 1 -11 427 411
A3 0.0096 95 98 332 336
E2 0.0093 59 0 166 34
E0 0.0066 1 -8 432 404
D2 0.0061 -1 0 98 196
E3 0.0054 20 45 384 376
K0 0.0054 248 267 427 400
A3 0.0052 121 135 295 303
R0 0.0048 242 267 432 402
C3 0.0047 261 25 427 197
A3 0.0045 242 266 428 402
K0 0.0045 15 298 232 404
A3 0.0044 0 198 94 399
E3 0.0044 1 0 92 195
Q0 0.0041 244 271 428 399
A3 0.0040 15 312 243 404
C2 0.0040 100 228 162 262
K0 0.0037 0 202 85 396
E3 0.0037 243 269 433 399
C3 0.0034 100 137 264 280
E0 0.0034 29 103 345 355
H3 0.0034 26 53 367 374
C3 0.0029 20 306 228 405
C3 0.0026 1 284 74 402
D2 0.0025 2 -9 427 397
E2 0.0021 238 263 434 403
E0 0.0021 52 0 182 50
A3 0.0020 79 125 281 285
A3 0.0020 24 270 102 402
C3 0.0018 33 59 376 275
C2 0.0018 2 53 56 191
O0 0.0017 0 0 91 192
C2 0.0016 0 5 39 82
E2 0.0016 8 57 393 281
C3 0.0016 46 300 102 404
F2 0.0015 56 90 351 304
C3 0.0015 49 -11 204 124
H3 0.0014 73 87 344 335
E2 0.0014 40 -5 181 30
E2 0.0013 0 58 76 193
C2 0.0013 123 374 154 402
C2 0.0012 276 319 340 401
E3 0.0012 220 234 452 438
A3 0.0011 40 100 350 289
C3 0.0011 290 268 424 402
K0 0.0011 1 247 70 403
C2 0.0010 3 53 84 148
