D2 0.2631 232 242 293 306
C2 0.1819 232 242 293 306
F2 0.1549 97 306 918 590
F2 0.0927 208 535 897 773
C2 0.0859 199 359 263 441
K0 0.0780 751 7 954 230
D2 0.0770 198 360 263 441
E2 0.0740 148 287 762 771
B2 0.0613 230 534 888 775
C0 0.0603 750 8 955 232
C2 0.0582 346 556 412 621
D2 0.0518 346 258 433 319
D2 0.0515 347 556 412 621
L0 0.0461 100 6 965 768
D2 0.0353 422 313 486 367
F2 0.0315 105 269 1049 658
F2 0.0299 183 506 914 693
E2 0.0292 79 310 786 619
C3 0.0245 752 6 955 230
A2 0.0200 473 325 953 640
F2 0.0176 145 247 704 585
A0 0.0163 124 8 956 768
F2 0.0157 170 427 932 708
F2 0.0131 362 548 905 708
C2 0.0103 155 363 263 449
D2 0.0099 155 399 212 448
K0 0.0094 884 2 957 232
C0 0.0079 893 -1 954 206
A2 0.0078 6 61 299 618
F2 0.0078 485 347 948 639
F2 0.0078 115 343 1010 757
C2 0.0072 522 0 667 66
E0 0.0067 184 6 974 386
A2 0.0063 355 281 1016 665
C2 0.0060 522 0 604 54
D2 0.0060 9 -13 964 776
C2 0.0055 155 400 212 447
D2 0.0055 371 264 431 318
F2 0.0051 889 193 951 688
C3 0.0049 179 530 754 779
C2 0.0048 322 0 423 53
E0 0.0042 129 16 965 779
E3 0.0042 151 6 960 775
C3 0.0039 162 0 998 409
D2 0.0037 346 255 393 304
C2 0.0036 423 314 485 367
B2 0.0036 648 698 812 772
F2 0.0035 58 60 318 554
F2 0.0035 856 175 953 697
F2 0.0035 187 523 715 664
A2 0.0034 531 280 849 517
A2 0.0034 109 237 626 595
K0 0.0034 912 209 954 380
F2 0.0032 390 14 947 432
C2 0.0032 536 1 659 47
E2 0.0031 516 0 672 65
C2 0.0030 751 0 880 38
B2 0.0029 520 0 605 53
F2 0.0028 358 244 994 663
K0 0.0028 615 6 965 242
F2 0.0028 378 276 886 595
R0 0.0027 3 -2 340 303
F2 0.0027 -62 243 1026 814
B2 0.0026 322 0 420 52
A2 0.0025 482 196 985 679
F2 0.0024 910 206 954 595
B0 0.0024 169 14 954 768
F2 0.0024 546 284 826 488
C3 0.0023 406 13 922 468
G3 0.0023 911 203 955 382
E2 0.0023 160 247 634 720
F2 0.0023 808 184 951 688
C2 0.0023 78 283 168 433
A2 0.0023 166 233 497 548
Q0 0.0023 148 642 928 860
C3 0.0022 512 0 676 65
C3 0.0021 79 283 168 436
C2 0.0020 588 0 659 41
A2 0.0020 527 248 877 601
B2 0.0020 200 359 257 411
C3 0.0020 896 -3 955 91
D2 0.0018 322 0 421 53
C2 0.0018 752 14 941 155
Q0 0.0017 5 -1 348 588
A2 0.0017 178 239 625 498
Q0 0.0017 880 3 958 234
F2 0.0016 534 -3 869 69
A2 0.0016 66 136 331 547
C3 0.0016 899 -14 954 144
K0 0.0015 763 19 956 455
E0 0.0015 516 -2 832 78
D2 0.0015 654 710 768 773
A2 0.0015 219 240 458 471
B2 0.0014 546 488 659 551
B2 0.0014 912 199 953 470
C0 0.0014 828 0 951 168
Q0 0.0013 127 611 958 794
C2 0.0013 0 436 28 479
C2 0.0013 157 390 254 449
C2 0.0013 557 0 602 46
D2 0.0012 41 330 78 360
E2 0.0012 161 233 301 364
B2 0.0012 644 718 763 774
E0 0.0012 466 -4 896 144
A2 0.0012 241 244 443 406
D2 0.0012 0 436 28 480
C3 0.0012 627 7 961 242
C2 0.0012 176 438 304 548
H3 0.0012 894 -2 955 158
B2 0.0011 423 311 486 365
C3 0.0011 926 312 955 559
K0 0.0011 860 131 951 418
C2 0.0011 281 0 339 70
C0 0.0011 126 8 954 760
E2 0.0011 223 238 298 334
B2 0.0011 467 377 548 419
F2 0.0011 186 139 917 645
G3 0.0010 887 169 952 748
E2 0.0010 802 667 954 771
D2 0.0010 338 257 432 353
C3 0.0010 908 -34 955 188
K0 0.0010 883 6 953 360
F2 0.0010 7 0 371 583
B2 0.0010 82 293 167 442
G3 0.0010 874 185 938 401
