E3 0.1002 11 21 298 126
F2 0.0919 16 23 177 119
C3 0.0606 91 22 267 88
A3 0.0543 19 23 170 119
C3 0.0476 20 23 172 117
H3 0.0412 283 75 307 140
C3 0.0406 77 22 283 120
Q0 0.0303 9 21 292 130
I3 0.0240 283 75 307 141
A3 0.0233 128 19 285 119
C3 0.0206 127 22 277 104
F2 0.0194 135 18 283 118
D2 0.0181 10 20 294 127
F2 0.0180 77 21 263 83
C3 0.0176 88 24 172 82
C2 0.0135 283 75 307 122
C3 0.0128 0 111 25 140
B2 0.0121 15 23 187 113
C3 0.0116 283 74 307 141
C3 0.0108 71 125 138 140
E2 0.0093 89 24 171 82
C3 0.0089 68 74 168 105
A3 0.0080 63 72 161 104
E2 0.0062 54 23 173 87
E2 0.0062 86 71 201 104
C2 0.0061 66 125 144 140
C3 0.0055 15 28 140 95
C3 0.0054 145 45 281 116
C3 0.0053 68 47 287 132
C3 0.0053 25 46 179 109
A3 0.0052 67 21 272 84
C3 0.0049 100 74 173 104
E2 0.0048 102 73 176 104
A3 0.0035 70 125 135 140
D2 0.0035 5 54 308 140
Q0 0.0032 3 -31 301 142
O0 0.0030 283 75 307 141
C3 0.0030 110 79 159 101
C3 0.0027 109 21 199 115
C3 0.0025 0 124 26 140
E2 0.0024 56 24 238 115
B2 0.0022 110 78 158 101
B2 0.0021 0 126 25 140
E3 0.0019 0 24 23 134
A3 0.0018 90 23 172 82
H3 0.0016 65 20 272 83
E2 0.0016 1 15 205 94
Q0 0.0016 -2 -76 305 30
C3 0.0013 116 75 160 90
H3 0.0013 283 45 307 127
C3 0.0013 0 25 188 94
B1 0.0012 0 -50 27 118
C2 0.0012 0 125 25 140
B2 0.0012 0 111 27 142
H3 0.0011 286 22 306 136
E3 0.0011 13 25 154 125
C3 0.0011 21 56 194 122
