C3 0.5486 103 343 220 379
C3 0.4524 350 126 413 195
C2 0.3289 263 294 418 394
C0 0.3009 250 76 339 164
C3 0.2859 273 290 378 391
C3 0.1664 261 292 421 396
C2 0.1610 253 76 333 162
C2 0.0793 276 289 359 393
C3 0.0702 176 55 224 110
C2 0.0653 185 165 301 306
C3 0.0626 257 75 335 161
C3 0.0432 109 327 291 378
C3 0.0374 223 126 289 187
B3 0.0374 273 290 356 391
E0 0.0318 69 287 425 391
C0 0.0222 107 323 289 379
C3 0.0198 214 240 280 296
C2 0.0176 193 224 245 267
C3 0.0139 260 190 325 267
C3 0.0127 304 79 367 119
C3 0.0084 191 207 265 240
C0 0.0081 304 79 370 120
K0 0.0068 184 165 314 306
C2 0.0068 220 186 326 302
C0 0.0064 71 296 414 384
C0 0.0061 99 309 344 379
C3 0.0057 235 229 264 263
C3 0.0055 196 267 244 314
C3 0.0053 226 229 273 270
C3 0.0049 205 250 280 304
C3 0.0043 137 277 153 295
C3 0.0038 274 240 329 298
C3 0.0038 156 166 196 190
C3 0.0037 172 201 242 236
C3 0.0035 194 248 282 318
H3 0.0035 72 293 437 390
C2 0.0035 259 186 326 288
C3 0.0033 474 423 595 447
C3 0.0028 96 344 285 374
P0 0.0028 263 293 418 395
C0 0.0022 155 165 198 191
C3 0.0021 189 218 262 267
B0 0.0021 311 109 637 696
C2 0.0018 190 207 258 271
C0 0.0018 273 85 343 168
C3 0.0018 190 176 284 218
C3 0.0015 185 202 269 271
C0 0.0015 312 98 344 168
C0 0.0014 -1 2 47 28
C3 0.0014 135 279 150 294
C3 0.0013 207 209 263 237
C3 0.0011 188 164 216 207
C3 0.0011 233 64 267 92
C2 0.0010 350 128 413 193
C0 0.0010 175 55 223 110
