E0 0.4834 65 14 383 228
C3 0.3763 61 11 380 226
L0 0.0846 67 19 385 221
I3 0.0276 347 0 466 88
A2 0.0260 0 3 109 98
Q0 0.0223 74 22 403 227
A2 0.0184 349 0 466 87
A2 0.0157 83 17 382 205
E2 0.0106 350 0 466 87
C3 0.0095 157 15 403 231
C2 0.0094 350 0 465 87
C3 0.0086 348 0 466 88
B2 0.0072 -1 2 110 97
B2 0.0069 425 81 466 123
C3 0.0066 425 82 465 122
E2 0.0057 0 3 110 97
C3 0.0054 0 2 109 98
Q0 0.0040 309 82 465 262
A2 0.0031 0 -100 29 0
Q0 0.0025 5 49 465 257
E3 0.0022 314 82 464 264
A2 0.0020 10 -104 325 50
A2 0.0020 0 0 47 99
B2 0.0019 300 83 465 271
F2 0.0016 101 2 264 41
C3 0.0016 449 -4 465 74
C3 0.0016 447 80 466 106
C3 0.0016 449 15 465 68
B2 0.0015 426 60 466 131
A3 0.0014 305 84 466 267
F2 0.0013 287 84 463 266
A2 0.0013 0 -101 31 65
F2 0.0011 98 3 173 43
A2 0.0011 1 58 146 261
A2 0.0011 102 3 261 41
C3 0.0010 294 3 354 34
H3 0.0010 58 -50 401 234
E0 0.0010 -4 62 466 262
A2 0.0010 319 92 463 263
