D2 0.1677 39 120 714 884
E3 0.0341 -12 137 766 857
M0 0.0293 -14 130 769 865
Q0 0.0260 -12 131 776 856
O0 0.0206 -17 126 780 874
C2 0.0156 90 204 655 875
R0 0.0119 1 680 770 1031
Q0 0.0060 4 690 770 1029
D2 0.0031 -3 139 222 758
E3 0.0029 178 831 735 1011
Q0 0.0023 -12 829 753 1009
B2 0.0023 1 73 201 791
E3 0.0022 75 694 773 1023
G3 0.0021 54 296 123 619
L0 0.0015 254 51 272 88
C2 0.0015 55 312 126 654
Q0 0.0015 -40 887 636 1019
F2 0.0013 119 0 577 56
D2 0.0013 255 159 764 835
Q0 0.0012 -56 930 724 1024
K0 0.0011 0 270 94 704
B1 0.0011 0 265 92 705
