A3 0.4850 144 132 323 320
E3 0.1256 149 131 323 322
C3 0.0718 146 136 316 319
L0 0.0533 2 0 161 66
E3 0.0434 31 11 281 291
A3 0.0399 43 8 288 221
A0 0.0383 30 12 290 294
C2 0.0334 63 0 111 31
B1 0.0326 142 0 283 48
B1 0.0266 179 0 277 43
K0 0.0222 38 0 165 32
C3 0.0193 189 7 240 37
L0 0.0184 38 6 298 235
D1 0.0163 136 0 287 50
H3 0.0161 52 13 286 202
H3 0.0156 20 5 334 318
E0 0.0145 5 0 156 67
E0 0.0133 48 13 294 199
E0 0.0112 4 0 130 97
B1 0.0109 196 0 269 24
B0 0.0108 14 -27 269 307
K0 0.0107 53 0 122 31
P0 0.0103 -6 -53 311 337
R0 0.0101 161 -3 336 144
K0 0.0099 101 0 161 27
A3 0.0096 43 -25 303 295
C0 0.0094 140 0 214 19
C0 0.0088 23 -24 311 319
R0 0.0085 35 -24 302 295
D1 0.0085 263 107 333 182
R0 0.0082 150 -2 334 214
C0 0.0080 79 0 253 24
L0 0.0079 -6 -54 325 334
C0 0.0079 106 0 230 20
Q0 0.0076 24 0 299 297
D1 0.0073 308 0 334 27
C3 0.0070 203 0 268 27
K0 0.0070 21 0 174 54
D1 0.0070 147 0 277 23
D1 0.0068 141 0 283 34
A3 0.0068 51 260 298 335
D0 0.0068 137 -1 289 50
B1 0.0068 152 0 278 25
E3 0.0068 148 0 332 171
R0 0.0062 261 105 333 221
B1 0.0061 307 0 334 28
E3 0.0061 254 0 333 167
K0 0.0061 89 0 188 28
C2 0.0061 190 7 237 36
B1 0.0059 13 -28 311 318
L0 0.0058 40 0 132 35
K0 0.0058 1 0 132 65
C3 0.0056 40 -30 319 328
P0 0.0046 262 102 333 216
B1 0.0044 214 0 262 6
R0 0.0044 254 0 333 155
K0 0.0043 18 0 135 34
H3 0.0041 42 -2 249 274
E3 0.0041 79 55 338 320
B3 0.0040 30 -14 280 309
F0 0.0038 -2 11 318 335
K0 0.0038 79 -1 221 26
C2 0.0037 202 0 266 27
Q0 0.0036 256 0 335 165
G0 0.0035 145 2 331 162
C2 0.0035 32 235 77 251
A0 0.0033 34 -1 333 230
K0 0.0033 29 30 175 278
E0 0.0033 29 47 196 292
H3 0.0032 3 0 103 99
C3 0.0032 252 -5 332 154
E0 0.0030 10 3 254 308
A3 0.0030 71 226 286 336
C0 0.0027 125 0 256 36
J0 0.0027 133 -2 294 62
C2 0.0026 257 130 276 180
B0 0.0025 4 0 170 64
B0 0.0025 5 0 313 72
C0 0.0025 136 0 267 20
B3 0.0024 307 0 333 41
C3 0.0024 59 -9 290 249
D1 0.0023 306 -1 334 42
C3 0.0022 26 14 206 314
C0 0.0022 261 105 334 211
B0 0.0021 5 0 331 124
C3 0.0021 103 0 144 24
B0 0.0021 6 1 333 200
B0 0.0021 4 -1 213 87
Q0 0.0020 150 3 331 165
O0 0.0020 3 0 159 90
R0 0.0020 7 254 292 335
Q0 0.0019 86 11 333 325
Q0 0.0017 3 0 158 76
C3 0.0017 311 0 334 22
C2 0.0016 3 0 49 48
A3 0.0016 256 0 333 154
B1 0.0015 85 3 331 157
C3 0.0015 30 18 119 309
A3 0.0014 -15 246 315 338
C0 0.0014 190 7 237 36
C0 0.0014 54 -1 285 42
H3 0.0013 13 2 331 157
C0 0.0012 47 76 289 307
K0 0.0012 5 -1 76 97
C3 0.0012 37 128 208 293
C0 0.0012 24 0 172 59
A2 0.0012 256 -3 333 152
R0 0.0011 127 -2 294 73
R0 0.0011 10 195 158 333
E2 0.0011 143 138 294 310
L0 0.0011 3 -1 101 99
H3 0.0011 3 0 84 66
C2 0.0011 127 142 173 159
C3 0.0010 3 0 54 47
C3 0.0010 0 -19 246 348
C3 0.0010 127 0 161 17
C3 0.0010 257 129 277 180
C3 0.0010 50 74 197 309
