E2 0.4912 2 227 167 376
L0 0.3351 88 70 362 248
C2 0.2972 190 277 257 348
D2 0.2799 4 226 166 380
E2 0.2611 54 159 142 244
D2 0.2362 53 159 142 244
C2 0.2215 229 86 317 155
D2 0.2180 220 222 375 350
E2 0.1950 110 75 196 145
C2 0.1841 54 160 141 235
E2 0.1611 219 222 376 350
B2 0.1513 54 159 142 244
E2 0.1481 190 274 257 350
C2 0.1247 269 223 346 291
D2 0.1159 215 75 335 176
E2 0.1142 7 281 126 349
E0 0.1077 84 71 357 246
A3 0.0960 142 135 256 243
E0 0.0956 214 74 336 177
C3 0.0913 141 136 256 242
C3 0.0888 109 76 194 144
D2 0.0857 143 134 257 242
C3 0.0756 328 26 479 153
E2 0.0738 16 293 160 369
E0 0.0733 141 130 262 240
D2 0.0726 329 27 479 156
D2 0.0713 109 75 194 144
E2 0.0701 142 135 258 243
E2 0.0689 94 143 162 184
E2 0.0605 41 229 158 314
A3 0.0603 329 27 479 156
D2 0.0484 191 278 257 349
C3 0.0476 214 75 335 176
E2 0.0464 97 74 195 181
E2 0.0456 214 75 335 176
C3 0.0451 221 222 376 349
E2 0.0409 6 231 121 365
C2 0.0375 10 295 113 344
A0 0.0361 328 27 477 153
E0 0.0350 97 72 274 248
C2 0.0348 108 78 193 143
B2 0.0344 70 0 129 24
A3 0.0341 217 220 373 353
E2 0.0309 265 223 349 294
C2 0.0285 70 0 129 25
E2 0.0271 120 84 261 247
K0 0.0211 327 27 476 153
E2 0.0208 0 106 23 205
B2 0.0205 2 0 54 16
E2 0.0177 193 258 297 350
E0 0.0167 138 71 330 199
E2 0.0160 7 235 101 320
B2 0.0159 98 155 159 185
C2 0.0157 3 0 54 16
D2 0.0146 18 302 110 346
C2 0.0140 47 241 141 309
E2 0.0136 143 169 242 243
C3 0.0133 215 10 335 81
E2 0.0122 0 70 60 200
D2 0.0115 101 155 159 185
B2 0.0111 195 279 256 333
E2 0.0108 93 131 162 176
E2 0.0108 92 97 170 173
B2 0.0103 18 302 110 344
A2 0.0102 132 77 359 248
E2 0.0101 0 71 61 264
E2 0.0080 0 75 26 201
A3 0.0076 214 9 337 80
D2 0.0076 19 276 100 315
C2 0.0070 18 275 100 315
E2 0.0070 190 226 283 355
D2 0.0068 2 0 54 16
C2 0.0067 98 155 160 184
H3 0.0066 4 -34 477 409
E2 0.0064 214 10 336 80
E2 0.0055 77 95 247 263
B2 0.0052 0 74 60 202
D2 0.0050 2 -10 475 412
E2 0.0046 2 99 33 201
E2 0.0045 0 108 18 155
A0 0.0045 0 -25 478 411
Q0 0.0044 0 227 168 383
C2 0.0042 194 282 250 335
B2 0.0042 15 272 100 314
E3 0.0039 232 2 479 53
E2 0.0039 6 236 89 300
E2 0.0038 8 0 136 29
E2 0.0036 64 0 134 26
G3 0.0035 457 234 477 363
E0 0.0033 202 72 276 176
D2 0.0032 271 226 345 290
B2 0.0029 271 226 345 290
E2 0.0029 1 92 37 254
E2 0.0028 79 63 206 166
E2 0.0028 0 140 19 199
E2 0.0027 230 220 358 307
E3 0.0027 326 19 479 156
E2 0.0027 42 -2 223 76
D2 0.0026 101 70 274 227
C2 0.0026 5 240 61 285
C2 0.0026 49 303 156 367
C3 0.0025 130 87 364 249
F2 0.0024 135 82 374 259
B2 0.0024 243 91 316 152
C2 0.0023 192 299 252 350
B2 0.0021 93 145 161 167
E2 0.0021 180 268 278 358
E2 0.0020 -1 103 21 247
C2 0.0019 143 177 186 233
E2 0.0017 12 154 148 252
B2 0.0016 106 74 237 151
E2 0.0016 223 1 339 31
B2 0.0015 0 96 19 222
B2 0.0015 6 240 60 282
C2 0.0015 141 180 225 239
C2 0.0015 94 145 162 167
E2 0.0015 203 1 372 79
C2 0.0014 169 150 238 202
E2 0.0014 96 133 243 250
C2 0.0014 0 100 20 213
E2 0.0013 110 1 355 81
C3 0.0013 330 28 415 155
C2 0.0013 4 290 96 338
D2 0.0013 44 306 161 367
B2 0.0013 192 304 253 349
E2 0.0013 45 114 275 287
B1 0.0013 457 239 476 356
E2 0.0013 48 0 175 28
C3 0.0013 215 1 339 113
E2 0.0012 2 0 111 23
E2 0.0012 0 -2 190 78
C3 0.0012 152 150 251 227
G3 0.0011 460 190 477 415
B2 0.0011 173 0 221 25
K0 0.0011 224 0 490 55
E2 0.0011 9 254 91 344
E3 0.0011 196 228 377 358
C3 0.0011 224 1 356 34
Q0 0.0011 199 226 378 351
C3 0.0011 93 118 162 168
E2 0.0011 8 325 156 391
E2 0.0011 266 228 373 349
E2 0.0010 159 4 507 185
E2 0.0010 6 238 67 292
F2 0.0010 225 0 488 57
C2 0.0010 194 316 250 350
C2 0.0010 193 281 234 344
E2 0.0010 161 267 246 358
E2 0.0010 27 0 227 34
B2 0.0010 194 317 251 350
