B2 0.1941 142 237 395 390
F2 0.1648 61 214 419 391
F2 0.0592 103 292 379 427
E3 0.0587 0 -3 390 416
B2 0.0465 49 189 383 390
C2 0.0433 141 306 218 354
F2 0.0339 135 233 395 389
L0 0.0293 1 -2 405 422
H0 0.0243 -4 65 196 313
H0 0.0243 5 -9 316 367
B2 0.0210 186 271 397 387
Q0 0.0176 2 -2 406 420
Q0 0.0157 260 121 400 298
F2 0.0150 99 339 373 428
B2 0.0148 41 116 289 361
R0 0.0139 262 123 401 303
G3 0.0136 -2 19 403 429
E3 0.0120 258 0 402 163
D1 0.0113 5 176 409 395
B2 0.0112 -17 43 228 344
B2 0.0109 75 315 381 427
K0 0.0106 55 -3 280 314
H0 0.0103 -21 20 258 330
A0 0.0103 38 -11 287 317
B2 0.0101 -3 -2 216 231
C2 0.0094 55 227 93 285
K0 0.0088 159 -22 271 315
Q0 0.0082 259 0 402 160
B0 0.0072 0 -11 403 431
F0 0.0072 2 -2 405 425
Q0 0.0061 258 30 403 305
G3 0.0053 38 145 400 409
A0 0.0053 260 0 405 146
J0 0.0052 264 120 398 311
E3 0.0051 0 -1 324 301
B2 0.0050 19 142 360 372
G3 0.0048 175 128 240 254
B2 0.0047 55 181 253 354
C2 0.0045 143 307 189 351
H0 0.0036 26 102 322 373
C0 0.0034 264 126 401 301
B2 0.0034 59 199 255 426
H0 0.0033 46 191 279 427
H3 0.0030 14 0 405 318
A0 0.0029 4 -1 404 289
C2 0.0029 263 370 365 423
F2 0.0029 169 354 376 427
C0 0.0028 1 -2 412 295
H0 0.0028 -6 -7 236 263
Q0 0.0026 220 6 408 340
H3 0.0025 263 115 402 304
K0 0.0024 133 -68 328 336
F2 0.0024 -3 -7 193 206
D2 0.0023 151 241 395 387
Q0 0.0022 -3 1 139 115
H0 0.0022 66 293 322 429
B2 0.0021 0 20 179 278
E3 0.0021 13 313 407 428
Q0 0.0020 260 104 405 380
D2 0.0020 0 -4 315 401
B2 0.0019 117 350 381 429
C2 0.0019 177 142 237 263
Q0 0.0018 127 0 410 390
D2 0.0017 -4 85 399 428
Q0 0.0017 0 -3 288 358
G3 0.0016 181 192 242 270
B2 0.0016 267 357 375 427
B2 0.0016 183 356 371 427
F2 0.0015 59 260 405 436
B2 0.0014 240 283 395 384
C0 0.0013 267 117 401 246
B2 0.0013 77 326 298 427
F2 0.0013 17 118 392 390
H0 0.0013 50 254 349 436
H0 0.0012 -12 23 415 439
E3 0.0012 8 359 420 428
C1 0.0011 2 326 406 429
K0 0.0011 26 -53 259 347
G3 0.0011 78 210 403 392
C0 0.0011 83 99 375 387
C3 0.0010 0 0 68 8
A0 0.0010 33 0 405 176
E3 0.0010 124 326 377 426
G3 0.0010 177 148 252 264
F2 0.0010 -2 301 409 428
