D2 0.5911 205 0 352 90
C2 0.5594 204 0 353 90
A2 0.3408 41 0 201 110
E0 0.2666 22 156 261 382
E0 0.2085 33 -2 212 129
A2 0.2012 25 154 263 374
E2 0.1590 206 0 353 90
E0 0.1468 0 24 46 215
C3 0.1407 32 -4 212 129
E0 0.1289 269 115 427 390
A3 0.1174 268 92 427 393
H3 0.0932 0 25 40 187
C3 0.0786 31 153 253 388
E2 0.0363 267 118 422 393
A2 0.0228 263 88 426 381
C3 0.0122 259 78 422 402
L0 0.0121 255 92 428 387
D2 0.0096 4 -2 425 383
C3 0.0087 0 25 48 223
H3 0.0057 4 -9 426 386
F2 0.0055 257 91 429 388
Q0 0.0051 2 -6 424 386
O0 0.0048 -1 24 46 213
C2 0.0046 144 190 201 236
D2 0.0046 25 154 259 388
C2 0.0042 0 26 31 181
H3 0.0040 251 70 422 381
C2 0.0035 393 -2 428 61
H3 0.0033 0 22 32 159
Q0 0.0029 24 158 260 387
C2 0.0027 0 11 19 192
D2 0.0025 260 93 429 388
F2 0.0021 31 154 263 356
Q0 0.0020 -1 26 42 212
A3 0.0019 325 103 426 364
C3 0.0018 394 -2 428 110
E2 0.0015 53 -41 403 432
Q0 0.0014 26 1 200 128
C3 0.0014 0 47 31 188
A2 0.0014 256 84 421 227
E0 0.0014 394 -1 427 79
D2 0.0014 394 -2 427 109
C2 0.0013 237 -5 339 86
C3 0.0012 392 133 428 168
Q0 0.0012 248 37 429 388
C3 0.0012 146 185 201 236
C2 0.0011 392 133 428 168
B2 0.0011 392 133 427 168
