D2 0.1479 81 60 650 398
E2 0.0857 -30 43 704 384
E0 0.0755 0 53 626 413
Q0 0.0456 -1 58 622 412
A2 0.0421 -53 38 672 409
E2 0.0324 4 50 498 404
R0 0.0080 -65 37 588 390
C2 0.0065 105 58 628 420
Q0 0.0061 422 243 624 406
R0 0.0045 421 243 628 407
Q0 0.0042 0 203 220 410
E2 0.0031 136 50 602 451
F2 0.0029 -28 48 495 372
D2 0.0025 -25 54 489 290
Q0 0.0024 0 -10 626 128
H3 0.0021 0 -18 627 271
D2 0.0018 5 -2 619 327
L0 0.0018 0 -6 627 141
Q0 0.0018 1 1 282 217
C3 0.0018 0 147 20 215
C3 0.0017 -13 65 633 411
R0 0.0016 0 211 223 402
Q0 0.0015 4 6 285 80
Q0 0.0013 0 7 268 121
E2 0.0012 80 26 640 329
Q0 0.0011 251 -3 630 127
Q0 0.0011 0 2 63 215
H3 0.0010 57 30 440 348
C3 0.0010 595 -1 627 25
