A2 0.1656 30 43 374 244
F2 0.1399 -11 0 421 240
E0 0.0991 44 43 325 259
A3 0.0547 68 41 404 242
F2 0.0504 41 -3 416 181
F2 0.0469 66 32 410 213
H3 0.0393 153 123 281 245
E0 0.0366 155 125 280 251
B0 0.0346 155 125 280 251
F2 0.0317 26 40 352 250
B3 0.0284 155 125 281 258
P0 0.0277 109 47 382 263
P0 0.0253 154 124 286 260
L0 0.0246 153 121 279 253
O0 0.0239 28 7 411 262
C3 0.0196 52 35 296 266
E0 0.0175 1 -2 432 260
E0 0.0169 107 41 392 265
F2 0.0159 54 12 367 148
H3 0.0152 5 0 430 259
L0 0.0146 75 54 334 255
C3 0.0125 153 122 284 261
A2 0.0111 37 21 291 263
K0 0.0103 112 39 413 240
E0 0.0075 30 22 248 263
C3 0.0072 219 50 408 266
H3 0.0065 139 53 333 261
K0 0.0054 255 40 407 266
C3 0.0053 31 19 193 264
D2 0.0052 3 -4 427 259
E0 0.0048 259 56 405 262
C3 0.0047 142 46 368 263
E0 0.0039 195 23 430 279
E0 0.0031 30 20 168 263
K0 0.0030 175 6 434 286
C3 0.0027 31 24 132 261
C2 0.0026 59 63 113 132
K0 0.0026 281 51 408 217
L0 0.0024 12 -4 396 74
F2 0.0022 24 -7 392 118
H3 0.0019 33 19 245 259
B0 0.0016 36 -2 431 258
C3 0.0016 272 63 404 263
C3 0.0014 31 50 99 258
K0 0.0014 293 67 400 193
C3 0.0013 305 189 404 262
C3 0.0013 251 40 393 207
C3 0.0011 -28 -8 449 77
C3 0.0010 150 103 347 263
