E2 0.1525 36 91 236 293
E0 0.0935 -2 46 205 280
E0 0.0636 40 58 230 268
E0 0.0630 -53 46 279 263
C2 0.0298 76 136 166 230
H3 0.0252 -11 -2 269 309
C2 0.0238 63 133 176 259
O0 0.0222 2 53 241 294
L0 0.0220 2 54 241 293
D2 0.0195 77 136 165 226
D2 0.0180 -8 0 265 308
E2 0.0168 -21 120 262 299
E0 0.0164 -5 119 243 301
C3 0.0154 62 137 174 243
A3 0.0154 43 117 218 279
C3 0.0145 -2 43 238 260
D2 0.0137 68 116 190 240
A3 0.0118 44 70 241 295
A3 0.0117 14 49 227 254
C2 0.0115 236 100 271 173
C2 0.0100 0 45 252 297
Q0 0.0084 -1 29 262 303
C3 0.0065 -7 113 250 310
A2 0.0049 42 48 243 321
E2 0.0046 2 68 175 284
E2 0.0041 76 136 164 226
E2 0.0039 30 80 180 250
C3 0.0039 62 90 161 175
A3 0.0021 63 101 159 161
F0 0.0020 8 -1 269 313
D2 0.0019 30 46 236 256
C3 0.0016 66 104 151 154
E3 0.0015 160 97 270 319
C3 0.0013 31 80 187 177
D2 0.0011 160 97 269 319
