D2 0.1173 292 235 384 319
C3 0.1101 53 112 162 210
A2 0.0681 107 116 377 301
E0 0.0611 53 112 162 211
A2 0.0602 66 47 316 206
B2 0.0514 294 235 383 319
C3 0.0392 295 235 383 319
A2 0.0351 16 44 374 217
L0 0.0346 52 113 159 211
A3 0.0339 293 235 384 320
A2 0.0281 198 67 382 279
E0 0.0243 197 52 251 120
F2 0.0242 66 55 313 222
A2 0.0232 59 28 236 197
C2 0.0230 172 61 212 139
A2 0.0216 72 71 422 324
A2 0.0210 169 192 263 286
H3 0.0202 52 112 158 212
A2 0.0200 245 96 381 294
C2 0.0190 299 243 380 312
A2 0.0183 22 35 435 260
C3 0.0167 173 57 213 141
F2 0.0162 81 108 308 282
F2 0.0161 238 76 380 305
A2 0.0154 187 63 377 198
F2 0.0148 201 57 379 193
C2 0.0144 276 72 322 103
C2 0.0139 196 54 249 113
Q0 0.0136 -3 6 386 339
F2 0.0132 64 27 212 195
D2 0.0121 40 13 385 305
A2 0.0109 162 50 217 146
F2 0.0106 114 123 278 279
E0 0.0105 168 46 255 146
H3 0.0102 2 0 383 343
A2 0.0087 167 55 403 310
F2 0.0080 46 12 382 295
C2 0.0076 182 257 216 285
A2 0.0068 133 129 279 279
A2 0.0064 67 50 198 192
E0 0.0063 171 49 213 145
A2 0.0062 155 49 389 234
Q0 0.0062 173 36 384 292
F2 0.0056 -11 92 356 274
F2 0.0053 294 233 383 320
A2 0.0045 183 9 382 145
B2 0.0041 278 72 321 103
A2 0.0038 127 45 288 209
Q0 0.0038 179 32 382 143
F2 0.0037 -22 42 412 253
F2 0.0031 194 43 378 150
C3 0.0030 367 316 384 352
C2 0.0025 305 238 376 294
F2 0.0025 71 75 185 188
C3 0.0024 44 106 243 215
E0 0.0024 48 104 241 213
C2 0.0023 288 170 337 226
F2 0.0023 145 187 266 269
F2 0.0022 224 106 364 264
C3 0.0021 290 170 337 226
A2 0.0020 222 110 357 262
B2 0.0020 169 190 266 287
C3 0.0019 162 48 260 160
F2 0.0019 251 129 381 292
A2 0.0018 208 121 365 303
C3 0.0018 68 73 186 189
E0 0.0017 162 44 261 183
A2 0.0015 142 86 363 273
E0 0.0015 166 42 351 122
C2 0.0015 314 237 378 281
A2 0.0014 125 185 273 287
B2 0.0013 222 142 267 191
A2 0.0013 50 61 254 236
B2 0.0013 157 49 177 78
F2 0.0013 158 123 315 229
Q0 0.0013 49 91 173 211
F2 0.0013 84 124 365 214
A2 0.0012 61 190 257 349
C3 0.0012 166 190 267 287
A2 0.0012 158 125 317 215
B2 0.0011 108 29 136 43
E0 0.0011 196 49 292 119
A2 0.0011 148 169 318 294
L0 0.0011 170 0 176 16
F2 0.0011 290 197 383 326
F2 0.0010 0 25 173 128
Q0 0.0010 0 -5 383 147
