E2 0.2014 0 143 221 325
B2 0.2001 6 253 204 316
B2 0.1553 5 144 216 322
E3 0.1123 0 102 232 329
A0 0.0799 7 104 231 274
F2 0.0338 -37 101 252 277
B2 0.0335 13 106 230 272
B2 0.0305 -8 153 241 281
Q0 0.0269 -1 102 236 334
Q0 0.0224 -1 11 244 140
R0 0.0224 73 12 247 132
B2 0.0168 -11 103 237 227
H0 0.0139 1 94 234 286
R0 0.0128 13 23 143 91
B2 0.0110 6 213 208 317
F2 0.0096 -2 100 231 210
C3 0.0074 198 71 226 117
R0 0.0060 163 13 240 74
F2 0.0060 -3 146 221 270
Q0 0.0055 -4 1 243 96
K0 0.0050 0 276 96 373
Q0 0.0048 42 20 196 79
R0 0.0046 83 67 245 127
F2 0.0040 1 124 172 276
R0 0.0035 -3 8 247 171
E3 0.0034 24 312 229 370
C3 0.0034 0 277 97 372
E3 0.0031 45 336 221 372
G3 0.0030 0 271 97 370
R0 0.0029 1 22 152 130
Q0 0.0027 54 0 236 28
E2 0.0026 57 0 199 29
R0 0.0025 161 6 242 97
R0 0.0023 12 16 230 93
B2 0.0020 4 242 204 372
H3 0.0020 4 -3 233 97
C2 0.0020 198 71 226 117
C3 0.0019 0 261 15 287
Q0 0.0019 -4 1 239 43
G3 0.0018 62 0 91 29
C2 0.0018 4 32 34 89
G3 0.0017 140 23 161 76
G3 0.0015 -2 276 212 371
B2 0.0014 35 109 234 341
R0 0.0014 77 0 196 26
C2 0.0014 211 0 241 16
B2 0.0014 72 253 195 321
B2 0.0014 211 0 240 16
L0 0.0013 43 9 246 131
Q0 0.0013 -62 75 0 305
F2 0.0011 1 252 202 375
E3 0.0011 1 266 237 370
L0 0.0011 1 0 62 94
C2 0.0011 63 0 90 29
E2 0.0011 3 293 216 374
F2 0.0010 5 127 170 227
K0 0.0010 0 274 36 370
