E0 0.2948 70 34 295 195
E0 0.1537 25 27 363 196
C3 0.1392 1 165 111 250
E0 0.1063 28 -8 282 192
C3 0.0803 40 22 290 196
D2 0.0784 1 165 111 250
E0 0.0408 0 -45 365 236
A3 0.0259 1 164 110 250
L0 0.0238 6 -34 362 193
H3 0.0217 1 -47 364 247
E0 0.0171 111 -8 349 186
H3 0.0090 112 -19 335 171
C3 0.0089 244 154 359 249
C3 0.0070 86 -15 338 194
D2 0.0063 243 154 361 251
E0 0.0062 245 154 361 251
Q0 0.0054 14 -15 364 194
Q0 0.0052 0 166 110 248
O0 0.0044 5 -37 358 199
C2 0.0043 342 147 364 247
C3 0.0039 343 143 364 251
K0 0.0034 342 141 363 252
C3 0.0032 21 -15 234 192
C2 0.0028 95 207 130 238
E0 0.0028 1 164 107 250
C2 0.0027 333 -1 363 75
C3 0.0022 95 207 131 238
F2 0.0021 98 166 252 252
A2 0.0020 245 154 360 250
C2 0.0018 234 -56 275 -37
A2 0.0018 95 165 256 252
Q0 0.0017 244 151 363 249
C3 0.0014 165 232 183 251
K0 0.0014 340 50 364 254
C3 0.0013 200 -12 366 193
C3 0.0013 95 166 265 252
C3 0.0012 2 174 34 251
