E0 0.0445 119 118 352 328
L0 0.0416 68 49 410 363
E0 0.0182 73 47 406 362
B0 0.0101 78 50 404 359
C3 0.0078 134 122 335 329
F2 0.0073 146 166 325 298
C2 0.0067 286 345 327 366
H3 0.0057 64 36 421 368
L0 0.0055 121 86 361 337
C2 0.0050 222 98 289 113
H3 0.0034 145 115 348 324
C1 0.0030 150 128 347 328
E0 0.0029 54 6 343 402
R0 0.0025 1 12 58 362
D2 0.0021 286 344 326 366
C3 0.0021 150 167 323 311
F2 0.0019 128 126 357 327
C3 0.0016 222 99 288 112
C1 0.0011 94 103 377 354
Q0 0.0011 112 -43 320 19
B0 0.0010 402 210 453 348
R0 0.0010 12 16 82 366
C3 0.0010 75 89 381 353
Q0 0.0010 0 -1 70 368
