E0 0.2303 17 62 230 252
C3 0.0943 7 122 241 248
A3 0.0838 1 52 267 208
A3 0.0461 3 113 243 247
K0 0.0249 21 56 230 237
O0 0.0247 11 50 260 247
C3 0.0155 11 63 265 248
E0 0.0145 3 41 266 284
E3 0.0137 0 22 90 185
L0 0.0114 3 42 261 253
D2 0.0108 25 56 267 225
Q0 0.0103 -1 37 268 310
C3 0.0092 23 86 210 247
R0 0.0087 -1 172 278 313
H3 0.0081 -3 38 270 310
B0 0.0056 -7 17 262 279
Q0 0.0043 -1 169 276 311
D2 0.0042 0 24 272 275
R0 0.0042 -6 220 260 306
C2 0.0040 0 112 27 180
R0 0.0039 -5 251 274 310
C2 0.0035 0 143 31 182
A3 0.0033 0 5 91 198
R0 0.0033 1 253 182 306
C3 0.0032 40 110 269 264
Q0 0.0025 -8 274 264 310
C3 0.0024 0 112 27 183
R0 0.0022 9 271 280 311
Q0 0.0022 111 257 264 309
Q0 0.0021 0 258 243 307
L0 0.0018 36 273 285 311
R0 0.0018 0 20 90 196
K0 0.0018 0 22 91 116
G3 0.0017 -1 25 89 114
F2 0.0015 -16 157 258 323
F2 0.0014 8 187 238 311
N0 0.0014 0 107 26 183
E3 0.0013 0 23 90 109
D2 0.0013 15 48 192 237
D2 0.0012 -21 167 277 321
E3 0.0011 9 10 260 284
A3 0.0010 -24 150 283 325
