A0 0.1019 0 155 148 295
D2 0.0953 147 79 264 190
R0 0.0877 -1 155 145 294
C3 0.0871 139 61 171 112
J0 0.0859 76 47 163 129
E2 0.0678 147 78 259 191
C3 0.0627 131 138 320 275
E2 0.0594 158 79 256 128
E0 0.0523 133 94 317 278
C3 0.0440 187 104 295 188
D0 0.0433 76 47 164 129
D2 0.0356 132 110 320 278
E2 0.0298 130 75 308 273
E2 0.0256 139 57 307 194
C3 0.0247 146 77 259 191
E2 0.0245 75 47 165 129
E2 0.0222 186 105 294 189
Q0 0.0213 -1 156 145 294
D2 0.0208 139 62 170 112
H0 0.0200 15 71 163 249
J0 0.0196 0 155 148 295
R0 0.0193 75 46 164 130
B2 0.0183 24 58 161 251
F2 0.0180 14 62 166 252
A2 0.0178 296 58 400 305
A3 0.0170 187 104 295 188
Q0 0.0166 129 51 329 276
F2 0.0158 131 3 304 75
A2 0.0110 128 2 304 70
C3 0.0100 4 154 147 296
A2 0.0096 331 76 399 199
E2 0.0090 71 43 273 196
D2 0.0086 1 -8 337 278
C2 0.0084 190 115 249 161
E3 0.0083 -1 -15 402 294
E2 0.0082 159 58 256 122
B2 0.0070 140 61 170 114
A3 0.0066 33 267 195 297
Q0 0.0064 0 8 392 294
C3 0.0062 34 267 190 297
F2 0.0062 335 76 399 192
E2 0.0059 67 48 166 249
B2 0.0056 0 226 38 296
E2 0.0054 135 59 174 114
C3 0.0054 108 74 262 211
E2 0.0053 133 56 209 117
P0 0.0051 60 47 170 267
B2 0.0050 132 1 311 99
F2 0.0046 64 46 163 249
C2 0.0046 190 120 234 160
G3 0.0045 293 41 396 146
C3 0.0044 202 86 301 211
A2 0.0043 304 72 399 241
Q0 0.0039 4 67 155 281
E2 0.0033 61 59 277 245
E2 0.0032 79 33 285 295
E2 0.0032 147 17 319 211
F2 0.0029 -4 -3 310 90
F2 0.0028 146 12 314 110
G3 0.0028 139 61 170 113
F2 0.0026 332 78 395 131
B2 0.0025 0 222 56 297
H0 0.0025 18 76 80 147
Q0 0.0025 -3 -3 310 86
E3 0.0024 32 15 243 251
D2 0.0023 -4 -5 316 173
C3 0.0022 145 71 320 273
B2 0.0022 41 110 156 245
B2 0.0021 257 305 310 329
C2 0.0021 263 -53 309 -31
E3 0.0020 1 157 177 298
F2 0.0020 287 43 401 168
C2 0.0019 149 125 203 186
D2 0.0019 152 127 202 185
G3 0.0019 0 229 34 297
Q0 0.0018 20 45 176 242
B2 0.0018 152 20 312 119
E2 0.0018 75 56 165 179
E3 0.0017 16 57 168 244
G3 0.0017 344 -32 360 -5
E3 0.0017 70 27 342 278
H0 0.0017 4 76 112 266
B2 0.0016 189 113 252 161
D2 0.0016 -1 -2 312 86
G3 0.0016 339 -36 377 28
G3 0.0015 -13 227 253 328
L0 0.0015 61 56 266 251
B2 0.0015 17 76 80 147
B2 0.0013 192 3 305 72
E2 0.0013 164 35 263 117
C3 0.0013 191 113 254 161
G3 0.0013 331 66 401 187
F2 0.0013 152 33 320 100
N0 0.0013 0 230 41 298
D2 0.0012 268 -50 308 -30
E3 0.0012 0 -1 314 82
E2 0.0012 94 53 274 125
A2 0.0012 331 91 398 243
G3 0.0012 2 229 53 344
C2 0.0011 0 231 29 296
G3 0.0011 346 -33 369 0
A2 0.0011 303 135 398 301
B2 0.0011 226 2 304 64
A0 0.0010 0 153 119 257
E3 0.0010 -2 -1 54 166
C3 0.0010 381 144 399 202
E3 0.0010 22 264 221 296
