D3 0.4064 2 18 388 290
G3 0.3691 0 62 273 206
D3 0.1417 146 64 271 174
D0 0.1320 365 147 386 288
C2 0.1081 144 64 271 173
D3 0.0822 0 53 362 235
C3 0.0559 145 63 270 175
J0 0.0263 364 148 386 291
G3 0.0199 0 86 144 205
C0 0.0174 363 43 386 298
D3 0.0080 144 12 386 286
C0 0.0050 362 127 386 286
J0 0.0038 -3 -13 385 289
I3 0.0034 353 -69 387 281
I3 0.0025 324 -69 384 285
C0 0.0023 369 -16 387 309
C0 0.0021 351 -27 386 294
C0 0.0020 332 224 387 339
D3 0.0020 21 158 382 291
N0 0.0019 362 -46 387 291
N0 0.0015 347 -54 385 297
C3 0.0010 321 231 386 344
F0 0.0010 145 63 270 175
