I3 0.2178 264 -2 408 199
D1 0.1411 136 184 282 232
I3 0.1004 69 2 316 241
A2 0.0893 43 201 279 354
C3 0.0643 73 107 291 328
C2 0.0484 22 61 61 101
J0 0.0412 214 331 314 406
L0 0.0385 40 -1 324 198
K0 0.0314 69 92 291 320
H3 0.0299 66 11 317 242
A2 0.0286 115 123 293 246
A2 0.0280 40 64 299 311
D2 0.0257 22 62 61 101
A2 0.0256 82 150 346 340
C3 0.0240 350 298 436 412
P0 0.0227 121 175 282 236
D1 0.0227 214 332 315 406
F2 0.0225 118 125 297 279
C3 0.0225 79 185 296 355
C3 0.0205 72 61 241 312
E0 0.0179 61 31 294 291
O0 0.0170 172 -3 408 200
C0 0.0169 40 67 295 302
D1 0.0165 117 170 283 239
C3 0.0163 62 31 294 309
H3 0.0157 265 -1 407 197
A2 0.0157 95 103 293 350
B2 0.0151 112 125 292 271
C3 0.0150 47 -3 325 215
O0 0.0146 51 -2 306 351
Q0 0.0121 51 -1 310 353
A0 0.0120 48 -3 309 354
H3 0.0117 46 -5 308 355
F2 0.0102 36 143 289 356
L0 0.0099 65 47 268 318
D2 0.0094 50 0 308 347
C3 0.0083 213 362 311 406
C0 0.0082 232 208 279 231
P0 0.0079 92 146 344 333
I3 0.0077 50 -1 305 353
A3 0.0075 67 45 247 323
A2 0.0074 0 38 87 303
C3 0.0072 386 -1 435 55
A3 0.0070 350 298 436 412
F0 0.0063 51 0 303 323
O0 0.0059 280 2 410 199
C3 0.0048 36 142 305 356
Q0 0.0047 47 213 305 358
H3 0.0038 173 -5 411 199
C0 0.0035 130 172 302 242
B0 0.0034 65 -17 203 302
E0 0.0034 386 0 436 56
F2 0.0034 64 -10 211 300
A2 0.0034 0 99 85 269
C2 0.0034 213 362 305 405
C2 0.0032 172 0 227 6
A2 0.0029 73 243 286 358
C0 0.0029 120 169 334 267
G3 0.0028 176 193 269 231
A2 0.0027 0 30 62 150
C3 0.0026 387 30 436 55
C2 0.0026 305 304 336 329
B2 0.0026 23 62 60 100
A2 0.0025 1 127 79 307
G3 0.0024 232 209 278 231
B2 0.0023 0 34 62 101
C2 0.0023 0 42 25 95
A2 0.0023 76 102 301 221
C2 0.0022 279 2 374 41
H3 0.0021 37 0 315 182
D2 0.0020 0 37 62 100
E3 0.0020 0 28 81 322
E2 0.0019 338 297 434 413
C3 0.0019 114 228 298 358
B0 0.0019 172 3 404 199
A2 0.0018 0 33 61 102
C3 0.0017 212 329 317 407
G3 0.0017 146 187 241 215
A2 0.0017 1 115 39 287
B1 0.0016 385 0 435 56
C2 0.0016 223 0 270 10
Q0 0.0015 32 292 437 420
E3 0.0014 29 -1 322 357
K0 0.0013 348 298 435 411
Q0 0.0013 170 -1 407 195
E2 0.0013 350 238 434 335
B2 0.0013 306 304 336 328
Q0 0.0012 46 2 308 230
A2 0.0012 214 295 337 406
R0 0.0012 179 291 445 416
A2 0.0012 1 32 40 154
Q0 0.0011 204 297 438 411
Q0 0.0010 270 6 411 198
A2 0.0010 0 133 22 283
F2 0.0010 53 6 168 262
E2 0.0010 350 208 436 415
C2 0.0010 171 0 229 9
