D2 0.2338 93 276 228 327
D2 0.2244 249 101 420 284
A2 0.1273 134 70 302 140
C3 0.1254 181 100 416 283
E0 0.1225 172 98 417 287
A2 0.0924 9 160 135 289
E2 0.0833 93 276 229 327
F2 0.0686 -1 120 205 212
A2 0.0528 118 69 303 249
C2 0.0509 109 277 219 325
B2 0.0318 108 67 293 256
G3 0.0264 103 191 125 212
F2 0.0200 6 125 198 184
G3 0.0147 179 99 420 282
C2 0.0145 0 208 36 285
G3 0.0138 117 223 134 255
A3 0.0104 176 98 410 284
G3 0.0099 33 262 55 274
F2 0.0095 27 221 142 290
A2 0.0094 252 99 420 279
C3 0.0093 181 115 277 266
A2 0.0087 135 71 300 188
D2 0.0082 117 223 134 255
G3 0.0062 65 82 435 285
Q0 0.0048 180 102 419 281
G3 0.0047 30 127 91 141
E2 0.0047 37 117 111 140
C2 0.0045 31 0 88 32
C2 0.0043 13 183 70 257
E2 0.0041 4 155 133 285
C2 0.0040 0 276 37 324
C3 0.0039 105 113 313 276
B2 0.0038 31 221 144 292
C3 0.0038 264 106 419 282
A2 0.0038 11 121 202 226
F2 0.0037 -3 78 306 260
C2 0.0036 12 190 56 259
F2 0.0036 -6 59 350 342
F2 0.0035 -1 45 431 401
D2 0.0033 28 221 145 292
A2 0.0033 2 150 104 319
F2 0.0033 100 70 300 249
A2 0.0032 0 190 53 319
D2 0.0031 196 95 391 279
G3 0.0031 32 261 55 283
A2 0.0031 59 51 289 259
F2 0.0031 5 164 140 325
F2 0.0031 119 241 373 309
G3 0.0030 11 217 152 301
D2 0.0030 -1 43 430 400
D2 0.0030 103 191 125 213
F2 0.0028 73 126 196 177
B2 0.0027 32 257 126 291
D2 0.0026 12 73 431 307
F2 0.0024 152 74 287 263
D2 0.0024 35 0 87 31
E2 0.0024 20 122 108 141
F2 0.0024 59 69 427 283
A2 0.0023 104 91 286 289
F2 0.0022 10 149 157 222
C2 0.0020 0 202 21 291
Q0 0.0020 -2 112 200 212
Q0 0.0017 98 73 300 249
C2 0.0017 85 279 211 318
Q0 0.0017 49 0 292 32
F2 0.0017 102 238 389 352
O0 0.0017 176 100 422 282
D2 0.0016 29 232 251 334
F2 0.0016 7 155 134 246
A2 0.0016 2 155 67 330
C2 0.0016 0 159 46 213
G3 0.0015 2 188 157 310
B2 0.0014 31 127 90 141
C3 0.0014 403 222 427 260
F2 0.0014 1 91 236 321
A3 0.0014 182 110 276 267
Q0 0.0013 11 185 157 309
C2 0.0013 11 181 47 252
C2 0.0012 37 189 113 253
F2 0.0012 8 118 197 161
C2 0.0012 403 222 427 260
C2 0.0012 0 119 30 168
E2 0.0012 177 98 397 275
Q0 0.0012 -2 20 200 216
E2 0.0012 57 269 237 336
C3 0.0012 0 40 10 106
B2 0.0012 3 155 123 216
C2 0.0011 33 264 118 290
F2 0.0011 129 245 297 305
C3 0.0011 1 97 104 144
F2 0.0011 101 102 313 286
C2 0.0011 11 177 98 267
Q0 0.0010 0 101 206 306
F2 0.0010 163 70 289 101
G3 0.0010 0 7 9 185
A3 0.0010 0 2 11 92
G3 0.0010 43 117 110 140
D2 0.0010 20 116 183 146
B2 0.0010 0 121 30 151
B2 0.0010 178 70 223 96
G3 0.0010 9 207 188 323
D2 0.0010 48 117 111 140
