C3 0.5743 30 284 95 322
C3 0.5737 12 37 313 281
C3 0.1387 20 36 314 198
C3 0.0501 0 241 37 320
H3 0.0297 7 0 319 86
C3 0.0174 -1 283 98 320
C3 0.0143 0 294 75 320
C3 0.0132 0 245 36 298
E2 0.0121 5 0 318 82
C3 0.0068 0 299 99 322
C3 0.0042 15 284 162 320
C3 0.0034 -13 305 79 320
C3 0.0032 24 302 59 320
H3 0.0032 8 5 318 184
C3 0.0030 -11 315 78 321
H3 0.0030 26 28 323 241
C3 0.0029 301 71 321 131
C3 0.0029 14 307 137 320
C3 0.0025 37 309 82 321
C3 0.0021 13 303 69 320
C3 0.0019 11 300 142 322
C3 0.0018 0 258 4 310
C3 0.0016 35 314 84 321
D1 0.0014 4 0 320 89
J0 0.0014 4 -1 282 81
C3 0.0013 278 60 322 133
F2 0.0013 28 24 320 251
C3 0.0012 19 314 147 321
C3 0.0011 8 311 75 321
C3 0.0010 16 314 91 321
C3 0.0010 19 307 90 321
