F2 0.3012 14 89 420 288
F2 0.1298 97 87 436 223
F2 0.1147 -113 72 519 306
C2 0.0862 234 0 283 64
E0 0.0783 1 -8 488 341
A2 0.0687 54 83 446 330
A3 0.0617 44 81 456 322
B2 0.0358 234 0 281 64
A3 0.0302 6 45 531 351
D2 0.0254 235 2 281 64
C2 0.0234 244 21 281 70
H3 0.0222 1 -16 490 349
Q0 0.0194 1 -4 483 346
D2 0.0163 243 21 280 64
F2 0.0154 179 93 400 217
F2 0.0101 117 87 296 216
F2 0.0098 59 6 480 248
O0 0.0087 13 -7 488 343
B2 0.0081 343 94 385 120
C3 0.0081 16 71 488 354
F2 0.0077 40 74 451 349
D2 0.0063 343 94 385 121
F2 0.0049 150 80 272 222
C2 0.0049 316 99 356 137
C3 0.0047 155 77 483 340
F2 0.0042 45 85 337 270
B2 0.0037 222 0 285 74
L0 0.0036 45 -39 474 295
D2 0.0032 -4 -10 487 344
E0 0.0025 38 92 456 341
A2 0.0024 202 68 496 328
A3 0.0021 160 67 506 336
F2 0.0020 202 63 498 319
A3 0.0014 211 -1 284 68
C2 0.0014 317 99 382 136
C3 0.0013 58 154 440 343
C2 0.0013 176 101 244 162
H3 0.0012 70 -32 515 272
C2 0.0012 310 98 359 161
F2 0.0012 -2 -32 407 273
C2 0.0012 343 94 385 126
F2 0.0011 148 14 523 347
C3 0.0011 208 -1 301 94
F2 0.0010 269 94 377 210
A3 0.0010 155 91 425 249
D2 0.0010 317 98 384 136
A2 0.0010 0 -34 430 276
