D2 0.2452 0 332 31 382
D2 0.2322 48 302 161 389
C2 0.1993 0 332 32 381
D2 0.1310 0 255 76 312
B2 0.1219 48 302 161 389
B2 0.0944 46 174 115 265
E2 0.0854 0 255 76 336
D2 0.0705 107 168 231 306
B2 0.0647 108 170 232 305
B2 0.0535 0 256 76 313
A3 0.0528 -4 -1 192 148
C3 0.0441 1 -2 194 147
Q0 0.0372 0 4 243 376
C2 0.0326 -4 258 77 311
K0 0.0280 194 16 241 90
C2 0.0230 195 18 242 85
B2 0.0222 15 137 80 240
C3 0.0213 141 109 240 206
D2 0.0209 46 173 114 266
C3 0.0168 -1 258 78 312
B2 0.0160 -1 301 59 335
C3 0.0153 195 18 242 85
C3 0.0145 15 136 80 240
A3 0.0142 45 172 114 266
E2 0.0141 -1 332 32 382
E2 0.0135 109 168 230 255
E2 0.0126 99 97 239 305
B2 0.0121 47 304 83 389
C3 0.0108 56 116 158 215
B2 0.0106 118 222 223 304
K0 0.0104 -4 -3 184 246
B2 0.0103 109 168 230 250
E0 0.0103 -4 -7 173 249
F2 0.0092 0 304 83 389
C3 0.0087 -2 331 33 383
E2 0.0086 0 252 78 386
C3 0.0080 -6 -2 193 226
D2 0.0076 118 223 220 304
B2 0.0069 1 253 84 391
Q0 0.0066 44 302 163 387
D2 0.0065 14 137 80 240
C3 0.0065 118 221 223 303
C3 0.0063 32 101 248 254
B2 0.0062 9 138 111 268
D2 0.0061 110 169 229 249
C2 0.0060 0 302 52 334
Q0 0.0058 95 111 241 304
D2 0.0055 0 302 57 335
J0 0.0046 141 109 241 206
R0 0.0046 142 108 241 207
C3 0.0044 116 169 229 304
A0 0.0043 0 39 157 252
C3 0.0043 46 203 112 263
C3 0.0042 -1 99 157 242
A2 0.0039 0 0 158 139
F2 0.0039 45 302 158 389
E2 0.0038 37 102 248 265
D2 0.0037 -3 -6 246 363
D2 0.0037 2 294 60 313
C3 0.0036 72 307 136 388
A3 0.0036 31 125 125 273
B2 0.0035 2 294 60 313
K0 0.0034 0 64 157 251
A3 0.0034 0 309 78 388
D2 0.0033 0 -1 205 273
E2 0.0032 25 68 260 329
D2 0.0032 1 245 161 383
K0 0.0031 5 132 81 243
B2 0.0031 68 306 139 389
C3 0.0030 47 112 178 232
K0 0.0030 158 0 246 111
Q0 0.0029 1 -1 190 216
C3 0.0029 17 107 177 288
C3 0.0029 10 61 266 337
E2 0.0026 -3 216 108 330
E2 0.0026 2 233 163 385
C3 0.0026 16 159 70 241
B2 0.0025 0 0 26 15
C3 0.0025 0 -37 160 277
C0 0.0025 -1 11 232 244
B2 0.0025 42 274 75 309
A2 0.0023 11 0 121 109
C3 0.0023 82 121 145 187
B2 0.0022 0 246 132 391
F2 0.0022 27 142 228 320
C3 0.0021 74 174 97 209
Q0 0.0021 -2 144 238 390
C2 0.0021 0 152 24 227
B2 0.0020 0 315 77 388
C3 0.0020 0 151 24 233
E0 0.0020 6 8 252 246
C2 0.0020 0 133 64 158
A3 0.0019 32 105 255 235
Q0 0.0019 0 0 184 142
C2 0.0019 47 199 109 263
E2 0.0018 -2 148 116 362
C2 0.0018 0 256 60 299
B2 0.0018 35 303 102 390
K0 0.0017 188 14 269 95
C2 0.0017 15 155 68 242
Q0 0.0017 1 276 164 389
C3 0.0016 0 117 87 277
K0 0.0016 183 11 241 110
B2 0.0016 34 213 229 391
C3 0.0016 0 0 26 15
C3 0.0015 0 325 76 389
C2 0.0015 2 293 64 313
F2 0.0015 45 215 233 387
C2 0.0015 108 173 194 209
C3 0.0014 114 169 230 255
E2 0.0013 129 102 239 268
B2 0.0013 36 162 182 280
F2 0.0012 0 104 259 332
E2 0.0012 16 160 236 359
C3 0.0012 59 301 161 389
A3 0.0012 -4 -30 163 256
C3 0.0012 215 112 242 172
C2 0.0011 47 310 80 384
D2 0.0011 -24 303 179 387
B2 0.0011 24 157 214 315
F2 0.0011 15 253 160 386
C2 0.0010 80 120 144 188
E2 0.0010 0 296 70 388
Q0 0.0010 3 204 196 391
F2 0.0010 42 295 232 387
E2 0.0010 82 151 233 244
G3 0.0010 47 309 81 385
B2 0.0010 19 256 52 282
