R0 0.9546 8 45 485 416
R0 0.0213 449 37 481 201
R0 0.0148 67 27 255 76
R0 0.0119 0 2 123 120
R0 0.0101 461 36 482 212
B3 0.0101 -2 22 68 117
C0 0.0089 0 2 122 119
E2 0.0070 385 99 482 382
C0 0.0043 0 1 122 71
C0 0.0031 0 0 15 125
H3 0.0030 71 26 271 76
C3 0.0026 460 82 482 189
C0 0.0021 1 2 45 117
J0 0.0020 465 50 482 247
R0 0.0017 425 34 481 202
E2 0.0016 1 128 331 414
R0 0.0016 52 26 349 85
R0 0.0016 0 15 64 121
C0 0.0015 0 0 8 89
D0 0.0014 462 60 483 189
C0 0.0014 59 26 372 83
C0 0.0014 441 36 481 180
C0 0.0012 0 1 7 61
C3 0.0011 437 36 481 191
