E0 0.2427 440 28 592 413
E0 0.2398 21 -3 439 370
E0 0.1201 -17 -39 482 477
E2 0.0770 3 34 442 414
H3 0.0515 439 9 592 401
L0 0.0385 439 27 589 410
B0 0.0156 16 -2 448 418
D2 0.0150 15 -4 441 420
C3 0.0126 441 37 587 410
I0 0.0124 15 -4 440 421
H3 0.0122 15 -2 446 419
C3 0.0066 28 34 421 422
C2 0.0062 533 150 590 271
C2 0.0048 200 157 264 241
Q0 0.0043 221 282 593 426
O0 0.0041 441 2 592 404
E2 0.0040 531 110 590 328
Q0 0.0029 7 -3 444 418
A2 0.0026 9 -14 420 389
R0 0.0025 223 282 596 428
Q0 0.0024 379 0 590 152
E2 0.0024 51 -55 471 457
E0 0.0019 515 63 590 372
Q0 0.0018 444 0 594 404
F0 0.0016 5 0 463 422
D2 0.0016 440 4 592 400
C2 0.0013 1 172 30 393
F2 0.0011 530 113 590 284
E2 0.0010 454 90 592 400
H3 0.0010 379 442 415 470
