E3 0.1169 25 57 284 318
E0 0.0755 51 86 254 284
A3 0.0463 45 25 267 311
A0 0.0386 50 92 251 287
O0 0.0343 26 52 289 315
A0 0.0319 22 55 279 294
E0 0.0287 25 51 290 315
A3 0.0259 37 94 254 286
C3 0.0138 45 94 248 292
F2 0.0082 45 53 238 287
F2 0.0072 64 54 300 238
C3 0.0063 24 58 294 323
Q0 0.0060 3 0 188 27
F2 0.0056 163 56 288 276
F2 0.0044 128 0 283 16
C3 0.0044 100 121 144 136
F2 0.0042 32 10 274 302
A3 0.0039 174 47 284 281
Q0 0.0034 -2 1 193 45
C2 0.0029 101 121 144 136
D2 0.0023 0 0 154 22
F2 0.0022 128 1 296 45
A3 0.0022 23 68 314 325
R0 0.0022 -5 -1 188 71
R0 0.0022 -2 1 202 39
F2 0.0020 7 0 204 24
F2 0.0020 88 157 284 319
G3 0.0016 127 0 298 53
Q0 0.0015 124 1 297 35
Q0 0.0014 20 287 297 346
F2 0.0014 132 0 234 13
R0 0.0014 11 287 300 345
R0 0.0014 128 1 296 61
Q0 0.0012 15 314 301 345
F2 0.0012 69 0 183 16
F2 0.0012 131 0 199 14
C3 0.0011 116 83 136 101
A3 0.0011 77 135 293 321
F3 0.0010 11 315 298 344
E2 0.0010 0 255 83 355
