L0 0.1079 52 0 466 341
A3 0.0804 47 -30 400 333
E0 0.0530 52 0 468 341
F2 0.0504 19 -44 431 328
A3 0.0396 120 82 419 346
A3 0.0337 86 27 371 307
A3 0.0288 79 -31 308 348
E3 0.0279 41 -1 466 342
C0 0.0222 47 13 451 307
F2 0.0195 142 91 382 286
F2 0.0186 92 91 427 315
F2 0.0171 46 54 458 284
E0 0.0138 109 69 397 338
F2 0.0134 -64 -48 561 329
D2 0.0122 37 -6 484 345
C3 0.0120 333 125 374 192
A2 0.0099 128 77 442 345
C3 0.0098 112 90 396 338
C2 0.0087 270 103 322 193
O0 0.0084 64 1 468 343
C0 0.0076 154 85 392 305
C2 0.0076 316 223 364 273
E0 0.0075 173 66 470 349
F2 0.0060 15 -5 481 240
C3 0.0058 382 51 470 288
H3 0.0057 55 10 239 335
E0 0.0055 54 0 249 356
A3 0.0051 93 74 531 350
A3 0.0051 62 -1 248 349
C0 0.0050 198 86 337 278
A2 0.0050 261 55 457 279
A2 0.0048 199 25 464 358
C3 0.0041 277 106 321 192
C3 0.0040 394 56 467 221
C3 0.0037 20 -49 520 326
A3 0.0033 115 6 286 370
C3 0.0030 60 9 291 374
C2 0.0029 169 89 221 141
C2 0.0029 333 124 373 191
C3 0.0024 296 237 461 349
E0 0.0022 251 46 464 333
C3 0.0022 283 50 465 312
K0 0.0020 416 186 468 340
C3 0.0020 163 48 369 293
Q0 0.0020 13 0 173 132
K0 0.0019 404 38 469 280
C3 0.0017 109 -21 468 274
C3 0.0017 420 194 469 268
C2 0.0016 169 78 221 183
C3 0.0014 403 192 469 340
C2 0.0014 236 274 288 318
C3 0.0013 117 43 292 352
Q0 0.0013 4 -4 465 322
C3 0.0013 334 53 470 293
F2 0.0013 54 -36 343 301
F2 0.0012 163 -10 463 236
C3 0.0012 151 91 484 352
F2 0.0011 170 32 456 343
C2 0.0011 420 194 469 264
A3 0.0011 299 236 461 348
Q0 0.0010 7 -1 177 212
C3 0.0010 183 -10 450 239
