I3 0.7285 2 135 147 228
C3 0.6929 174 26 215 54
C3 0.5622 135 0 373 223
B0 0.5016 2 135 148 228
C3 0.1334 32 0 177 140
H3 0.0978 31 -1 179 141
D3 0.0376 32 0 176 140
H3 0.0164 2 132 150 231
C3 0.0148 142 89 290 219
C3 0.0135 126 -102 418 -48
I3 0.0120 14 1 182 209
C3 0.0100 -2 -1 378 224
C3 0.0081 176 20 276 107
C3 0.0027 142 177 277 232
C3 0.0022 163 0 281 49
C3 0.0015 163 0 341 55
B2 0.0015 159 0 283 46
C3 0.0015 161 0 343 86
C3 0.0011 140 191 271 229
H3 0.0010 3 1 181 225
