E0 0.5035 52 50 337 222
C3 0.2347 48 48 326 219
A2 0.0676 56 55 342 219
F2 0.0534 123 64 410 223
C3 0.0443 20 68 94 174
Q0 0.0416 41 57 402 221
I3 0.0363 20 69 94 174
C3 0.0272 383 195 427 225
H3 0.0235 19 69 94 175
A3 0.0233 322 94 407 139
B0 0.0177 21 68 94 175
P0 0.0156 21 66 92 176
C3 0.0132 132 72 408 223
C3 0.0127 50 55 274 193
F2 0.0118 57 56 354 177
K0 0.0110 172 222 327 255
N0 0.0106 20 78 74 169
C3 0.0101 322 93 406 142
A2 0.0092 57 56 304 166
C2 0.0077 20 81 72 168
C0 0.0076 20 69 94 175
C3 0.0057 21 84 75 172
F2 0.0050 146 61 403 151
C3 0.0036 54 55 255 149
K0 0.0035 241 217 339 236
Q0 0.0031 2 68 460 272
C3 0.0023 68 54 447 225
O0 0.0021 20 68 102 173
Q0 0.0019 29 57 306 192
C3 0.0017 305 81 444 130
H3 0.0016 19 56 146 176
A2 0.0016 59 54 254 135
C3 0.0016 169 222 327 258
C3 0.0016 319 87 407 195
C3 0.0014 101 55 360 196
C3 0.0014 284 78 462 104
Q0 0.0013 28 -33 441 229
N0 0.0012 22 69 97 158
F2 0.0012 208 205 422 241
G3 0.0011 204 229 299 250
F2 0.0011 196 188 432 247
I3 0.0011 0 -92 44 138
C0 0.0011 23 66 143 174
Q0 0.0011 16 63 135 175
N0 0.0010 19 37 102 177
Q0 0.0010 21 60 185 178
