C3 0.0833 54 92 265 226
F2 0.0645 25 76 282 118
F2 0.0578 29 73 308 136
D1 0.0508 29 74 284 108
H3 0.0484 42 83 281 206
E0 0.0368 30 58 306 270
F2 0.0328 5 65 331 162
G3 0.0315 31 67 305 114
Q0 0.0197 27 57 304 271
F2 0.0165 15 25 312 248
H3 0.0165 38 46 290 229
F2 0.0163 23 62 301 215
F2 0.0155 -24 44 365 177
C3 0.0133 92 92 290 251
C3 0.0127 45 108 268 269
B2 0.0115 288 0 322 45
G3 0.0113 36 68 304 146
D1 0.0101 20 66 329 123
A3 0.0097 289 0 322 41
F2 0.0093 289 0 322 43
B2 0.0092 289 -1 322 79
G3 0.0081 37 87 143 100
D1 0.0077 34 80 261 104
F2 0.0067 -41 6 381 236
L0 0.0055 30 58 304 228
E0 0.0055 35 78 261 206
D1 0.0045 37 63 323 146
C2 0.0038 271 61 304 83
C3 0.0036 34 75 243 205
Q0 0.0030 109 17 238 86
C2 0.0024 290 0 323 27
D1 0.0024 71 58 292 89
C3 0.0024 125 187 230 238
G3 0.0022 285 -4 323 241
R0 0.0021 222 145 322 269
G3 0.0021 31 85 146 103
C3 0.0021 52 28 302 253
F2 0.0020 290 0 322 92
G3 0.0019 289 0 321 127
G3 0.0019 292 0 324 81
F2 0.0019 43 71 263 178
D1 0.0018 105 58 265 82
Q0 0.0016 289 0 322 98
D1 0.0016 14 60 278 102
C3 0.0016 91 56 292 217
G3 0.0016 8 88 197 101
C3 0.0015 290 0 323 27
Q0 0.0015 128 225 325 272
H3 0.0015 221 123 321 281
Q0 0.0015 127 147 326 275
B2 0.0014 288 -5 322 150
Q0 0.0014 221 146 322 267
G3 0.0013 51 89 180 102
B0 0.0012 24 18 314 253
F2 0.0012 289 -1 322 136
D1 0.0011 114 52 258 65
Q0 0.0010 25 57 311 126
P0 0.0010 288 0 322 42
B1 0.0010 230 132 321 280
