B2 0.7257 111 152 148 212
B2 0.6445 168 160 253 237
B2 0.5989 141 184 170 234
B2 0.4735 102 206 170 257
B2 0.4028 130 108 200 167
C3 0.3570 207 142 250 197
C3 0.3216 149 70 208 123
D2 0.1029 102 205 169 258
C3 0.0760 111 153 148 210
C3 0.0558 131 108 194 166
D2 0.0234 81 164 119 208
B2 0.0226 79 164 118 208
C3 0.0185 79 164 118 207
B2 0.0165 79 159 150 211
B2 0.0153 131 70 215 170
D2 0.0113 132 108 198 166
C3 0.0109 164 167 204 241
C3 0.0098 29 32 307 298
B2 0.0093 191 170 251 237
C2 0.0071 134 68 213 174
B2 0.0048 195 116 211 168
C3 0.0047 170 154 207 172
R0 0.0033 31 31 305 297
D2 0.0032 32 32 304 303
C3 0.0030 195 116 211 166
B2 0.0025 171 154 206 172
C3 0.0021 191 172 254 237
F2 0.0015 284 212 425 299
J0 0.0015 0 116 64 305
D2 0.0014 0 -5 49 143
C2 0.0012 98 121 129 143
E2 0.0012 352 -24 427 90
F0 0.0011 31 31 304 301
