C3 0.9297 268 154 380 426
C3 0.9278 -5 187 287 408
C3 0.9166 82 2 304 191
C3 0.8790 0 0 70 140
C3 0.8665 141 68 350 267
C3 0.4881 397 131 417 153
C3 0.2345 4 0 154 120
B1 0.1190 0 0 307 120
C3 0.1080 0 -1 304 119
H3 0.0693 300 0 419 151
C0 0.0531 0 0 309 121
C3 0.0370 305 0 419 200
J0 0.0331 304 1 418 167
C0 0.0182 297 1 419 189
C3 0.0144 395 112 418 158
D0 0.0099 306 0 418 175
C3 0.0056 314 0 418 142
C3 0.0050 143 0 219 60
C3 0.0048 126 0 306 65
D3 0.0046 314 -1 419 148
C0 0.0031 242 0 417 199
C3 0.0030 410 122 417 165
C3 0.0023 116 -1 232 64
C3 0.0023 66 0 266 89
C3 0.0020 177 192 303 273
C3 0.0018 315 3 419 287
C3 0.0014 403 59 418 297
C3 0.0014 400 32 419 201
C3 0.0012 412 115 418 183
C3 0.0011 391 127 416 155
C3 0.0010 394 54 419 303
