D2 0.1518 52 146 355 492
E2 0.0762 41 137 363 448
C3 0.0236 60 177 355 527
I0 0.0127 45 139 365 530
E3 0.0098 45 139 369 527
C2 0.0097 53 543 146 586
E3 0.0094 0 231 226 586
E0 0.0081 117 162 360 542
E2 0.0066 33 182 343 520
C3 0.0052 52 543 146 586
H0 0.0042 -1 225 229 603
D2 0.0042 127 170 358 538
I3 0.0035 52 542 144 587
C2 0.0033 0 365 38 425
E2 0.0032 53 139 351 355
B3 0.0032 39 184 345 525
F0 0.0028 53 541 144 587
A3 0.0026 1 214 227 590
C3 0.0022 0 365 38 420
B0 0.0019 40 130 372 532
O0 0.0017 49 541 146 588
Q0 0.0016 8 215 246 581
E2 0.0016 1 212 225 575
E2 0.0013 81 140 332 304
H3 0.0013 4 6 421 571
I3 0.0013 305 14 512 186
C3 0.0012 60 480 138 590
H3 0.0011 34 136 370 524
C3 0.0011 0 230 237 604
D2 0.0011 1 203 251 562
