F3 0.1022 141 74 267 155
B3 0.0720 0 102 55 170
C3 0.0552 -3 103 57 166
C3 0.0428 145 68 202 101
C0 0.0359 -2 103 56 169
F2 0.0230 1 4 218 170
F3 0.0037 2 9 235 190
C3 0.0028 144 80 199 100
B1 0.0025 47 150 106 191
Q0 0.0021 5 1 268 154
B1 0.0017 0 28 51 177
F2 0.0017 146 57 267 200
F2 0.0015 0 107 255 201
F2 0.0014 2 97 196 189
C0 0.0014 0 72 54 171
F2 0.0013 0 108 141 201
C0 0.0011 0 9 52 169
K0 0.0011 163 56 280 316
F3 0.0011 150 58 267 200
K0 0.0011 -1 108 54 281
F3 0.0010 133 99 268 199
J0 0.0010 0 108 136 202
C3 0.0010 0 8 54 179
