Q0 0.0918 97 83 354 331
R0 0.0357 111 75 351 333
H3 0.0280 103 79 318 310
R0 0.0183 98 83 354 243
E3 0.0126 313 125 409 348
E3 0.0094 276 124 414 370
C3 0.0068 14 296 36 323
C2 0.0060 213 349 244 366
Q0 0.0056 2 81 130 322
Q0 0.0049 334 121 409 347
E3 0.0030 340 141 406 352
C2 0.0027 0 251 44 289
J0 0.0024 105 80 331 275
D2 0.0024 213 349 244 365
D2 0.0015 0 251 43 290
R0 0.0013 116 154 321 293
H3 0.0012 113 54 371 354
B2 0.0012 213 349 244 365
C2 0.0011 14 296 36 325
E3 0.0011 356 183 407 363
Q0 0.0011 4 86 80 320
A0 0.0011 114 192 333 337
