E0 0.3047 52 30 249 176
E0 0.3019 235 143 320 241
C3 0.1525 59 27 248 182
C3 0.0988 235 141 320 241
C0 0.0642 101 286 170 344
C0 0.0459 97 200 149 273
C3 0.0339 149 222 200 240
L0 0.0293 59 31 238 179
K0 0.0261 236 142 320 241
C3 0.0229 98 72 215 164
C3 0.0207 237 146 299 228
C3 0.0183 117 287 170 320
C2 0.0182 237 146 298 228
Q0 0.0181 59 31 249 178
C3 0.0177 182 270 209 291
C3 0.0174 70 249 115 269
C0 0.0169 95 158 150 272
C3 0.0165 98 202 143 238
C0 0.0147 99 203 163 254
K0 0.0140 102 285 170 344
C3 0.0130 100 305 159 345
C2 0.0111 117 287 170 320
O0 0.0106 59 28 251 177
C2 0.0095 182 270 210 292
H3 0.0078 -2 0 346 353
C3 0.0075 98 200 149 274
C0 0.0064 128 183 197 241
G3 0.0057 149 223 201 240
C0 0.0057 90 199 200 243
E0 0.0051 -10 -1 348 352
E0 0.0049 87 155 151 274
C3 0.0047 100 286 168 346
C0 0.0044 146 222 198 241
J0 0.0038 100 285 169 345
K0 0.0035 234 139 294 243
C0 0.0035 82 168 202 257
Q0 0.0030 -7 -3 345 351
K0 0.0024 109 290 155 330
E0 0.0023 -1 15 321 247
K0 0.0019 98 254 171 346
F2 0.0018 44 347 153 360
C0 0.0014 93 258 178 345
L0 0.0014 76 127 206 274
E3 0.0013 0 3 344 301
C2 0.0011 148 221 200 245
E0 0.0010 89 135 145 252
