A3 0.0710 39 66 186 252
A3 0.0646 137 30 253 131
C3 0.0577 137 29 254 130
C3 0.0403 40 68 185 253
B2 0.0302 44 72 184 251
D2 0.0299 41 66 185 253
C3 0.0256 235 70 349 240
B2 0.0240 137 29 254 130
K0 0.0231 237 63 350 237
F2 0.0205 33 4 299 274
A3 0.0153 237 64 350 238
H0 0.0146 30 13 297 250
Q0 0.0143 0 -1 349 248
B3 0.0140 236 70 350 237
D2 0.0103 15 0 352 248
B2 0.0093 43 63 261 250
E3 0.0086 30 48 353 249
G3 0.0062 40 66 211 250
Q0 0.0058 36 69 186 248
G3 0.0057 35 60 303 251
Q0 0.0053 35 67 275 250
M0 0.0037 231 70 351 245
K0 0.0033 226 154 301 249
F2 0.0030 39 59 257 234
F2 0.0025 137 26 312 148
D2 0.0025 35 61 298 251
G3 0.0024 232 71 352 246
O0 0.0024 234 71 352 246
C3 0.0023 238 57 340 196
B3 0.0021 127 39 374 246
C3 0.0019 184 56 348 234
F2 0.0018 -48 -47 397 328
C3 0.0018 39 82 117 209
R0 0.0017 37 -14 288 259
B2 0.0017 136 22 310 161
C3 0.0016 41 91 266 252
K0 0.0016 192 154 304 252
B0 0.0015 234 73 352 245
Q0 0.0015 137 -29 227 0
Q0 0.0014 132 1 353 250
D2 0.0013 132 3 354 248
C3 0.0013 39 67 130 238
E2 0.0013 268 275 350 302
C3 0.0012 122 33 376 253
G3 0.0011 19 250 340 301
C3 0.0011 266 220 306 250
C3 0.0011 221 51 324 226
Q0 0.0011 0 71 80 246
G3 0.0011 207 0 224 43
H0 0.0011 -36 -40 383 312
C3 0.0010 223 -9 356 198
N0 0.0010 201 68 355 247
