A3 0.1016 39 34 347 340
E0 0.0958 45 39 342 358
A3 0.0568 188 120 314 267
C3 0.0473 174 119 335 273
E0 0.0339 11 88 436 366
A2 0.0285 31 -1 387 399
C3 0.0262 136 111 346 296
C3 0.0244 87 115 403 309
A3 0.0236 60 83 394 371
A3 0.0235 179 116 360 273
C3 0.0209 -9 31 466 304
E2 0.0177 54 75 391 374
D2 0.0176 3 -14 473 372
Q0 0.0169 5 -21 478 371
E0 0.0163 -3 28 446 307
L0 0.0145 40 26 430 369
C3 0.0116 219 122 354 281
C3 0.0100 167 60 429 386
F2 0.0100 45 38 475 299
C2 0.0100 241 191 303 257
H3 0.0098 38 23 434 371
C3 0.0096 47 55 360 373
K0 0.0095 -4 25 477 286
A3 0.0091 76 41 452 283
C0 0.0090 125 37 428 300
C2 0.0085 246 162 343 267
A3 0.0068 156 73 410 285
C2 0.0057 195 122 299 231
C3 0.0047 186 107 387 300
C2 0.0047 236 190 331 262
H0 0.0046 -2 -18 473 371
C0 0.0046 167 54 425 370
F2 0.0044 137 69 350 270
C0 0.0037 176 91 391 300
C2 0.0033 407 129 445 160
C2 0.0016 102 -55 162 -28
C3 0.0016 34 105 470 376
H0 0.0014 325 -52 527 108
B2 0.0012 408 128 445 160
B2 0.0011 323 -57 535 126
B2 0.0011 250 23 283 48
H3 0.0010 177 49 431 385
C0 0.0010 92 0 462 337
B2 0.0010 102 -56 161 -28
