C0 0.1161 25 102 482 399
B1 0.0813 61 89 418 382
B1 0.0761 67 59 345 318
A3 0.0313 72 103 428 413
B0 0.0260 -4 10 452 458
B1 0.0259 124 13 448 152
K0 0.0255 151 15 436 169
K0 0.0253 73 77 355 352
H3 0.0231 0 4 450 467
M0 0.0226 3 24 444 456
B0 0.0218 54 60 364 312
C0 0.0191 45 29 431 363
L0 0.0183 38 38 430 416
H3 0.0160 59 55 401 326
K0 0.0160 328 99 418 270
C0 0.0157 220 89 378 220
A0 0.0156 129 14 444 156
A0 0.0144 142 15 452 260
O0 0.0137 33 41 433 433
A0 0.0134 20 2 461 441
C0 0.0110 263 100 402 278
C0 0.0108 266 127 376 217
B2 0.0102 86 -2 491 55
D0 0.0100 135 10 439 183
G3 0.0098 267 133 369 212
F2 0.0097 47 -3 496 53
B2 0.0070 74 94 372 416
Q0 0.0067 0 259 261 474
C3 0.0065 274 136 373 212
C0 0.0065 250 109 384 230
C3 0.0063 39 111 407 429
B2 0.0060 277 0 472 141
C0 0.0060 228 71 440 274
K0 0.0051 268 95 425 274
R0 0.0048 -1 259 264 475
K0 0.0047 92 -4 440 244
K0 0.0046 27 59 320 293
C2 0.0046 461 365 477 479
C3 0.0035 112 171 423 411
K0 0.0035 66 101 380 431
E2 0.0035 -1 -32 186 288
H3 0.0032 12 56 313 304
K0 0.0031 214 87 381 220
C0 0.0030 197 21 429 256
C2 0.0027 84 66 209 148
C0 0.0027 97 58 395 286
K0 0.0026 107 70 403 229
E3 0.0026 1 -1 181 280
K0 0.0025 461 371 476 480
E2 0.0024 123 -1 495 52
B2 0.0024 0 -37 193 295
B1 0.0024 461 370 476 480
H3 0.0023 87 50 390 252
N0 0.0022 31 5 468 276
H3 0.0022 166 -5 441 266
H3 0.0022 280 0 470 149
C3 0.0020 462 365 477 484
M0 0.0020 459 374 475 481
C0 0.0019 122 114 435 414
C2 0.0019 354 331 423 401
F2 0.0019 95 327 383 475
D2 0.0018 284 0 474 137
D2 0.0018 0 -12 189 273
B0 0.0015 3 -1 473 316
A0 0.0014 285 0 472 151
C0 0.0014 245 82 421 334
C0 0.0014 133 13 459 214
K0 0.0013 64 59 281 176
Q0 0.0013 278 1 478 135
E3 0.0013 1 261 168 469
Q0 0.0012 65 10 467 224
H3 0.0011 -48 18 313 348
Q0 0.0011 0 260 160 470
Q0 0.0010 2 0 176 277
