C3 0.9153 4 83 162 237
C3 0.8788 92 194 190 311
C3 0.4094 271 222 339 323
C3 0.3949 126 79 335 196
A3 0.2360 271 223 339 323
C3 0.0432 300 224 338 265
J0 0.0401 109 22 334 197
C3 0.0301 126 82 336 280
D2 0.0208 273 225 339 323
C3 0.0205 127 17 335 199
C3 0.0126 193 189 262 283
C0 0.0101 126 83 336 283
D2 0.0089 274 259 339 323
C3 0.0084 313 265 339 312
J0 0.0084 273 258 339 323
C2 0.0061 125 81 336 281
C3 0.0058 273 173 340 318
C3 0.0056 272 95 340 322
D2 0.0040 272 181 340 319
C3 0.0039 268 252 344 324
C3 0.0023 -4 10 329 249
C3 0.0015 52 49 326 207
C3 0.0015 272 262 324 323
B2 0.0013 274 260 340 323
C3 0.0010 206 219 337 323
C3 0.0010 296 229 341 311
