O0 0.1593 73 56 244 202
A3 0.1256 61 53 249 206
K0 0.1025 63 63 238 203
C3 0.0674 67 56 245 202
E0 0.0579 61 53 250 203
K0 0.0255 78 65 188 169
K0 0.0208 193 63 245 172
O0 0.0179 17 51 276 270
E3 0.0142 74 58 244 201
E3 0.0098 1 83 173 303
K0 0.0077 117 53 247 203
G3 0.0066 1 80 174 303
G3 0.0059 0 66 252 308
A3 0.0059 75 56 234 173
Q0 0.0046 72 57 243 201
B0 0.0042 -2 51 272 310
Q0 0.0038 0 83 172 302
B0 0.0032 1 74 178 304
C3 0.0030 122 164 208 200
K0 0.0027 206 64 245 158
C2 0.0026 86 69 158 148
C0 0.0026 122 164 208 200
C2 0.0022 123 169 201 198
E3 0.0020 -1 44 298 336
R0 0.0016 -7 265 302 338
C2 0.0014 80 85 131 163
C3 0.0014 208 72 239 95
A3 0.0014 6 84 180 312
K0 0.0014 5 93 178 309
Q0 0.0014 -10 256 314 340
C2 0.0012 207 69 241 136
Q0 0.0011 17 275 245 336
C2 0.0010 120 64 169 155
B1 0.0010 207 65 242 138
