A3 0.2525 3 3 242 240
A3 0.1506 33 33 211 228
A3 0.1283 -44 -22 281 271
E0 0.0693 29 41 230 235
A3 0.0610 53 15 271 231
F2 0.0317 21 -15 288 222
Q0 0.0283 3 -16 283 235
C3 0.0214 29 51 235 236
A0 0.0183 6 -29 296 239
H3 0.0166 3 -29 297 239
A3 0.0160 -50 -65 341 333
A3 0.0150 -22 46 315 242
F2 0.0118 -42 -40 323 279
A2 0.0118 -35 -80 283 325
F2 0.0083 33 4 207 210
F2 0.0078 64 5 262 202
A3 0.0038 18 75 258 240
F2 0.0036 9 -38 242 262
H3 0.0032 69 10 258 184
A3 0.0013 145 12 258 226
D2 0.0013 241 186 297 276
C3 0.0013 270 45 289 64
