D2 0.1466 101 96 267 351
A3 0.0629 101 95 266 354
L0 0.0606 18 5 244 323
A2 0.0358 72 100 218 298
C2 0.0259 250 358 284 381
D2 0.0211 17 -1 283 354
B2 0.0192 84 60 268 345
D2 0.0162 0 234 14 257
C2 0.0142 40 334 70 358
C2 0.0125 88 233 113 265
Q0 0.0125 82 50 275 344
D2 0.0122 64 7 239 151
D2 0.0118 40 334 70 358
E3 0.0117 19 4 245 323
A3 0.0111 135 60 275 328
C3 0.0104 250 357 284 381
A3 0.0103 66 7 236 148
F2 0.0100 66 67 273 354
C2 0.0091 0 234 15 257
C2 0.0088 71 307 110 348
R0 0.0085 49 3 242 222
D2 0.0083 250 357 284 382
B0 0.0083 16 4 255 337
F2 0.0079 35 11 256 275
A3 0.0067 151 71 267 275
A2 0.0064 54 68 275 327
D2 0.0062 0 219 25 258
B2 0.0061 0 174 29 210
C2 0.0056 0 176 27 210
C2 0.0056 111 367 158 382
Q0 0.0052 26 9 276 358
C3 0.0051 109 163 261 349
H3 0.0044 36 22 231 271
D2 0.0043 88 234 112 265
B2 0.0043 40 334 70 358
C3 0.0038 67 4 240 146
C3 0.0030 21 161 92 314
B2 0.0029 0 183 29 220
A2 0.0029 17 99 227 329
A3 0.0029 172 72 257 236
C2 0.0028 4 300 35 326
D2 0.0027 21 156 92 314
B2 0.0026 249 355 284 381
C3 0.0026 33 17 231 300
D2 0.0025 110 181 262 347
B0 0.0023 21 13 220 266
C2 0.0022 161 366 191 382
B2 0.0022 0 210 25 258
C2 0.0022 89 175 128 222
D2 0.0021 121 221 147 244
B2 0.0021 3 299 35 325
C2 0.0021 0 189 28 220
C2 0.0020 20 158 92 314
C2 0.0019 0 344 50 381
D2 0.0019 18 7 172 326
A3 0.0019 23 12 219 255
B2 0.0016 91 175 128 218
D2 0.0016 110 223 147 266
D2 0.0015 114 236 141 266
E2 0.0015 102 133 257 356
C0 0.0014 30 16 280 288
D2 0.0014 23 95 211 330
C2 0.0014 111 359 159 381
C2 0.0014 21 184 45 277
C3 0.0013 85 60 282 301
C2 0.0013 1 299 36 335
C2 0.0013 99 184 125 221
B2 0.0012 73 310 110 347
L0 0.0012 42 5 239 210
C2 0.0011 0 349 28 381
C2 0.0011 166 334 195 378
C2 0.0011 36 259 89 310
B2 0.0011 238 349 283 381
D2 0.0011 0 178 18 192
C2 0.0011 189 326 230 382
D2 0.0011 15 12 127 356
B2 0.0011 120 221 147 244
B2 0.0011 102 175 127 191
C2 0.0010 21 167 38 242
K0 0.0010 18 38 108 322
C2 0.0010 0 183 23 214
B2 0.0010 0 176 19 192
