C3 0.8718 184 241 269 300
C3 0.7967 289 216 377 339
C3 0.6771 0 307 140 376
C3 0.5703 221 338 283 376
C3 0.3829 268 355 376 375
C3 0.3178 189 337 287 375
C3 0.1188 62 10 259 260
C3 0.0758 204 354 380 375
C3 0.0225 275 358 358 376
C3 0.0165 330 355 375 374
C3 0.0131 307 355 375 374
C3 0.0112 273 344 376 375
C3 0.0058 190 339 386 375
C3 0.0058 81 2 340 158
C3 0.0056 147 335 296 376
C3 0.0051 182 351 283 376
D2 0.0046 0 309 135 375
G3 0.0037 0 104 34 252
C3 0.0033 226 343 371 376
C3 0.0027 342 353 376 375
C0 0.0024 166 0 257 17
C3 0.0020 73 89 255 255
C3 0.0019 228 0 357 50
C2 0.0019 1 307 135 376
R0 0.0019 227 0 356 52
A3 0.0018 281 356 388 375
F0 0.0017 146 0 343 153
C3 0.0017 194 363 293 376
C0 0.0015 226 0 365 49
C0 0.0014 123 0 339 153
C3 0.0013 86 145 254 258
C3 0.0013 219 361 285 376
C3 0.0013 0 157 31 209
C3 0.0013 0 148 32 259
C3 0.0012 225 366 298 375
C3 0.0011 363 322 376 362
