K0 0.1728 170 290 250 368
B1 0.1269 70 282 197 363
B2 0.0978 309 40 397 165
D0 0.0973 71 283 197 362
C3 0.0674 105 147 359 295
A0 0.0620 332 272 397 368
H0 0.0598 308 40 397 168
J0 0.0490 71 283 196 362
A0 0.0451 308 41 397 169
R0 0.0440 2 -4 213 144
Q0 0.0439 0 0 211 141
C3 0.0382 209 197 326 247
C2 0.0377 190 291 241 343
H3 0.0370 71 282 197 363
C3 0.0300 190 291 242 343
C0 0.0283 190 290 241 343
C3 0.0255 124 173 345 258
Q0 0.0239 3 2 395 290
K0 0.0224 127 289 254 371
J0 0.0211 211 196 325 245
K0 0.0200 308 40 397 167
R0 0.0189 191 29 396 187
P0 0.0161 308 40 397 168
H3 0.0158 2 15 398 295
C3 0.0136 154 185 330 251
C0 0.0133 70 281 196 363
C3 0.0090 86 79 371 302
C3 0.0087 140 169 404 294
J0 0.0076 136 59 389 298
C3 0.0073 333 271 397 369
J0 0.0073 333 305 397 368
R0 0.0072 129 25 392 313
J0 0.0064 110 12 364 258
J0 0.0064 200 284 340 369
J0 0.0063 178 28 386 195
C3 0.0063 24 128 54 148
J0 0.0060 185 103 391 300
C3 0.0059 210 353 260 369
Q0 0.0053 0 186 159 366
C3 0.0052 30 138 390 300
C3 0.0047 174 328 212 341
D1 0.0047 64 167 346 284
C0 0.0047 11 88 266 208
C3 0.0046 171 327 217 368
R0 0.0044 196 283 340 371
C0 0.0040 106 286 261 372
C3 0.0040 334 307 397 368
J0 0.0040 79 32 406 325
E2 0.0038 3 -15 105 8
C0 0.0038 119 142 145 160
E3 0.0035 -1 38 51 187
R0 0.0034 110 23 378 228
C3 0.0034 35 -4 405 277
H0 0.0034 2 -15 98 8
H3 0.0033 13 89 289 242
C2 0.0031 210 353 260 369
K0 0.0031 156 286 346 369
D1 0.0030 14 88 278 229
C3 0.0030 117 129 145 160
C3 0.0030 100 180 264 252
J0 0.0029 116 344 183 370
J0 0.0028 12 133 386 287
Q0 0.0026 73 284 186 367
E3 0.0026 335 189 398 369
H3 0.0025 0 90 394 346
F2 0.0024 -12 -13 196 5
H3 0.0024 111 -6 377 258
E2 0.0024 -7 -12 166 2
H3 0.0023 3 129 400 298
J0 0.0023 96 310 192 367
C2 0.0022 350 215 396 272
C3 0.0022 30 94 249 183
B2 0.0021 -15 -13 196 4
J0 0.0020 33 -2 219 149
R0 0.0020 86 -16 395 193
C3 0.0020 48 0 218 147
Q0 0.0019 308 41 399 167
J0 0.0019 216 2 395 42
C3 0.0019 79 178 327 281
C3 0.0018 119 142 145 159
C3 0.0018 383 140 397 166
E3 0.0018 103 283 338 369
D1 0.0018 28 145 280 287
E3 0.0017 320 200 419 415
C3 0.0017 383 124 397 169
C0 0.0017 125 191 265 253
C3 0.0017 70 296 172 362
R0 0.0017 89 283 335 369
C3 0.0017 0 94 54 149
C3 0.0017 29 144 284 289
C3 0.0016 349 252 393 283
L0 0.0016 95 6 377 187
C3 0.0016 350 213 396 272
C3 0.0015 193 118 218 149
C0 0.0015 132 192 233 244
Q0 0.0014 209 1 396 73
Q0 0.0014 95 286 341 366
F2 0.0013 306 37 397 162
C3 0.0013 127 189 232 245
C3 0.0013 68 98 249 166
K0 0.0012 126 192 227 243
C3 0.0012 136 115 361 278
C2 0.0012 172 334 215 368
R0 0.0012 210 2 399 43
Q0 0.0012 -63 -50 235 172
Q0 0.0012 92 16 398 247
D1 0.0011 -3 104 273 178
J0 0.0011 332 270 397 370
D1 0.0011 51 102 233 171
R0 0.0011 7 3 192 76
H3 0.0011 321 266 398 370
C3 0.0010 105 96 231 160
C0 0.0010 83 187 317 254
R0 0.0010 -1 184 171 365
C3 0.0010 142 284 185 308
C3 0.0010 171 331 239 368
Q0 0.0010 203 288 343 368
J0 0.0010 165 126 362 273
C3 0.0010 116 346 183 369
