C3 0.9686 75 65 385 448
C3 0.9475 316 2 458 174
C3 0.9314 40 0 347 111
C3 0.4821 344 153 435 359
C3 0.1163 211 69 457 453
C3 0.0857 1 5 197 341
J0 0.0403 0 6 195 346
C3 0.0202 356 -2 458 162
C3 0.0125 342 0 457 101
C3 0.0105 6 17 197 228
C3 0.0101 119 133 451 452
J0 0.0066 229 26 457 449
J0 0.0040 79 60 387 443
C2 0.0030 342 -1 458 83
J0 0.0030 342 -1 458 158
K0 0.0024 138 132 457 455
C3 0.0016 433 24 458 158
E2 0.0015 367 -1 456 76
G3 0.0012 90 144 458 455
C3 0.0012 356 155 432 312
Q0 0.0012 358 0 456 89
C3 0.0011 371 88 457 460
J0 0.0011 380 0 458 74
B2 0.0010 -1 388 172 457
C3 0.0010 418 14 457 161
