E3 0.4172 32 23 284 209
A3 0.2549 29 20 291 208
R0 0.1917 37 20 286 211
C3 0.1570 41 19 287 204
C3 0.0247 373 24 457 100
C3 0.0226 206 -5 450 107
C3 0.0151 53 74 277 204
Q0 0.0141 32 20 281 211
A3 0.0138 204 -4 449 108
K0 0.0128 375 21 454 102
C2 0.0076 0 152 39 205
Q0 0.0075 204 0 452 105
F2 0.0061 205 -1 445 107
Q0 0.0036 79 -5 458 106
A3 0.0034 236 -1 429 84
C3 0.0031 0 152 38 207
Q0 0.0025 206 0 453 172
L0 0.0019 243 -3 420 90
K0 0.0016 372 -32 454 103
B2 0.0016 0 30 50 67
E3 0.0015 376 11 455 181
C3 0.0015 297 3 345 57
C3 0.0014 428 46 453 104
D2 0.0014 107 -3 458 111
C3 0.0014 374 9 453 172
C3 0.0013 284 0 350 62
C2 0.0012 123 5 156 40
H0 0.0011 8 -56 109 2
Q0 0.0011 28 29 182 197
E3 0.0011 36 18 412 228
B0 0.0010 91 -3 461 113
Q0 0.0010 2 -35 459 108
