C3 0.6345 231 130 320 201
D2 0.4663 137 156 203 204
B2 0.3519 126 188 175 223
C2 0.2501 139 76 221 161
D2 0.2336 167 162 266 236
C2 0.1649 140 116 221 160
C3 0.1488 243 107 284 150
C3 0.1390 166 162 267 236
B2 0.0977 133 155 203 203
C3 0.0751 133 156 203 203
C3 0.0522 142 79 204 124
C3 0.0404 141 116 207 161
C3 0.0304 203 138 240 166
C2 0.0282 142 80 204 123
C3 0.0164 124 187 177 225
D2 0.0159 357 72 400 161
C3 0.0139 49 25 363 268
D2 0.0123 50 24 362 274
D2 0.0103 18 15 82 158
D2 0.0076 126 188 176 223
D2 0.0056 370 73 399 155
D2 0.0039 140 77 214 142
D2 0.0039 352 48 401 200
A2 0.0037 0 176 92 280
C2 0.0030 230 131 321 201
G3 0.0028 0 55 38 84
B2 0.0026 394 160 400 217
C3 0.0024 168 194 262 235
D2 0.0019 385 158 400 209
D2 0.0018 186 153 265 225
D2 0.0017 204 166 260 200
D2 0.0017 375 159 400 210
D2 0.0016 5 186 44 257
D2 0.0015 373 22 400 73
D2 0.0015 166 189 265 234
C3 0.0015 203 166 240 198
B2 0.0015 386 160 400 213
D2 0.0014 21 31 66 137
D2 0.0014 381 9 400 79
C3 0.0013 138 143 158 162
B2 0.0013 379 174 401 281
B2 0.0011 390 106 400 252
B2 0.0010 373 236 401 278
D2 0.0010 384 18 399 91
