D2 0.0847 69 86 258 309
E2 0.0665 73 86 256 311
C3 0.0645 77 107 253 304
E0 0.0562 70 91 269 309
A2 0.0351 58 89 284 306
H3 0.0223 -11 -3 322 411
Q0 0.0176 -11 -6 330 414
D2 0.0163 -14 -2 326 415
E0 0.0109 -10 -1 323 413
A3 0.0071 64 87 272 309
Q0 0.0068 13 78 321 380
H3 0.0027 76 79 313 309
C3 0.0025 75 117 162 296
E2 0.0025 42 80 326 321
F2 0.0020 58 85 292 279
C3 0.0015 59 73 324 331
Q0 0.0012 193 375 318 418
E0 0.0012 37 175 276 374
C3 0.0012 37 186 274 375
G3 0.0011 179 374 317 416
H3 0.0011 126 69 318 367
G0 0.0010 198 370 321 417
E2 0.0010 78 135 317 389
