C3 0.9586 223 68 531 269
C3 0.9560 3 190 424 414
C3 0.9437 130 -1 464 196
C3 0.8744 412 155 579 430
C3 0.2636 606 127 639 158
C3 0.1223 499 0 637 134
C3 0.1166 69 0 234 117
C3 0.0190 211 -2 342 59
E0 0.0086 215 0 335 59
C3 0.0079 617 125 639 163
E0 0.0060 221 0 312 30
K0 0.0052 0 0 107 136
C3 0.0039 614 116 639 212
H0 0.0038 222 0 302 26
C3 0.0038 1 0 107 136
C3 0.0023 628 104 640 218
C3 0.0020 473 -147 649 -1
E0 0.0020 502 0 639 131
B0 0.0019 225 0 303 24
A3 0.0017 228 0 311 23
C3 0.0011 632 88 640 249
C3 0.0011 624 81 641 176
F2 0.0011 604 48 639 379
