O0 0.0389 9 48 308 324
E3 0.0333 11 45 308 325
E0 0.0331 20 42 297 290
M0 0.0290 8 48 310 323
B0 0.0271 36 39 291 287
B0 0.0255 -4 87 319 325
E0 0.0247 -4 67 326 335
C3 0.0191 -14 51 314 285
H3 0.0144 22 41 283 267
Q0 0.0077 8 47 312 321
R0 0.0070 -1 270 351 389
F2 0.0062 18 158 303 322
F2 0.0050 20 89 324 345
E3 0.0048 -7 276 329 386
C3 0.0048 21 44 276 243
B0 0.0043 28 156 300 331
P0 0.0039 32 179 291 335
E3 0.0033 22 351 287 387
E0 0.0021 91 75 305 332
H3 0.0019 0 39 344 383
B0 0.0019 6 41 239 324
K0 0.0016 73 50 248 119
C3 0.0016 80 49 235 119
K0 0.0013 -24 73 295 323
Q0 0.0013 -3 273 341 390
