Q0 0.0977 29 70 280 241
A0 0.0937 30 67 282 247
H3 0.0275 25 66 285 242
G3 0.0221 -2 238 46 270
E0 0.0210 28 67 283 243
R0 0.0108 46 66 277 175
E2 0.0099 12 67 279 268
C2 0.0087 14 239 44 258
B0 0.0087 0 238 44 271
B3 0.0073 0 238 44 272
G3 0.0068 248 181 283 193
B2 0.0068 47 68 281 191
E2 0.0060 31 101 278 241
F2 0.0056 50 149 269 241
D1 0.0050 56 150 261 240
F2 0.0048 41 107 272 246
C3 0.0037 0 238 44 272
F2 0.0036 36 53 293 212
Q0 0.0036 -3 202 290 276
Q0 0.0035 3 158 288 277
A3 0.0033 0 239 44 270
O0 0.0033 276 268 286 277
K0 0.0029 0 237 44 270
C0 0.0028 0 239 44 270
B2 0.0025 259 1 287 127
Q0 0.0024 27 25 293 199
A3 0.0024 52 65 276 182
C0 0.0022 37 60 280 200
Q0 0.0021 0 248 260 279
C3 0.0021 248 181 283 193
B2 0.0021 270 10 286 150
E2 0.0020 47 142 260 235
G3 0.0019 -2 235 40 279
J0 0.0018 33 61 282 191
G3 0.0017 0 180 44 274
M0 0.0017 24 77 286 249
B1 0.0015 277 267 286 274
K0 0.0015 0 189 44 271
B2 0.0014 234 71 281 198
G3 0.0014 0 245 38 268
P0 0.0014 0 237 43 272
Q0 0.0013 -3 227 295 276
B2 0.0013 22 63 341 207
C3 0.0013 271 253 287 274
G3 0.0012 9 239 44 264
G3 0.0012 26 132 66 153
C3 0.0012 26 134 66 154
E2 0.0012 -19 27 327 287
C2 0.0012 277 266 287 274
F2 0.0011 50 160 254 266
D1 0.0011 24 61 271 208
Q0 0.0010 32 160 283 234
B2 0.0010 277 57 287 188
G3 0.0010 247 181 284 199
