C3 0.9290 37 0 280 171
C3 0.8960 19 207 178 354
C3 0.2101 171 205 325 354
A3 0.0893 173 204 326 353
I3 0.0230 133 333 193 353
P0 0.0221 172 207 325 353
I3 0.0204 22 209 174 353
C3 0.0162 131 333 195 353
P0 0.0160 24 210 176 354
O0 0.0095 173 206 324 355
C3 0.0082 97 334 195 353
C3 0.0063 19 341 93 354
O0 0.0047 23 209 172 353
C3 0.0046 55 333 199 353
K0 0.0034 177 207 325 354
C3 0.0034 0 1 28 19
C2 0.0026 256 340 324 353
C3 0.0023 92 320 196 353
C3 0.0020 13 343 124 354
C3 0.0018 125 336 236 353
C3 0.0013 -4 0 41 18
C3 0.0013 266 339 328 353
C2 0.0012 244 339 338 353
C3 0.0011 8 336 112 353
C3 0.0011 18 334 169 354
E3 0.0011 38 0 278 171
C3 0.0010 32 338 205 353
