H3 0.0800 101 27 489 310
A0 0.0703 68 -6 534 384
B0 0.0636 74 2 300 312
A0 0.0548 87 18 464 312
E0 0.0491 105 30 498 313
Q0 0.0345 67 -2 532 382
H3 0.0267 70 0 298 305
H3 0.0200 225 -16 527 301
C3 0.0178 89 3 305 317
C3 0.0173 78 26 502 316
A0 0.0153 111 -10 517 231
R0 0.0146 119 -6 481 220
R0 0.0134 147 108 507 392
R0 0.0128 75 -11 537 390
C3 0.0093 0 346 138 387
H3 0.0088 110 -4 469 216
B3 0.0079 78 8 301 353
H3 0.0067 0 345 139 387
C3 0.0066 118 172 450 391
H3 0.0061 114 148 456 397
H3 0.0055 76 -21 557 349
E0 0.0048 0 346 138 387
H3 0.0035 107 -1 347 282
H3 0.0032 65 13 256 397
C3 0.0031 133 79 500 403
F2 0.0026 289 -86 568 50
C3 0.0025 46 14 572 386
C2 0.0024 -14 348 139 386
C3 0.0023 231 172 267 246
I3 0.0019 247 -21 538 352
Q0 0.0014 0 185 166 382
R0 0.0014 222 -15 535 372
J0 0.0011 127 55 529 339
