L0 0.1391 101 82 336 316
C0 0.1302 378 120 424 283
C3 0.1278 102 86 330 312
E0 0.0875 2 4 436 384
E0 0.0716 16 145 69 306
E0 0.0644 97 81 347 313
F0 0.0609 91 70 343 312
E0 0.0584 379 120 423 282
C3 0.0342 175 359 324 386
C3 0.0342 17 145 70 304
H3 0.0262 3 0 436 388
E0 0.0258 18 47 294 338
Q0 0.0251 5 1 449 382
A3 0.0127 176 359 325 386
E0 0.0081 70 28 379 317
O0 0.0065 9 5 435 389
C3 0.0060 22 61 290 351
O0 0.0042 171 359 324 390
C0 0.0041 376 73 430 289
H3 0.0040 17 135 71 312
E0 0.0037 237 34 425 332
N0 0.0033 379 103 419 279
E0 0.0030 31 8 343 255
C0 0.0028 394 103 428 299
C3 0.0025 96 -1 406 300
E0 0.0023 129 -6 403 281
C3 0.0023 27 -12 333 293
H3 0.0022 244 12 426 343
E0 0.0019 13 38 203 344
B0 0.0017 25 1 440 378
E0 0.0016 363 101 424 288
H3 0.0014 373 53 431 288
L0 0.0013 177 354 327 385
H3 0.0012 79 38 332 338
C0 0.0011 372 110 424 331
E0 0.0011 24 11 243 304
E0 0.0011 7 119 67 321
O0 0.0011 76 358 358 407
H3 0.0010 32 -31 317 346
H3 0.0010 29 0 339 240
