E0 0.0764 34 -3 502 345
A3 0.0728 146 30 529 345
O0 0.0614 39 -6 503 347
F2 0.0610 93 33 511 335
A3 0.0458 259 38 503 352
D2 0.0442 28 -4 516 345
Q0 0.0416 24 -1 529 345
A2 0.0403 31 20 426 352
C3 0.0348 250 39 502 349
A3 0.0192 6 44 481 348
D2 0.0181 41 12 373 347
F2 0.0176 -4 16 607 340
C3 0.0174 112 38 534 346
G3 0.0114 303 93 385 185
A2 0.0100 127 57 507 337
F2 0.0091 10 -18 492 285
D2 0.0088 54 1 438 270
C3 0.0076 47 9 358 349
E2 0.0022 40 0 420 282
C3 0.0022 189 95 495 367
B2 0.0017 187 188 359 324
F2 0.0016 188 181 354 325
A2 0.0015 135 116 358 332
D2 0.0015 224 220 370 325
F2 0.0015 -75 -25 679 296
B2 0.0014 228 223 355 324
F2 0.0012 147 80 444 348
Q0 0.0012 152 -100 394 0
F2 0.0012 154 119 374 333
C3 0.0010 40 11 256 341
