C3 0.9352 15 15 134 126
C3 0.9273 188 161 247 231
C3 0.9163 124 73 186 143
C3 0.9122 89 129 143 183
C3 0.8550 172 144 197 161
C3 0.8238 0 101 53 249
C3 0.7936 87 0 226 26
C3 0.6905 160 236 209 260
C3 0.5848 70 163 84 186
C3 0.3193 162 235 244 258
C3 0.0981 149 235 223 258
F2 0.0098 160 235 258 258
D2 0.0087 163 235 254 258
C3 0.0079 152 225 259 258
C3 0.0058 133 0 245 15
C2 0.0055 86 0 215 22
C3 0.0038 0 161 3 221
D1 0.0026 161 236 261 259
D2 0.0024 239 193 259 250
C2 0.0024 0 213 4 259
C3 0.0022 71 173 81 187
C3 0.0020 101 234 229 259
C3 0.0020 0 215 7 260
C3 0.0019 0 157 4 207
C3 0.0017 145 0 259 12
C3 0.0017 160 0 219 11
C3 0.0016 0 157 7 211
C3 0.0012 0 207 4 257
D2 0.0011 16 15 133 127
C3 0.0011 139 0 255 23
C3 0.0011 0 218 5 261
C3 0.0010 0 156 7 231
