C3 0.8354 99 47 263 230
C3 0.2555 52 82 127 167
C3 0.2330 0 31 90 261
C3 0.2279 85 235 262 262
H3 0.0384 73 234 263 263
F0 0.0294 84 234 263 263
I3 0.0272 74 235 262 263
C3 0.0246 2 229 260 262
C3 0.0238 132 0 264 86
A3 0.0207 81 235 268 263
H3 0.0167 0 78 91 267
C0 0.0114 87 235 266 263
J0 0.0097 0 0 260 176
E0 0.0081 86 233 261 263
H3 0.0081 101 49 262 230
C3 0.0069 102 126 262 231
J0 0.0027 0 0 256 82
K0 0.0021 -5 214 260 264
J0 0.0017 0 0 157 86
C3 0.0017 77 219 264 262
D2 0.0017 134 0 262 128
H3 0.0014 -5 0 95 13
D1 0.0014 -6 228 259 263
C3 0.0014 46 22 259 239
Q0 0.0012 131 0 260 73
H3 0.0012 0 210 56 262
H3 0.0011 -2 0 122 19
C3 0.0010 -4 210 257 263
J0 0.0010 0 89 89 264
