C3 0.7959 298 305 580 671
C3 0.7844 -2 307 291 679
C3 0.2354 36 0 501 37
H3 0.1571 -4 308 294 676
H3 0.0934 298 312 577 669
F0 0.0581 116 0 443 35
C3 0.0273 20 -2 558 92
C3 0.0232 22 -1 468 50
E0 0.0215 0 0 561 65
B3 0.0195 23 0 564 61
Q0 0.0082 1 450 576 892
L0 0.0059 62 0 563 43
C3 0.0058 102 1 447 30
L0 0.0050 -61 0 553 74
H3 0.0046 68 0 564 45
K0 0.0039 153 0 572 32
O0 0.0027 50 -2 497 69
H3 0.0024 117 0 494 30
C3 0.0014 78 0 389 36
K0 0.0014 -51 0 388 40
C3 0.0013 330 298 434 383
C3 0.0012 -6 2 93 80
K0 0.0010 0 0 230 67
K0 0.0010 -3 0 341 58
H3 0.0010 81 -2 553 74
