C3 0.9755 18 0 331 205
D2 0.0879 317 -2 386 382
D2 0.0679 21 0 316 208
C3 0.0324 0 129 46 186
C2 0.0237 0 66 62 137
B2 0.0207 2 162 129 391
H3 0.0161 317 -1 386 343
D2 0.0159 276 1 384 388
D2 0.0133 343 13 385 360
F3 0.0133 322 -4 386 386
D2 0.0128 360 52 385 245
D3 0.0128 0 64 62 138
C3 0.0115 327 6 386 249
C3 0.0103 338 28 369 140
K0 0.0074 327 -2 386 386
D2 0.0074 335 -16 385 242
D2 0.0073 352 20 385 273
J0 0.0036 100 189 242 383
C3 0.0034 0 152 128 384
C3 0.0034 335 11 385 341
J0 0.0029 0 147 134 386
C2 0.0027 0 0 106 70
F3 0.0023 262 0 385 387
C3 0.0023 223 12 335 196
J0 0.0021 0 186 39 266
J0 0.0020 -4 151 246 389
D2 0.0020 364 86 386 258
H3 0.0014 1 34 107 142
C3 0.0014 319 0 385 188
F2 0.0013 294 0 386 55
C3 0.0013 101 192 247 383
C3 0.0012 255 0 389 73
Q0 0.0011 318 0 386 68
D2 0.0011 323 -3 385 187
