C3 0.9586 111 131 253 271
C3 0.9521 306 220 370 333
C3 0.9476 307 14 363 63
C3 0.9241 24 153 72 189
C3 0.9235 281 85 339 131
C3 0.9226 16 74 76 155
C3 0.9149 167 41 260 107
C3 0.9100 117 92 166 129
C3 0.9057 117 55 178 98
C3 0.8982 91 96 114 121
C3 0.8921 225 86 277 126
C3 0.8915 169 112 310 200
C3 0.7985 134 124 161 151
C3 0.2567 1 123 28 332
C3 0.2395 356 55 446 159
C3 0.1383 241 116 311 199
C3 0.1374 158 114 184 133
G3 0.0461 438 197 447 247
C3 0.0446 0 114 20 328
G3 0.0275 442 198 447 243
C3 0.0198 26 141 88 296
C3 0.0170 442 195 447 244
C3 0.0164 437 90 448 251
C3 0.0148 0 -56 123 57
C3 0.0130 168 113 197 132
G3 0.0102 437 193 448 264
C2 0.0089 442 164 447 233
C3 0.0088 0 2 34 68
C3 0.0088 298 47 442 266
C3 0.0072 440 107 448 285
C3 0.0062 440 159 448 278
C3 0.0056 342 -54 444 24
C2 0.0054 0 149 8 331
C3 0.0054 410 -53 446 14
G3 0.0047 443 194 448 262
C3 0.0043 378 -56 445 21
G3 0.0043 433 204 448 237
C3 0.0042 0 2 34 119
C3 0.0042 403 5 447 78
C3 0.0036 438 182 447 247
C3 0.0032 265 67 280 82
B3 0.0030 438 169 447 241
C3 0.0025 -24 -53 283 24
C3 0.0024 95 176 104 183
C2 0.0023 442 132 448 238
C3 0.0022 113 79 124 88
C3 0.0022 0 56 17 316
C3 0.0021 426 62 448 247
C3 0.0017 438 157 447 240
C3 0.0016 31 110 128 325
C3 0.0015 168 57 209 107
C3 0.0015 -33 -56 366 8
C3 0.0015 47 1 96 17
C3 0.0014 93 95 119 125
C3 0.0013 246 -53 440 17
C3 0.0013 32 349 194 393
C3 0.0011 385 -56 451 -24
C3 0.0011 0 -51 33 115
C3 0.0011 413 2 449 21
C3 0.0010 372 -8 444 22
