A2 0.0934 58 30 564 348
E0 0.0692 33 10 514 387
Q0 0.0234 21 10 514 389
A2 0.0228 -22 39 654 419
A2 0.0163 145 170 476 394
E0 0.0146 30 46 346 344
F2 0.0139 58 103 467 355
F2 0.0139 151 166 455 369
F2 0.0132 -2 45 576 387
C3 0.0127 36 23 242 337
A2 0.0123 189 -3 541 378
A2 0.0109 20 112 472 351
H3 0.0094 32 9 520 389
H3 0.0090 35 17 301 345
F2 0.0082 126 137 496 400
F2 0.0070 268 -6 514 371
C3 0.0066 138 110 256 256
A2 0.0066 143 251 448 390
F2 0.0058 204 -33 542 392
A2 0.0052 133 2 465 332
A2 0.0050 296 8 511 388
C3 0.0047 176 141 231 218
C3 0.0040 164 127 245 234
F2 0.0039 159 217 434 333
L0 0.0031 47 13 527 366
C0 0.0030 78 -11 504 366
A2 0.0029 93 101 536 427
F2 0.0025 31 -4 487 284
A2 0.0019 19 49 374 376
C3 0.0016 30 13 360 303
C0 0.0016 5 91 444 325
C3 0.0015 110 115 339 254
F2 0.0014 106 36 376 264
C3 0.0013 257 177 289 208
C3 0.0012 -22 -29 478 296
C0 0.0011 84 83 328 327
C2 0.0011 514 123 532 284
F2 0.0010 23 348 283 462
F2 0.0010 97 113 330 346
F2 0.0010 104 -49 594 372
A2 0.0010 121 -23 534 273
