A3 0.0793 14 92 285 382
A0 0.0545 24 55 277 372
E0 0.0376 12 93 278 363
C2 0.0333 52 336 93 371
C3 0.0303 44 161 262 393
Q0 0.0288 19 37 278 394
K0 0.0206 16 88 269 364
R0 0.0181 24 39 277 396
D2 0.0160 19 37 275 394
C2 0.0142 124 383 161 399
C3 0.0088 14 97 272 381
O0 0.0088 21 44 277 399
G3 0.0087 53 333 268 399
Q0 0.0076 76 18 282 98
C2 0.0072 79 364 124 398
K0 0.0070 23 142 67 305
D2 0.0057 67 118 278 408
B1 0.0046 286 176 351 387
H3 0.0035 72 43 277 338
K0 0.0033 53 334 112 395
K0 0.0033 53 335 150 399
B2 0.0029 70 361 278 400
C3 0.0023 23 138 73 333
B0 0.0022 64 37 285 397
C2 0.0020 75 360 144 397
R0 0.0018 77 24 279 100
B2 0.0017 54 335 154 399
C3 0.0016 22 115 182 370
K0 0.0015 21 119 189 359
C3 0.0013 23 126 121 363
K0 0.0012 23 153 55 300
A3 0.0012 33 46 281 315
B1 0.0012 305 193 352 388
C2 0.0012 76 377 132 398
K0 0.0011 56 334 101 385
Q0 0.0011 62 3 322 102
G3 0.0011 56 337 165 398
E2 0.0010 55 335 150 401
K0 0.0010 79 368 151 400
K0 0.0010 24 132 89 340
