B2 0.2403 185 159 268 346
A2 0.2197 219 176 414 353
A2 0.2169 19 104 209 357
D2 0.2163 16 99 208 358
D2 0.2010 156 62 206 122
C2 0.1781 156 62 206 121
E2 0.1639 0 -1 108 41
D2 0.0897 149 127 189 173
C2 0.0730 63 150 122 211
C2 0.0549 174 69 235 143
C2 0.0428 79 44 139 83
B2 0.0423 258 229 412 353
A2 0.0388 250 189 385 288
C2 0.0386 310 109 364 180
C3 0.0373 0 0 108 41
D2 0.0365 64 152 122 211
C2 0.0352 133 143 168 203
A2 0.0351 165 94 386 335
D2 0.0334 312 111 363 169
F2 0.0324 254 194 410 354
A2 0.0318 107 44 410 347
B2 0.0308 174 69 238 144
D2 0.0300 11 21 413 353
A2 0.0293 211 175 347 322
A2 0.0283 228 173 365 294
A2 0.0271 26 50 223 271
B2 0.0263 326 158 380 243
B2 0.0250 228 178 273 219
B2 0.0249 98 25 275 155
D2 0.0245 205 236 258 277
B2 0.0241 53 12 322 251
C2 0.0225 130 26 211 71
E2 0.0223 175 69 236 142
A2 0.0222 73 61 164 145
B2 0.0209 70 22 298 182
B2 0.0209 206 236 257 276
B2 0.0205 22 132 220 356
C2 0.0192 205 237 259 277
D2 0.0189 176 71 237 144
E2 0.0184 78 54 164 148
D2 0.0177 296 237 412 352
B2 0.0177 132 25 209 72
E2 0.0167 33 11 317 295
D2 0.0158 194 221 268 344
B2 0.0153 119 46 328 214
B2 0.0149 194 217 269 343
G3 0.0149 177 70 234 144
B2 0.0149 77 44 148 96
E2 0.0147 131 25 210 80
C2 0.0147 -7 0 110 40
C2 0.0146 325 160 380 236
C2 0.0145 184 163 248 240
E2 0.0137 80 41 154 117
D2 0.0133 32 212 127 248
C2 0.0128 312 111 362 159
A2 0.0123 225 171 325 276
D2 0.0116 110 217 186 259
C2 0.0115 78 43 144 99
D2 0.0114 17 187 138 250
B2 0.0113 79 60 164 148
C2 0.0110 134 148 198 221
B2 0.0110 177 163 373 350
A2 0.0109 233 106 383 301
E2 0.0104 118 24 264 152
G3 0.0104 356 224 378 243
D2 0.0101 325 158 379 242
D2 0.0099 91 249 146 271
C2 0.0099 108 217 187 261
B2 0.0098 83 10 369 319
B2 0.0098 314 112 360 157
B2 0.0097 139 153 270 348
A2 0.0095 119 69 162 128
D2 0.0088 220 295 268 345
B2 0.0087 129 24 223 139
F2 0.0086 45 11 371 289
C2 0.0081 204 233 264 324
B2 0.0080 282 192 330 234
F2 0.0079 88 34 351 249
A2 0.0079 271 110 380 249
Q0 0.0077 8 -6 479 350
B2 0.0076 219 174 318 292
B2 0.0074 110 215 159 254
C2 0.0074 149 127 189 171
D2 0.0074 126 24 257 151
C2 0.0073 25 211 129 247
B2 0.0073 77 23 236 141
B2 0.0067 20 91 200 252
A2 0.0066 192 144 376 305
A2 0.0063 324 158 379 242
A2 0.0062 65 126 216 332
D2 0.0060 91 219 154 272
B2 0.0059 150 127 187 170
C2 0.0058 283 192 329 233
A2 0.0058 271 190 374 272
A2 0.0057 208 170 347 264
B2 0.0057 112 217 189 259
D2 0.0055 18 143 141 256
B2 0.0053 114 110 284 351
D2 0.0052 91 233 149 270
A2 0.0052 57 57 171 174
D2 0.0051 19 169 163 264
E2 0.0050 1 -65 110 45
C2 0.0050 220 295 269 345
A2 0.0048 223 175 291 252
A2 0.0048 31 52 192 221
B2 0.0047 91 249 145 271
E2 0.0047 72 22 213 139
A2 0.0047 306 110 363 185
B2 0.0047 226 175 283 254
C3 0.0047 84 61 132 107
B2 0.0046 177 151 273 264
E2 0.0043 17 195 125 247
A2 0.0041 94 131 209 297
B2 0.0040 79 44 136 79
E2 0.0040 17 127 193 351
R0 0.0039 330 -2 482 164
A2 0.0039 330 -1 483 164
C3 0.0038 184 165 249 240
B2 0.0038 90 216 159 270
G3 0.0038 219 295 269 345
C2 0.0037 214 264 268 340
B2 0.0037 1 -63 105 40
B2 0.0036 62 49 168 168
A2 0.0036 71 117 293 355
F2 0.0034 19 42 180 243
A2 0.0032 237 103 373 241
B2 0.0032 266 173 384 266
B2 0.0031 156 63 205 115
B2 0.0031 184 159 257 249
Q0 0.0031 330 -1 482 157
G3 0.0030 215 265 268 343
G3 0.0029 269 209 289 228
D2 0.0028 141 149 198 223
G3 0.0028 209 234 266 330
A2 0.0028 166 89 357 220
C2 0.0028 109 216 158 253
B2 0.0027 -1 0 111 40
B2 0.0027 159 133 306 274
D2 0.0026 127 47 304 156
A2 0.0026 188 96 384 252
B2 0.0026 81 61 132 112
L0 0.0025 333 -5 480 174
B2 0.0025 117 78 306 298
B2 0.0025 305 237 412 350
J0 0.0024 330 2 480 168
B2 0.0023 171 75 328 200
B2 0.0023 220 295 267 345
B2 0.0022 123 97 158 127
B2 0.0022 84 94 135 134
A2 0.0022 69 37 223 141
C2 0.0020 91 251 145 271
B2 0.0020 67 155 128 210
G3 0.0020 185 163 248 239
B2 0.0019 215 259 268 342
B2 0.0019 123 70 161 126
B2 0.0019 109 174 143 217
B2 0.0019 18 109 150 254
C2 0.0017 93 215 188 272
B2 0.0017 34 211 124 244
G3 0.0017 149 126 189 173
E2 0.0016 73 29 195 103
B2 0.0016 207 233 268 328
A2 0.0016 259 154 388 282
A2 0.0016 265 210 289 228
Q0 0.0016 0 -13 480 213
D2 0.0015 407 100 438 123
B2 0.0015 90 100 131 132
C3 0.0015 139 148 199 223
A2 0.0013 33 145 251 353
B2 0.0013 215 102 324 195
B2 0.0013 327 161 375 219
C2 0.0013 407 100 437 123
A2 0.0013 79 110 211 256
E2 0.0013 357 225 378 242
E2 0.0012 200 229 269 347
E2 0.0012 78 24 213 89
E2 0.0012 81 95 222 251
J0 0.0012 26 319 112 353
E2 0.0011 106 114 208 234
C0 0.0011 332 0 483 160
E2 0.0011 27 319 112 353
F2 0.0011 20 86 151 222
B2 0.0011 19 204 202 349
B2 0.0011 325 221 370 257
C3 0.0011 27 232 182 354
B2 0.0010 92 66 123 100
E2 0.0010 95 67 119 90
E2 0.0010 2 -69 147 13
B2 0.0010 23 124 85 217
B2 0.0010 335 123 360 151
B2 0.0010 172 195 432 359
Q0 0.0010 12 23 341 347
C2 0.0010 30 320 103 353
