C3 0.5728 2 13 334 245
K0 0.2406 2 174 333 264
K0 0.1192 1 13 327 253
C3 0.0806 164 191 333 268
C3 0.0771 114 17 334 255
K0 0.0358 1 120 332 261
C3 0.0327 0 173 334 264
C3 0.0327 -13 173 221 220
C3 0.0191 55 31 206 166
F3 0.0150 -16 174 222 220
C0 0.0099 -1 178 327 266
C3 0.0077 107 179 329 263
C3 0.0065 -16 173 112 203
C0 0.0057 -17 174 228 221
C0 0.0055 0 175 181 216
C3 0.0042 1 177 196 265
C3 0.0042 0 25 195 226
F2 0.0040 -1 176 326 265
K0 0.0040 126 163 329 264
C3 0.0027 242 71 401 280
C0 0.0025 20 145 281 247
C3 0.0016 54 41 197 216
C3 0.0013 -38 173 172 203
C3 0.0013 0 184 56 253
C3 0.0012 0 166 174 217
C3 0.0010 55 12 270 160
