K0 0.1547 4 166 281 418
C3 0.0986 67 189 215 275
E0 0.0931 10 141 277 286
K0 0.0663 7 245 274 408
C3 0.0649 87 308 232 419
E0 0.0532 62 190 223 273
K0 0.0449 86 307 233 416
C2 0.0416 65 192 221 273
R0 0.0369 -2 13 361 625
C0 0.0281 38 144 278 413
C3 0.0261 19 136 242 286
C0 0.0252 87 306 233 414
C0 0.0234 67 188 229 272
H3 0.0198 -5 -1 361 631
B0 0.0183 -5 -5 355 627
C3 0.0181 57 181 264 274
L0 0.0147 -4 -1 357 632
C0 0.0141 51 190 264 294
O0 0.0140 -2 -4 354 637
H3 0.0134 16 135 279 294
L0 0.0133 23 164 266 373
C3 0.0113 41 271 247 432
E0 0.0112 68 127 361 527
B3 0.0105 55 191 241 289
K0 0.0089 64 110 362 510
C3 0.0082 13 266 269 480
K0 0.0081 30 206 317 458
O0 0.0072 0 65 279 416
Q0 0.0064 -2 492 361 638
C2 0.0046 20 210 76 268
C3 0.0044 0 0 243 98
C0 0.0041 -7 0 244 100
H3 0.0038 0 68 293 309
B0 0.0033 0 11 281 499
C0 0.0030 32 187 335 484
B1 0.0026 -5 0 248 101
R0 0.0025 -3 50 295 304
C2 0.0023 91 310 235 414
Q0 0.0020 -3 0 244 98
C3 0.0017 49 236 331 504
H3 0.0015 58 151 369 541
C2 0.0014 0 594 61 638
Q0 0.0014 -19 534 371 631
K0 0.0012 -4 0 247 99
C0 0.0010 59 0 240 83
B0 0.0010 2 78 274 385
