A3 0.1995 49 51 303 329
B1 0.0890 38 92 295 322
E3 0.0786 35 60 308 317
O0 0.0742 34 60 309 318
K0 0.0465 39 48 300 326
A0 0.0168 30 58 320 321
C3 0.0104 185 222 280 316
C2 0.0084 191 232 273 302
E0 0.0074 62 50 308 314
K0 0.0053 131 54 308 332
C3 0.0031 56 48 303 286
A0 0.0030 0 47 379 379
R0 0.0029 315 341 386 386
K0 0.0027 56 134 285 321
Q0 0.0022 38 60 316 316
K0 0.0018 165 99 308 314
H3 0.0016 5 50 385 380
G3 0.0016 44 311 370 387
Q0 0.0013 319 27 386 176
R0 0.0013 0 314 384 388
Q0 0.0012 58 0 331 29
E2 0.0011 298 284 388 388
C2 0.0010 319 351 373 387
Q0 0.0010 4 1 350 52
