E0 0.2836 0 208 134 420
E0 0.1191 162 258 268 371
H3 0.0651 161 257 268 372
A0 0.0593 13 22 268 243
G0 0.0534 4 0 268 233
F0 0.0496 161 259 268 370
I0 0.0393 3 -1 268 231
R0 0.0351 2 -2 268 232
C3 0.0250 0 215 132 426
C3 0.0231 161 257 269 370
B0 0.0125 -4 5 274 245
C3 0.0090 48 49 263 232
B1 0.0077 11 5 267 248
C3 0.0067 187 169 220 208
O0 0.0067 0 202 133 426
C2 0.0057 187 169 220 208
B2 0.0056 187 169 220 208
C3 0.0053 -4 19 273 243
Q0 0.0051 0 204 133 425
F2 0.0050 0 5 276 240
O0 0.0041 158 265 261 362
B0 0.0029 0 1 272 425
E0 0.0024 149 252 221 376
R0 0.0023 0 0 277 438
Q0 0.0017 -2 388 270 437
C3 0.0014 191 319 211 345
C2 0.0012 0 307 44 409
H3 0.0012 1 -8 278 435
C3 0.0011 162 200 231 223
C3 0.0010 180 329 216 367
E0 0.0010 1 194 93 413
O0 0.0010 157 229 264 391
F2 0.0010 5 205 133 424
A3 0.0010 10 223 134 418
