C3 0.1315 83 121 237 310
E0 0.0782 85 104 236 299
D0 0.0557 61 0 294 66
K0 0.0483 83 105 244 301
R0 0.0407 58 0 298 64
P0 0.0365 79 102 237 313
D2 0.0164 -3 38 276 353
M0 0.0151 -2 37 272 349
G0 0.0136 45 0 302 63
J0 0.0125 75 0 292 68
Q0 0.0091 46 0 304 62
D1 0.0084 65 0 294 48
H3 0.0074 -3 35 274 353
Q0 0.0068 -7 17 298 349
H3 0.0067 52 -1 307 328
K0 0.0055 149 249 267 355
H3 0.0047 44 0 303 113
H3 0.0046 46 0 303 62
B0 0.0037 -3 29 282 351
Q0 0.0036 46 0 312 106
D1 0.0035 80 0 291 33
M0 0.0034 71 98 244 322
D1 0.0033 86 0 294 21
R0 0.0032 62 -5 305 138
H3 0.0031 53 3 304 182
L0 0.0024 31 -3 323 141
B2 0.0023 146 249 265 355
K0 0.0023 164 269 259 348
P0 0.0018 36 70 247 313
N0 0.0018 -5 29 296 351
G3 0.0017 65 54 137 116
K0 0.0016 63 88 213 328
K0 0.0013 192 253 263 343
A0 0.0013 0 34 265 358
C3 0.0013 65 41 177 116
O0 0.0012 81 113 250 326
K0 0.0011 127 102 238 274
Q0 0.0010 -2 0 111 66
I3 0.0010 0 0 80 66
F2 0.0010 64 43 181 116
