E0 0.1714 60 78 298 214
C3 0.0790 62 76 296 218
A2 0.0443 53 101 260 226
C3 0.0371 57 105 259 226
A2 0.0258 34 86 296 211
C2 0.0217 157 151 201 194
F2 0.0209 18 67 253 126
C3 0.0207 105 143 139 165
F2 0.0201 166 73 312 119
C2 0.0193 170 84 205 104
F2 0.0165 7 68 256 202
C3 0.0161 8 66 189 201
F2 0.0150 -22 68 318 137
I3 0.0139 11 68 173 200
B0 0.0133 9 67 179 197
E0 0.0125 0 103 308 364
Q0 0.0112 0 90 305 362
D2 0.0108 -1 102 307 363
F2 0.0105 36 108 244 215
B2 0.0104 167 73 308 123
Q0 0.0096 8 70 309 224
F2 0.0088 7 99 304 129
F0 0.0087 5 66 196 198
H3 0.0087 8 67 180 197
E0 0.0084 5 62 313 238
F2 0.0080 77 123 181 170
F2 0.0079 2 95 289 154
D2 0.0078 8 69 310 227
H3 0.0073 0 97 315 367
E3 0.0071 -1 114 311 364
A2 0.0071 76 119 229 195
C3 0.0060 13 73 145 213
F0 0.0058 0 89 305 361
C2 0.0054 161 84 206 113
A0 0.0052 0 100 310 366
F2 0.0049 35 102 204 179
C3 0.0032 32 97 145 198
F2 0.0030 49 117 163 168
H3 0.0030 154 70 308 214
Q0 0.0028 35 0 322 24
F2 0.0026 58 69 303 157
C3 0.0026 45 119 151 176
F2 0.0023 39 113 183 195
F0 0.0021 153 71 305 207
F2 0.0021 31 108 300 129
F2 0.0018 12 68 153 118
Q0 0.0016 19 1 327 67
C2 0.0016 50 132 108 191
C2 0.0016 158 172 192 195
C3 0.0016 40 93 175 174
Q0 0.0015 4 8 133 97
C3 0.0014 143 69 310 212
B2 0.0014 167 71 306 190
F2 0.0012 168 72 304 185
Q0 0.0012 168 42 323 362
H3 0.0012 4 104 136 361
G0 0.0012 23 337 233 365
B2 0.0012 165 72 288 111
C3 0.0011 129 129 172 163
A2 0.0011 22 55 337 217
Q0 0.0011 7 103 145 359
E2 0.0010 127 71 302 208
