C3 0.6087 33 1 541 195
C3 0.3535 272 244 515 366
C3 0.2816 275 63 367 152
C3 0.2015 0 120 245 366
E0 0.1649 0 123 243 366
C0 0.1009 40 0 557 179
C3 0.0802 528 29 560 234
C3 0.0431 0 118 143 372
D3 0.0229 0 119 138 365
D3 0.0207 5 118 239 365
C3 0.0193 456 153 560 324
C3 0.0165 494 277 560 363
R0 0.0152 0 -11 35 267
C3 0.0148 527 62 561 197
H3 0.0142 2 118 246 364
O0 0.0140 5 118 239 364
H3 0.0128 0 119 143 366
J0 0.0083 450 275 560 367
C3 0.0080 448 276 560 365
J0 0.0079 493 278 560 363
I3 0.0071 0 -29 34 382
C3 0.0062 528 41 560 324
J0 0.0058 279 250 510 365
C3 0.0042 0 -19 34 309
C0 0.0041 482 276 560 363
C3 0.0038 512 20 560 223
D2 0.0036 283 251 510 365
P0 0.0034 493 277 562 370
B0 0.0026 489 132 560 546
H3 0.0023 0 -28 43 329
C3 0.0021 495 33 560 365
D2 0.0019 388 -69 561 123
C3 0.0019 529 257 561 315
E2 0.0019 0 13 36 209
B2 0.0017 496 277 561 363
D3 0.0017 280 226 520 364
C3 0.0017 476 60 559 313
C3 0.0016 539 73 560 350
R0 0.0015 14 149 544 363
C3 0.0015 525 -15 560 184
P0 0.0015 0 -15 31 366
C3 0.0014 0 -5 34 201
C3 0.0014 529 38 562 169
D3 0.0013 10 77 550 364
C3 0.0013 444 2 556 116
C3 0.0013 526 98 562 228
C3 0.0012 443 71 559 359
C3 0.0012 497 -4 558 193
D0 0.0012 531 256 561 326
C3 0.0012 524 139 562 327
C3 0.0011 518 28 560 364
H0 0.0011 0 -2 39 207
C3 0.0011 348 3 539 220
C3 0.0011 487 68 558 253
D3 0.0011 366 -67 563 117
J0 0.0010 530 253 561 318
C3 0.0010 5 123 411 364
C3 0.0010 475 179 561 315
