H3 0.4005 94 105 382 356
D0 0.3225 95 105 384 350
B1 0.1675 89 105 378 358
C0 0.1210 106 103 373 350
B1 0.0331 431 16 474 111
N0 0.0217 431 18 474 111
G3 0.0198 431 18 473 110
E3 0.0190 1 247 279 639
P0 0.0088 428 14 475 113
R0 0.0071 12 -1 285 125
N0 0.0052 92 106 376 349
Q0 0.0051 0 250 277 638
O0 0.0048 80 105 379 362
P0 0.0040 434 22 472 100
B0 0.0031 427 15 472 110
R0 0.0029 208 535 488 635
A3 0.0026 9 231 281 590
Q0 0.0024 22 9 297 107
P0 0.0021 430 26 466 110
Q0 0.0020 19 5 316 70
F3 0.0017 188 591 489 640
B0 0.0016 1 66 378 615
J0 0.0016 0 264 116 514
H3 0.0015 112 108 327 276
C3 0.0012 429 0 475 9
C0 0.0012 258 119 376 346
R0 0.0012 0 262 116 508
