R0 0.3226 116 151 586 536
G0 0.1356 108 122 630 524
C3 0.0539 109 144 583 517
J0 0.0458 90 153 613 516
R0 0.0355 15 38 738 676
C2 0.0114 638 513 723 578
B2 0.0096 634 435 750 660
Q0 0.0073 1 628 735 747
R0 0.0070 6 504 740 753
Q0 0.0050 -1 509 743 753
D2 0.0048 60 538 301 748
C2 0.0044 637 504 753 635
A2 0.0042 627 421 749 664
R0 0.0042 0 636 738 748
Q0 0.0020 5 537 294 745
A2 0.0015 682 440 749 660
B2 0.0015 214 527 702 737
C3 0.0015 467 230 567 380
L0 0.0014 633 442 749 667
R0 0.0013 245 567 743 750
R0 0.0013 219 129 630 504
B2 0.0013 175 544 294 747
K0 0.0013 1 426 36 699
B2 0.0012 650 291 748 697
Q0 0.0012 250 549 746 749
F2 0.0012 633 437 747 659
E2 0.0011 109 542 294 751
K0 0.0011 0 415 32 587
Q0 0.0010 433 -2 701 46
