R0 0.1420 -6 216 641 453
D1 0.1135 -111 216 786 452
R0 0.0726 1 553 745 746
B1 0.0444 39 213 779 485
R0 0.0431 3 207 796 530
A2 0.0410 0 213 814 468
R0 0.0381 3 420 743 745
L0 0.0332 -24 213 804 460
B0 0.0300 0 220 750 476
D1 0.0265 54 206 765 526
F2 0.0168 -26 202 837 475
R0 0.0132 4 221 747 746
B0 0.0131 0 200 751 646
H3 0.0125 2 202 748 739
R0 0.0101 0 572 629 695
D1 0.0090 3 218 574 462
D1 0.0085 -38 168 801 606
R0 0.0077 350 585 753 750
R0 0.0055 1 604 557 748
R0 0.0054 197 595 559 746
G3 0.0045 430 683 441 710
R0 0.0038 -21 657 701 748
C0 0.0037 44 213 800 486
R0 0.0032 -2 554 510 733
R0 0.0027 411 532 765 759
Q0 0.0026 2 38 747 553
Q0 0.0022 5 0 744 266
R0 0.0022 311 671 391 694
R0 0.0022 233 645 755 749
C2 0.0021 310 123 399 155
H3 0.0019 -4 27 747 568
G3 0.0018 413 733 426 750
J0 0.0016 28 162 802 596
Q0 0.0016 -16 559 575 698
Q0 0.0013 1 -2 736 165
R0 0.0012 5 -9 749 563
R0 0.0012 419 671 441 705
R0 0.0012 3 0 750 304
G0 0.0012 486 474 740 750
D1 0.0011 -187 123 993 671
B1 0.0011 713 412 748 746
Q0 0.0011 -12 -3 747 84
R0 0.0011 263 503 758 752
D1 0.0010 -119 159 959 497
Q0 0.0010 37 665 382 747
R0 0.0010 2 -3 735 165
