D0 0.2858 447 24 671 438
G0 0.2468 7 15 673 447
R0 0.0974 7 9 685 451
D1 0.0973 26 21 463 423
D0 0.0954 449 66 600 396
B1 0.0935 24 -4 495 425
H3 0.0790 448 71 590 388
R0 0.0717 26 10 460 424
H3 0.0676 446 47 661 422
C0 0.0571 447 63 595 400
B1 0.0329 57 14 739 425
D1 0.0284 7 112 553 431
H3 0.0169 409 43 611 402
B1 0.0111 -77 -25 805 464
C0 0.0098 442 62 665 439
H3 0.0088 155 12 699 416
D0 0.0073 2 22 453 437
D1 0.0044 13 31 781 517
H3 0.0044 333 6 648 412
D1 0.0031 67 116 691 486
A2 0.0027 74 15 406 351
A3 0.0026 220 435 410 563
R0 0.0022 164 2 658 382
B0 0.0021 225 441 409 559
C2 0.0018 222 435 406 565
D0 0.0016 9 25 307 448
O0 0.0016 221 439 413 557
Q0 0.0015 220 437 409 558
H3 0.0012 -8 3 861 552
B1 0.0012 -40 -69 900 593
E2 0.0012 220 433 407 569
G3 0.0012 223 439 409 558
R0 0.0012 100 116 681 482
K0 0.0011 213 435 405 563
D0 0.0011 521 28 672 429
C2 0.0010 364 172 401 313
