B1 0.2316 48 221 305 728
D0 0.2054 314 163 586 696
R0 0.1737 298 153 591 686
G0 0.1352 35 229 311 700
B1 0.0727 22 70 309 228
B1 0.0534 125 238 307 700
G0 0.0499 305 130 600 682
R0 0.0473 318 661 598 797
B1 0.0440 305 144 593 715
B1 0.0440 317 659 601 798
D1 0.0377 318 664 604 796
G0 0.0236 18 116 564 778
D1 0.0222 -3 232 51 722
C3 0.0219 158 111 209 169
B1 0.0217 -2 262 52 717
D0 0.0206 308 151 495 697
B1 0.0183 33 176 207 746
G0 0.0143 37 195 468 737
D1 0.0116 33 196 171 718
B1 0.0113 184 175 317 719
B3 0.0113 -3 269 51 721
B1 0.0090 75 172 253 232
R0 0.0089 325 -1 611 141
D1 0.0079 73 173 252 232
D1 0.0078 4 670 341 798
R0 0.0077 31 235 312 697
D1 0.0064 -55 650 594 801
R0 0.0060 -7 0 347 126
R0 0.0052 -7 654 598 795
B1 0.0052 120 106 176 136
D1 0.0051 2 -1 347 112
C0 0.0049 237 218 304 255
R0 0.0049 6 -1 341 234
C0 0.0049 59 85 113 144
B1 0.0047 -5 136 84 600
B1 0.0044 33 195 104 726
B1 0.0043 271 126 346 718
G0 0.0041 -6 654 601 798
B1 0.0040 30 122 130 784
J0 0.0040 325 660 593 796
R0 0.0039 -1 121 607 795
C3 0.0039 237 218 303 255
B1 0.0033 285 129 414 715
B1 0.0033 125 108 160 136
B1 0.0032 251 114 327 739
I0 0.0032 -2 660 605 796
B1 0.0032 74 88 214 173
B3 0.0031 -85 270 56 727
D1 0.0030 32 221 94 714
C2 0.0029 159 112 208 169
D1 0.0028 1 67 289 231
B1 0.0028 -16 662 404 799
C0 0.0027 61 215 121 245
E3 0.0027 320 651 596 798
B1 0.0025 31 256 74 711
G0 0.0025 0 77 316 230
D1 0.0022 -87 244 57 724
B1 0.0021 9 181 65 750
B1 0.0018 266 104 381 714
R0 0.0017 337 0 601 47
G0 0.0017 -1 0 332 222
C3 0.0016 0 275 48 336
D1 0.0016 63 214 242 255
C3 0.0015 68 177 118 218
B2 0.0014 158 111 209 169
C0 0.0014 48 84 115 166
R0 0.0014 288 17 527 795
B1 0.0012 279 136 327 718
C0 0.0012 346 0 468 32
D1 0.0012 28 179 316 743
C3 0.0012 62 215 121 245
C3 0.0011 0 86 82 196
G0 0.0011 1 195 50 719
D1 0.0011 0 -6 341 231
E2 0.0011 345 0 473 34
B1 0.0010 93 90 175 166
C3 0.0010 342 0 470 32
C0 0.0010 127 104 154 130
J0 0.0010 67 216 242 256
