C0 0.2572 489 350 654 507
A0 0.1519 -59 64 673 633
H3 0.0994 488 347 656 508
H3 0.0759 3 97 726 655
A0 0.0669 19 163 601 610
O0 0.0545 493 348 649 504
D0 0.0438 1 83 750 646
C0 0.0438 41 129 802 687
G0 0.0432 1 86 745 638
L0 0.0417 5 90 719 661
A2 0.0325 -87 117 723 681
R0 0.0299 0 88 752 682
B1 0.0256 -132 58 829 663
B1 0.0237 -23 80 614 623
Q0 0.0221 6 95 719 645
F2 0.0117 -57 10 777 528
F2 0.0100 -19 68 718 443
C3 0.0097 26 236 605 668
F2 0.0080 -10 210 657 674
H3 0.0069 -103 14 842 705
B3 0.0068 487 327 656 517
F2 0.0060 -43 40 588 650
F2 0.0054 -147 -49 875 677
R0 0.0051 0 480 749 748
N0 0.0047 489 347 652 493
R0 0.0033 6 595 754 750
H3 0.0030 21 88 610 526
C3 0.0030 -28 334 671 656
C3 0.0025 145 677 159 688
Q0 0.0025 7 3 729 249
Q0 0.0024 -8 2 750 138
B0 0.0023 15 48 827 500
J0 0.0023 6 237 748 658
R0 0.0022 18 95 568 509
L0 0.0022 478 334 666 521
F2 0.0021 36 94 658 373
B1 0.0019 302 -13 732 251
C0 0.0019 463 323 609 532
D0 0.0018 32 616 757 749
Q0 0.0016 0 0 750 82
G3 0.0016 5 736 86 750
C2 0.0015 0 -1 56 73
F2 0.0014 -6 0 497 40
F3 0.0014 6 0 735 77
R0 0.0014 465 589 751 747
F3 0.0014 523 572 751 749
E2 0.0013 33 1 296 21
A0 0.0013 26 88 514 542
D1 0.0013 95 0 550 214
G0 0.0013 219 -1 757 66
F2 0.0012 10 1 377 23
B2 0.0012 -4 737 91 750
R0 0.0011 13 1 727 127
Q0 0.0011 196 0 759 123
R0 0.0011 3 262 758 753
