D0 0.3585 17 44 206 228
B1 0.1320 16 41 213 233
Q0 0.0636 20 195 226 399
B0 0.0492 12 41 218 241
Q0 0.0372 11 16 227 400
C3 0.0272 68 8 139 46
Q0 0.0253 19 278 226 398
C2 0.0233 68 9 138 46
C3 0.0117 27 275 226 400
E3 0.0112 19 281 232 400
H3 0.0087 22 272 226 401
H3 0.0081 2 4 227 306
R0 0.0079 51 185 225 331
J0 0.0071 26 276 226 401
H3 0.0070 8 37 211 241
C0 0.0061 30 274 225 401
N0 0.0060 7 21 219 226
O0 0.0053 9 32 215 225
M0 0.0049 3 9 221 297
J0 0.0038 52 184 224 335
C0 0.0035 42 -2 177 48
C0 0.0029 0 -4 239 52
F2 0.0026 0 1 222 122
C0 0.0023 69 8 139 46
H3 0.0021 25 194 218 399
C2 0.0021 70 10 109 46
H3 0.0020 46 111 228 348
N0 0.0020 4 6 185 306
R0 0.0019 37 129 221 371
C3 0.0018 37 134 220 385
K0 0.0016 69 8 138 45
C0 0.0015 0 11 139 306
B2 0.0015 0 12 82 348
Q0 0.0015 70 186 223 370
C3 0.0015 207 80 224 121
C0 0.0014 25 213 224 399
E3 0.0014 -1 17 94 311
H0 0.0014 56 4 224 137
C0 0.0013 37 84 231 370
Q0 0.0013 64 63 223 368
N0 0.0011 50 7 224 126
J0 0.0011 33 141 220 393
G3 0.0010 207 81 224 121
