I3 0.3608 51 0 250 193
B0 0.1239 50 0 248 196
O0 0.1132 51 -1 252 195
D0 0.0670 8 3 753 720
D1 0.0521 175 -78 515 739
G0 0.0472 192 3 732 738
D1 0.0283 119 -156 615 799
I0 0.0278 171 2 736 726
H3 0.0263 3 -8 758 740
R0 0.0205 166 4 742 708
H0 0.0194 3 -6 754 746
B1 0.0184 148 50 590 673
A2 0.0172 56 -92 750 768
K0 0.0170 105 181 222 438
D1 0.0151 132 1 455 712
C0 0.0136 48 124 751 673
C0 0.0134 156 112 589 646
F2 0.0134 60 -47 677 739
B1 0.0127 63 53 726 697
M0 0.0118 43 0 251 196
D0 0.0115 145 88 533 666
A2 0.0105 8 195 834 675
H3 0.0099 105 185 221 439
P0 0.0088 48 -2 250 197
D1 0.0080 91 46 443 560
E3 0.0062 0 416 415 752
E0 0.0062 735 8 750 133
C3 0.0049 704 219 750 277
A2 0.0049 -57 -150 893 836
C0 0.0048 120 -20 760 753
I3 0.0047 46 -2 378 197
N0 0.0044 42 2 260 196
R0 0.0043 162 -25 648 535
E2 0.0040 268 -48 738 615
R0 0.0036 276 -70 729 611
I3 0.0036 106 179 222 439
E0 0.0034 736 9 749 94
E3 0.0032 2 154 223 481
C0 0.0031 632 -1 749 283
C3 0.0031 137 501 205 538
A3 0.0028 5 403 414 745
C3 0.0028 735 -14 750 159
A2 0.0025 125 285 711 681
E2 0.0025 227 -152 791 754
C0 0.0025 676 -97 752 564
D1 0.0024 162 -31 645 542
C0 0.0024 724 5 749 256
B1 0.0024 37 -57 840 763
C0 0.0023 730 8 750 204
B0 0.0023 649 3 749 722
K0 0.0022 130 188 218 396
L0 0.0022 109 17 766 786
K0 0.0020 702 263 749 630
A2 0.0020 106 93 855 766
H3 0.0020 671 3 749 735
G0 0.0020 1 424 413 753
H3 0.0019 12 153 224 463
K0 0.0019 5 153 216 447
H3 0.0019 284 -54 724 526
Q0 0.0019 690 -7 749 764
C3 0.0017 735 2 750 100
C0 0.0016 677 0 744 290
R0 0.0015 67 -202 809 704
Q0 0.0015 700 235 748 705
H3 0.0015 0 28 426 747
Q0 0.0014 4 425 411 754
C3 0.0014 120 141 635 650
H0 0.0014 3 403 411 737
D1 0.0014 162 685 651 753
E3 0.0014 5 52 425 745
D1 0.0013 286 0 644 20
C2 0.0013 330 588 405 669
R0 0.0012 694 263 749 753
B3 0.0012 10 -4 268 195
B0 0.0012 641 3 751 278
D1 0.0012 475 -29 758 671
B0 0.0012 3 -6 692 204
R0 0.0011 651 -7 751 766
R0 0.0011 -2 413 426 753
J0 0.0011 644 0 749 300
A2 0.0011 241 -77 748 540
B0 0.0011 40 692 747 753
Q0 0.0011 8 692 748 753
C0 0.0010 2 409 418 749
D0 0.0010 637 -3 752 277
D1 0.0010 75 261 734 698
D0 0.0010 693 285 749 753
C0 0.0010 101 686 684 754
C3 0.0010 698 231 750 715
