R0 0.1728 1 -13 513 912
G0 0.1403 0 -5 507 925
D0 0.0459 11 221 465 963
D1 0.0432 -7 -21 484 914
Q0 0.0307 -3 -5 514 934
B1 0.0209 -14 172 463 967
B3 0.0048 166 -120 512 1081
D1 0.0045 135 -92 504 1034
C0 0.0023 155 0 362 109
Q0 0.0022 -208 140 -64 846
C3 0.0022 554 -4 595 144
E3 0.0021 -7 880 574 1017
F3 0.0020 -15 935 595 1022
K0 0.0019 -25 -92 468 900
C2 0.0019 154 2 359 106
Q0 0.0019 -208 262 -107 806
C3 0.0017 154 0 375 113
Q0 0.0016 -214 7 26 922
H3 0.0016 155 0 370 112
K0 0.0015 189 -57 504 935
H3 0.0014 36 -123 498 743
R0 0.0013 30 -136 506 713
D1 0.0012 8 -56 309 949
F3 0.0012 38 954 562 1027
R0 0.0012 157 0 363 110
