G0 0.2242 -2 6 747 541
R0 0.1267 0 25 748 542
Q0 0.0280 0 3 745 546
R0 0.0238 -7 531 634 756
A2 0.0130 20 116 652 596
D1 0.0102 320 -1 755 83
G0 0.0069 344 0 748 81
R0 0.0069 26 574 749 746
C1 0.0064 -2 532 614 696
R0 0.0063 -3 676 649 751
B0 0.0063 -5 536 613 679
R0 0.0054 -9 615 608 746
F3 0.0051 -4 537 614 695
B1 0.0048 36 50 741 621
A2 0.0042 -36 13 694 676
B1 0.0037 6 -60 822 723
D1 0.0035 4 0 303 80
R0 0.0033 58 135 806 581
J0 0.0033 -50 143 762 615
I0 0.0032 340 0 752 80
Q0 0.0032 -5 521 634 704
R0 0.0031 170 679 750 753
F3 0.0031 0 540 51 554
F2 0.0031 -23 4 714 658
D1 0.0030 6 0 289 37
R0 0.0030 232 529 758 766
R0 0.0029 -5 695 571 753
R0 0.0028 251 589 747 744
C0 0.0028 0 -14 718 649
C3 0.0027 -2 537 55 552
R0 0.0025 344 0 760 79
R0 0.0023 392 531 765 752
J0 0.0023 110 226 757 559
F3 0.0022 -4 -1 745 97
C2 0.0020 109 363 149 395
R0 0.0020 0 1 750 101
D0 0.0020 267 687 721 750
C3 0.0019 246 565 297 597
Q0 0.0018 -11 0 313 99
C0 0.0018 106 172 159 407
H3 0.0017 -4 7 765 760
R0 0.0017 8 636 486 764
Q0 0.0017 20 699 419 751
C1 0.0015 -5 0 746 112
D1 0.0014 1 0 171 40
C1 0.0014 80 542 664 669
C1 0.0013 -6 1 327 97
R0 0.0013 487 462 751 790
F3 0.0012 -18 -4 335 108
B1 0.0011 106 170 160 409
G3 0.0011 -2 539 54 552
C2 0.0011 111 179 154 209
G0 0.0011 467 542 749 753
