D0 0.1081 13 155 359 735
C2 0.0414 207 256 259 401
R0 0.0324 9 -3 426 724
D1 0.0315 5 -67 428 680
E3 0.0305 0 0 429 726
C3 0.0267 207 260 259 408
C2 0.0267 184 0 267 35
A0 0.0227 7 1 426 726
D1 0.0208 -45 35 468 781
D2 0.0188 391 0 429 32
D0 0.0133 10 0 426 724
R0 0.0127 -4 -124 206 643
B0 0.0119 16 -79 388 732
B1 0.0118 2 -3 253 723
P0 0.0112 11 -89 403 718
P0 0.0102 -3 -153 205 622
B2 0.0099 286 60 431 768
H0 0.0097 -6 -124 212 651
B1 0.0088 -2 -9 431 723
B2 0.0084 306 -142 433 821
K0 0.0083 30 -99 428 662
D2 0.0081 -6 -114 208 590
P0 0.0080 280 39 429 795
D1 0.0075 -61 -191 507 976
G0 0.0073 4 1 433 728
D1 0.0070 283 21 429 846
P0 0.0054 316 -101 433 708
N0 0.0054 -2 -3 204 562
B3 0.0046 55 -88 438 753
B3 0.0035 -2 -117 230 725
D2 0.0033 183 0 265 35
G0 0.0032 264 0 428 733
B1 0.0032 261 2 430 732
E2 0.0031 320 0 430 29
B2 0.0029 329 -83 434 671
R0 0.0029 271 -16 425 744
E3 0.0027 -4 0 204 553
E3 0.0027 214 0 431 740
D1 0.0024 326 -105 433 627
D1 0.0024 6 33 343 799
E2 0.0022 -2 -78 167 758
B2 0.0022 185 0 265 34
C2 0.0021 0 464 62 546
D0 0.0019 21 312 328 729
N0 0.0019 3 -7 425 732
N0 0.0018 255 -3 432 748
A0 0.0017 231 3 430 728
H0 0.0015 -1 15 160 662
D1 0.0014 206 -13 433 871
P0 0.0014 200 -7 439 828
H0 0.0014 274 132 431 798
D2 0.0013 348 0 429 32
C2 0.0013 0 527 43 676
R0 0.0012 183 1 430 729
C2 0.0011 -2 417 71 547
E2 0.0010 290 0 427 37
B3 0.0010 -60 -137 314 703
F2 0.0010 56 -25 423 539
K0 0.0010 -154 540 20 740
