R0 0.1487 27 1 695 975
Q0 0.0444 18 -7 689 981
G0 0.0374 9 1 682 977
A2 0.0305 7 -141 744 825
A2 0.0264 -13 151 734 947
H3 0.0247 25 -53 738 889
A2 0.0147 39 -44 698 620
R0 0.0116 112 273 718 994
E2 0.0083 44 133 731 987
D2 0.0082 64 96 713 862
A2 0.0080 -19 49 805 1180
R0 0.0063 61 630 699 998
H3 0.0062 83 8 658 553
C0 0.0058 17 -115 706 986
C3 0.0048 688 -1 751 85
H3 0.0039 134 234 731 1006
E2 0.0037 28 -35 685 597
C3 0.0035 628 872 750 982
A2 0.0034 -197 38 900 915
A2 0.0032 26 409 719 976
C0 0.0026 -164 -114 830 1067
H3 0.0024 -107 -130 748 1080
A3 0.0022 -21 -79 682 859
C3 0.0018 0 582 75 668
C0 0.0017 465 958 682 1000
R0 0.0016 4 593 465 995
F2 0.0015 -76 -171 744 897
E2 0.0014 329 -54 733 1043
A2 0.0013 268 543 474 703
B2 0.0013 362 -96 715 1034
C0 0.0013 -7 57 94 869
R0 0.0012 138 509 667 1001
C2 0.0012 40 129 131 425
B1 0.0011 -88 94 719 1107
R0 0.0011 -3 -4 95 781
Q0 0.0011 -28 609 761 996
C3 0.0010 75 -4 657 448
C0 0.0010 3 30 151 912
C2 0.0010 626 871 753 984
C0 0.0010 547 873 746 998
D2 0.0010 139 -109 749 959
