D0 0.3603 113 182 632 914
Q0 0.0397 -9 -9 763 966
G0 0.0282 139 101 659 929
R0 0.0260 -13 -6 767 977
G0 0.0251 -9 -3 764 963
H3 0.0168 95 158 689 875
E3 0.0151 -18 -7 744 989
Q0 0.0134 -2 2 475 917
C0 0.0132 129 173 637 989
D0 0.0109 -12 34 624 1025
D1 0.0077 -44 -67 675 698
H3 0.0056 20 -8 758 997
Q0 0.0047 120 80 664 955
C0 0.0044 -43 54 559 961
Q0 0.0042 -9 -1 449 242
C0 0.0036 4 118 442 888
K0 0.0036 78 81 529 972
C3 0.0032 -182 -84 794 804
R0 0.0027 -12 -62 433 604
R0 0.0025 -70 -164 571 831
B3 0.0025 -179 -171 844 834
B3 0.0025 21 -35 737 641
H3 0.0022 -69 44 625 918
R0 0.0021 5 -48 358 827
D0 0.0020 284 137 659 969
C3 0.0019 0 -1 177 223
E2 0.0019 57 -29 764 612
H3 0.0014 230 176 649 796
B0 0.0011 93 -35 735 579
Q0 0.0011 -1 -1 447 482
F2 0.0010 79 -31 675 588
