D1 0.1984 33 58 548 641
D1 0.1263 -13 48 622 795
D1 0.0904 -124 -7 742 870
G0 0.0829 112 39 602 740
C2 0.0579 587 689 702 749
D0 0.0556 24 32 628 745
H3 0.0292 64 17 535 577
A3 0.0278 629 472 749 665
B0 0.0272 24 1 729 741
D1 0.0245 153 -22 586 762
A3 0.0216 574 437 749 749
F2 0.0206 617 80 750 369
A2 0.0193 473 80 749 429
R0 0.0153 56 151 575 755
K0 0.0141 549 265 751 733
B2 0.0135 645 79 750 289
A0 0.0126 233 -2 700 171
C3 0.0113 0 689 54 750
A0 0.0100 572 444 749 748
A2 0.0089 460 66 747 580
A2 0.0088 614 81 750 373
A2 0.0086 628 474 749 672
A0 0.0085 72 201 594 737
L0 0.0085 466 75 755 392
F2 0.0082 645 81 749 280
A2 0.0081 562 80 747 409
C0 0.0078 527 54 749 658
C2 0.0075 0 688 55 750
L0 0.0073 482 19 747 695
C3 0.0070 573 465 748 750
B1 0.0069 30 149 615 764
H3 0.0068 449 75 743 574
D1 0.0061 112 -35 310 813
H3 0.0058 236 -5 701 169
E3 0.0048 464 74 751 744
K0 0.0046 -1 674 58 751
A2 0.0044 535 86 747 536
J0 0.0044 252 -2 688 183
Q0 0.0044 467 57 750 743
D1 0.0043 64 -45 491 737
K0 0.0043 488 197 612 588
K0 0.0041 76 -2 592 90
H3 0.0041 469 83 755 414
A3 0.0041 546 233 752 744
K0 0.0037 546 304 657 693
C3 0.0037 470 -3 751 195
D2 0.0036 466 72 753 748
C2 0.0035 641 482 750 623
D1 0.0034 71 188 556 753
P0 0.0032 588 687 698 751
C3 0.0032 588 690 699 748
H3 0.0030 43 -3 615 78
D0 0.0030 170 -76 590 744
B2 0.0030 546 254 751 679
C0 0.0029 231 93 630 706
D1 0.0029 261 85 592 788
L0 0.0029 544 220 749 742
H3 0.0029 3 -1 740 458
H3 0.0029 249 -9 701 279
F2 0.0028 544 232 752 707
O0 0.0028 588 687 699 751
C3 0.0028 573 -1 746 134
H3 0.0027 149 0 575 62
F2 0.0027 549 306 749 501
A3 0.0026 25 178 647 766
J0 0.0026 72 270 601 740
H3 0.0026 185 -24 758 326
B3 0.0026 92 -67 401 745
H3 0.0025 30 -1 745 184
E3 0.0025 563 392 753 747
C3 0.0024 0 650 52 756
K0 0.0023 0 48 139 797
C2 0.0023 534 461 604 588
G0 0.0022 543 105 753 751
F2 0.0021 544 174 750 582
H3 0.0020 2 0 741 287
G0 0.0020 566 330 754 749
K0 0.0020 135 -2 574 62
K0 0.0019 609 300 749 732
D1 0.0019 77 13 399 835
H3 0.0019 102 38 498 468
F2 0.0018 472 2 750 193
B3 0.0018 221 106 635 715
C3 0.0017 103 271 553 743
B0 0.0017 4 0 748 487
C3 0.0016 289 -5 709 171
K0 0.0016 564 441 649 675
C3 0.0015 0 679 75 751
D0 0.0013 3 89 272 749
P0 0.0013 225 -5 613 269
F2 0.0013 585 51 753 703
H3 0.0013 149 -18 578 269
B0 0.0012 232 0 746 168
F2 0.0012 604 75 754 528
K0 0.0012 261 0 540 60
F0 0.0012 587 688 699 750
K0 0.0012 565 436 750 752
Q0 0.0012 239 0 746 167
D0 0.0012 3 78 439 752
N0 0.0011 139 199 618 747
F2 0.0011 484 52 752 746
C0 0.0011 2 -2 101 262
D0 0.0011 236 220 598 742
K0 0.0011 586 557 750 750
K0 0.0010 530 235 689 735
D2 0.0010 0 494 58 752
B2 0.0010 735 161 750 226
C3 0.0010 634 486 751 637
K0 0.0010 480 166 730 647
A3 0.0010 578 556 750 751
H3 0.0010 266 -3 687 66
F2 0.0010 477 74 745 192
R0 0.0010 1 82 156 755
F2 0.0010 527 65 745 345
J0 0.0010 30 154 654 787
