D0 0.5910 151 108 375 249
B1 0.2559 415 154 491 276
C0 0.1238 416 154 491 274
H3 0.1102 416 153 491 278
C0 0.0693 159 105 376 249
C0 0.0654 417 200 491 272
D1 0.0361 146 107 378 253
R0 0.0313 233 13 496 174
C0 0.0258 419 156 491 218
D0 0.0241 417 199 490 274
Q0 0.0133 3 -7 489 161
J0 0.0125 240 22 493 165
Q0 0.0109 2 -5 493 282
D1 0.0095 233 18 501 167
C0 0.0087 386 36 491 165
H3 0.0087 385 37 490 163
R0 0.0077 222 5 444 135
B0 0.0071 252 15 490 174
D0 0.0069 386 38 490 160
J0 0.0067 386 40 490 159
H3 0.0066 5 -14 487 302
G0 0.0065 234 10 489 165
Q0 0.0060 233 4 488 163
Q0 0.0054 75 107 407 275
C0 0.0048 389 41 491 116
I3 0.0048 391 43 491 112
H3 0.0047 1 -8 492 175
Q0 0.0046 233 0 491 71
R0 0.0044 0 79 495 285
O0 0.0036 -2 -4 99 95
Q0 0.0035 7 95 471 281
D1 0.0035 260 21 491 128
B0 0.0033 -4 81 493 267
J0 0.0030 213 6 455 143
H3 0.0030 390 40 490 122
J0 0.0027 385 97 488 156
Q0 0.0026 4 -2 287 96
D1 0.0026 211 3 447 138
C3 0.0025 417 199 491 267
H3 0.0023 420 155 491 216
B3 0.0023 1 -1 96 90
J0 0.0023 1 -1 100 92
H3 0.0022 1 -1 94 88
Q0 0.0021 -2 -3 100 95
C0 0.0020 388 99 491 155
B1 0.0018 0 -2 98 91
J0 0.0018 249 69 488 164
J0 0.0018 134 3 487 174
Q0 0.0017 229 -1 493 108
Q0 0.0017 3 -78 489 128
Q0 0.0017 228 -44 492 66
N0 0.0016 -1 -3 97 100
C0 0.0015 141 85 431 254
H3 0.0013 1 -1 84 62
J0 0.0013 335 36 489 163
Q0 0.0012 10 -88 479 -4
C0 0.0011 0 -2 98 91
C0 0.0011 -31 135 348 273
Q0 0.0011 156 -29 493 154
H3 0.0011 208 12 448 115
C3 0.0011 5 108 153 240
B2 0.0010 328 -90 379 -62
J0 0.0010 246 15 429 120
C2 0.0010 0 249 48 313
