A0 0.2191 49 63 683 700
C0 0.0504 35 35 805 773
B1 0.0416 85 -7 781 743
B1 0.0319 -78 68 710 768
C0 0.0299 -63 -18 763 609
H3 0.0278 109 -7 786 647
A0 0.0268 -72 101 823 772
A2 0.0226 -86 110 710 828
A0 0.0223 -67 9 771 553
A3 0.0211 0 174 749 756
C0 0.0196 37 32 658 576
A2 0.0153 -5 -5 607 624
C0 0.0143 116 136 572 524
B1 0.0113 -248 -97 897 899
H3 0.0107 -45 24 823 537
C0 0.0107 -213 -4 889 849
A2 0.0099 -107 330 785 770
A2 0.0089 40 289 621 758
C0 0.0073 194 18 731 725
A0 0.0066 15 45 596 526
C0 0.0063 210 159 499 499
C0 0.0055 139 64 599 634
H3 0.0051 243 -62 732 699
A0 0.0049 111 201 716 735
B1 0.0042 170 221 463 550
C0 0.0026 333 258 471 387
A2 0.0025 -17 448 717 737
H3 0.0024 -125 -95 897 627
H3 0.0023 358 -39 691 743
D0 0.0017 413 52 680 745
C0 0.0013 365 -4 686 778
H3 0.0013 66 61 653 290
C0 0.0012 285 276 380 352
D2 0.0012 51 0 294 52
H3 0.0012 24 31 700 415
D2 0.0011 -10 0 270 63
A2 0.0010 29 58 714 293
