D0 0.5075 86 210 405 702
D0 0.3280 365 299 646 769
D1 0.1698 366 294 651 782
B1 0.1288 368 298 645 783
H3 0.1105 91 192 407 700
A0 0.0472 6 -2 749 736
G0 0.0383 363 287 654 751
H3 0.0323 9 -9 750 740
F2 0.0150 7 -1 746 724
C0 0.0146 92 204 396 721
G0 0.0079 84 189 421 699
H3 0.0050 154 190 410 600
B0 0.0049 87 179 434 708
Q0 0.0022 58 138 446 696
E2 0.0018 67 -80 780 853
C0 0.0016 201 209 414 702
R0 0.0015 360 303 655 754
G0 0.0015 -2 672 416 753
G0 0.0012 328 150 690 738
G0 0.0012 130 20 745 751
Q0 0.0011 7 8 538 744
C2 0.0011 74 318 131 363
