R0 0.0773 59 119 728 404
C2 0.0769 620 429 726 559
C0 0.0755 582 166 657 333
G0 0.0591 2 113 722 501
K0 0.0463 621 429 727 563
D0 0.0429 1 101 732 493
R0 0.0425 0 91 743 545
J0 0.0396 102 133 699 421
H3 0.0374 -1 100 721 491
B1 0.0361 581 167 654 330
A2 0.0333 79 129 709 408
D0 0.0244 579 166 658 334
G3 0.0205 583 170 658 326
F2 0.0188 24 127 750 412
C3 0.0136 621 428 726 565
F2 0.0094 76 162 781 565
Q0 0.0082 -3 95 739 504
D0 0.0071 4 -76 741 537
C3 0.0067 91 466 278 561
J0 0.0067 192 92 704 522
A2 0.0065 132 99 729 526
D1 0.0050 74 174 740 594
C0 0.0047 383 365 742 561
F2 0.0047 7 106 612 474
Q0 0.0038 0 197 150 559
H3 0.0038 8 -86 745 549
Q0 0.0037 67 -62 745 208
Q0 0.0034 0 186 256 555
B1 0.0034 0 16 21 249
R0 0.0031 68 -69 720 208
N0 0.0028 582 170 655 317
C0 0.0026 -86 71 712 474
D1 0.0024 85 -16 546 221
R0 0.0024 11 396 744 587
J0 0.0024 386 371 739 560
D2 0.0022 563 454 601 481
J0 0.0020 16 176 788 609
G3 0.0019 347 414 742 627
K0 0.0019 622 375 744 560
B1 0.0018 538 142 699 339
B0 0.0018 30 -68 749 451
R0 0.0018 369 356 752 564
B1 0.0017 -1 -17 75 240
C0 0.0017 0 31 59 429
K0 0.0016 509 430 727 563
C0 0.0016 23 170 738 578
H3 0.0015 51 -47 741 212
G3 0.0014 347 426 745 560
B1 0.0014 0 29 23 122
B0 0.0014 64 -50 744 226
F3 0.0014 4 404 738 588
C0 0.0013 674 -14 748 270
O0 0.0013 516 435 733 558
D0 0.0013 296 102 721 436
R0 0.0013 -2 206 161 563
D0 0.0012 27 142 546 480
Q0 0.0012 1 24 275 561
B1 0.0012 362 415 739 627
F2 0.0012 -46 71 819 444
R0 0.0012 677 10 749 276
Q0 0.0011 24 385 745 575
G3 0.0011 20 415 743 579
A2 0.0011 230 171 664 476
Q0 0.0011 383 420 735 557
