D0 0.9173 116 117 484 478
R0 0.0588 461 -2 750 179
J0 0.0259 0 -3 570 297
C0 0.0251 473 -1 744 173
J0 0.0129 475 0 743 175
C3 0.0116 -1 266 154 546
B1 0.0087 477 0 748 174
D0 0.0085 470 -1 747 173
D1 0.0071 470 -2 749 175
H3 0.0060 -8 -2 572 455
J0 0.0024 -5 -3 578 181
B3 0.0023 108 110 484 493
J0 0.0023 0 -1 752 488
D3 0.0020 -1 20 749 744
J0 0.0017 0 0 737 218
B3 0.0015 18 -1 746 638
J0 0.0014 17 0 377 94
G0 0.0013 1 -11 748 747
H3 0.0013 3 -26 748 703
J0 0.0013 174 -1 573 161
H3 0.0012 135 -1 590 139
D3 0.0012 1 47 268 561
J0 0.0010 -3 -1 480 539
