D1 0.0765 56 79 575 752
C2 0.0663 490 587 575 684
M0 0.0351 1 239 578 717
E0 0.0347 0 235 584 719
D0 0.0329 1 231 571 716
C0 0.0229 99 186 540 726
B0 0.0202 147 10 534 718
D1 0.0161 30 -120 554 843
B1 0.0156 112 -8 528 636
H3 0.0119 126 -1 520 595
N0 0.0115 4 198 582 713
B3 0.0107 161 -113 544 798
D1 0.0106 144 -25 298 780
D1 0.0094 166 -59 529 721
H3 0.0085 0 232 577 724
C3 0.0062 103 247 536 720
B0 0.0057 113 -119 586 836
B3 0.0056 76 117 552 767
D1 0.0052 95 -71 450 832
C2 0.0041 501 458 567 557
H0 0.0038 91 -66 607 876
B3 0.0036 98 -70 442 742
H0 0.0035 94 146 538 746
B2 0.0027 77 -12 618 849
H3 0.0027 68 11 638 716
E2 0.0026 263 -154 561 855
E2 0.0020 170 25 574 835
B0 0.0019 11 314 580 714
K0 0.0019 487 356 573 682
H0 0.0018 229 -136 565 911
D1 0.0018 133 -82 385 745
D0 0.0014 112 170 528 765
B0 0.0012 244 -166 545 771
B2 0.0011 489 355 575 684
F0 0.0011 3 311 581 714
B2 0.0010 78 -23 313 714
