R0 0.1343 181 2 567 729
H3 0.0802 157 110 590 724
E3 0.0596 -2 1 208 713
C3 0.0467 217 723 300 750
C0 0.0408 205 -28 588 821
Q0 0.0407 535 -4 753 745
R0 0.0324 533 -7 754 742
G0 0.0321 182 9 558 725
Q0 0.0259 -1 -1 207 712
C0 0.0224 178 167 573 728
C0 0.0156 66 -9 637 840
R0 0.0150 168 249 555 719
A0 0.0134 170 256 547 709
F2 0.0134 5 -81 694 845
Q0 0.0128 173 7 561 726
L0 0.0126 147 -110 603 775
R0 0.0106 1 1 199 713
B0 0.0099 221 -13 574 705
H3 0.0094 113 -92 601 694
R0 0.0076 0 679 224 749
L0 0.0073 60 -256 670 910
L0 0.0070 12 90 672 786
Q0 0.0070 55 -6 654 743
D1 0.0063 235 0 574 698
R0 0.0059 155 -3 555 517
A2 0.0054 -41 -45 732 882
B3 0.0048 256 8 593 714
K0 0.0043 524 -12 740 719
H3 0.0043 156 -3 564 516
G0 0.0032 97 -3 666 727
B2 0.0031 -1 -1 93 96
D1 0.0031 524 15 739 701
A2 0.0030 79 37 622 830
C0 0.0029 271 54 604 737
Q0 0.0029 0 661 633 748
C0 0.0028 527 16 745 700
B2 0.0026 -2 -32 213 658
J0 0.0024 3 692 222 750
D2 0.0023 -4 -12 214 609
H3 0.0022 125 -195 494 834
C0 0.0021 250 -83 678 870
M0 0.0020 682 483 750 768
R0 0.0020 0 663 637 751
H0 0.0019 -3 -49 231 521
R0 0.0019 250 -1 756 743
D0 0.0018 277 2 627 740
E2 0.0018 0 -2 67 97
R0 0.0017 191 658 521 731
D0 0.0016 238 -47 737 792
F0 0.0014 97 0 706 723
Q0 0.0014 144 666 725 756
D0 0.0014 189 662 762 764
R0 0.0012 0 667 386 750
R0 0.0011 12 -7 638 741
E3 0.0011 0 628 264 787
Q0 0.0010 610 68 750 713
R0 0.0010 189 386 548 748
K0 0.0010 689 1 751 300
