R0 0.1213 149 63 532 514
G0 0.1140 151 63 530 512
B1 0.0603 153 84 571 540
R0 0.0527 65 521 210 606
C0 0.0305 142 46 534 566
I3 0.0252 310 124 523 521
C2 0.0243 74 536 176 600
H3 0.0201 146 53 521 520
D1 0.0181 149 46 295 518
D1 0.0164 156 63 530 542
R0 0.0130 200 154 501 512
B1 0.0129 291 115 523 527
C0 0.0121 121 64 441 525
R0 0.0094 27 37 617 587
J0 0.0091 203 158 504 513
R0 0.0084 502 61 639 567
R0 0.0067 54 487 278 619
B0 0.0066 135 61 554 515
D0 0.0058 317 114 523 510
D0 0.0055 111 44 563 537
J0 0.0054 39 519 218 622
D1 0.0054 287 95 523 515
C3 0.0035 225 479 269 514
C2 0.0034 342 109 387 151
H3 0.0030 181 72 526 405
C0 0.0029 208 138 398 458
R0 0.0027 82 475 486 643
R0 0.0026 0 -10 288 641
H3 0.0025 59 28 607 534
C3 0.0024 213 479 269 530
B2 0.0024 148 73 271 503
R0 0.0023 13 520 228 630
R0 0.0020 4 469 636 640
B1 0.0019 243 44 535 550
B3 0.0018 318 131 524 507
I3 0.0018 273 47 532 555
C3 0.0018 480 606 522 639
K0 0.0018 148 71 301 511
I0 0.0017 11 475 633 641
R0 0.0015 508 84 598 552
C3 0.0015 607 606 639 640
C3 0.0013 341 108 388 152
D2 0.0013 225 15 260 48
Q0 0.0012 -1 7 248 625
C3 0.0012 458 71 491 99
B2 0.0010 507 121 572 532
C3 0.0010 355 611 393 640
B2 0.0010 481 606 521 640
