D0 0.3269 58 84 597 398
R0 0.0797 20 77 674 391
A2 0.0572 70 76 653 383
G0 0.0525 56 77 656 418
H3 0.0513 73 78 663 396
C3 0.0376 18 70 658 393
G3 0.0195 551 143 627 319
J0 0.0161 28 73 657 419
D1 0.0144 22 71 647 428
C3 0.0131 553 142 627 323
D0 0.0130 7 16 736 540
C3 0.0094 0 207 20 274
C3 0.0057 0 92 55 225
Q0 0.0050 21 -18 716 542
H3 0.0048 14 30 737 531
J0 0.0041 98 129 629 469
C0 0.0038 551 139 627 324
Q0 0.0019 44 56 652 429
C0 0.0018 0 89 54 287
Q0 0.0016 -1 -38 79 232
B3 0.0016 549 145 630 333
Q0 0.0016 0 76 48 246
Q0 0.0014 -2 -7 58 247
N0 0.0013 728 69 750 310
B1 0.0012 48 68 706 377
B3 0.0011 0 87 56 286
C2 0.0011 0 93 54 224
D0 0.0011 52 307 644 417
Q0 0.0011 14 -55 662 169
J0 0.0010 95 216 641 426
D0 0.0010 32 222 658 427
