R0 0.0629 159 6 556 739
R0 0.0352 190 14 553 509
B1 0.0266 406 0 492 26
D0 0.0252 158 16 557 741
Q0 0.0221 158 16 556 738
G0 0.0201 160 13 553 739
B1 0.0158 186 37 576 714
C0 0.0151 404 0 494 24
D2 0.0147 541 73 750 635
D2 0.0141 529 4 747 818
R0 0.0093 0 -21 201 752
C0 0.0092 110 33 626 704
H3 0.0083 150 10 565 639
A2 0.0076 100 33 615 702
B1 0.0072 316 0 494 27
C2 0.0063 307 1 423 32
Q0 0.0062 516 0 752 752
Q0 0.0060 0 -9 193 746
N0 0.0056 150 2 567 724
C0 0.0051 228 86 570 712
H3 0.0048 146 3 703 745
R0 0.0038 268 82 464 531
C0 0.0036 0 0 118 46
B1 0.0036 401 0 495 40
A0 0.0033 140 0 706 737
C3 0.0028 403 0 493 25
R0 0.0026 539 102 755 755
C3 0.0024 307 0 420 31
C0 0.0024 0 0 177 38
H3 0.0023 544 94 761 758
B0 0.0020 505 5 760 748
B2 0.0018 4 63 221 825
Q0 0.0017 13 0 614 749
Q0 0.0017 2 -1 315 745
C0 0.0017 256 196 481 488
B3 0.0016 530 130 746 824
C0 0.0015 400 0 502 38
B1 0.0014 326 303 450 405
D2 0.0014 529 -87 749 528
B2 0.0014 0 524 33 714
C2 0.0013 560 70 748 615
C0 0.0013 144 167 507 690
H3 0.0012 325 -1 762 747
E2 0.0011 450 1 732 32
C0 0.0011 0 -1 115 84
B1 0.0011 529 118 749 829
B1 0.0011 304 0 424 32
H3 0.0011 194 21 551 388
B3 0.0011 303 0 499 34
P0 0.0011 -1 145 191 729
F3 0.0011 -7 2 303 47
