D0 0.4505 62 1 329 196
D1 0.3858 61 -7 330 198
B1 0.0741 65 -2 331 199
C3 0.0301 263 167 303 197
B0 0.0195 69 -2 318 195
N0 0.0177 70 -2 316 196
M0 0.0169 70 -4 317 195
C2 0.0168 193 15 217 38
G0 0.0139 70 0 317 196
B2 0.0086 93 92 238 195
C0 0.0037 224 41 313 195
K0 0.0026 96 94 226 196
B0 0.0025 148 16 318 200
C0 0.0021 177 30 317 198
D1 0.0021 73 0 291 140
C3 0.0020 228 24 253 57
C3 0.0019 230 100 287 159
R0 0.0017 1 -1 130 197
B2 0.0016 106 124 228 196
C2 0.0016 261 167 303 197
C3 0.0014 262 55 287 79
B1 0.0013 216 35 300 198
C0 0.0013 97 23 322 200
C0 0.0011 229 100 288 158
