D1 0.1064 2 36 378 316
R0 0.0701 90 68 388 359
R0 0.0620 105 28 267 162
I3 0.0308 106 30 266 157
R0 0.0307 16 58 410 298
A3 0.0302 190 243 389 350
D1 0.0274 -25 18 424 409
L0 0.0241 1 63 387 349
Q0 0.0211 173 247 389 349
R0 0.0210 41 102 102 136
Q0 0.0200 1 62 385 348
C0 0.0195 21 138 90 150
A0 0.0186 144 54 190 135
B1 0.0179 42 103 104 142
C3 0.0167 142 59 188 132
G3 0.0164 0 65 387 349
D0 0.0152 2 61 387 350
C0 0.0150 14 187 140 236
G0 0.0146 0 61 386 348
H3 0.0146 0 61 388 349
B0 0.0138 2 64 389 352
E3 0.0128 171 244 390 351
K0 0.0119 143 54 190 135
C0 0.0117 9 138 92 154
C2 0.0115 168 319 207 351
K0 0.0114 10 189 138 236
G0 0.0113 103 31 266 155
R0 0.0089 3 125 115 233
R0 0.0088 171 244 391 351
L0 0.0088 106 27 268 157
B0 0.0084 104 29 265 148
C0 0.0082 16 160 248 260
C0 0.0077 68 188 143 231
B1 0.0069 22 138 92 151
I3 0.0062 144 61 191 134
C2 0.0061 142 58 188 132
K0 0.0061 0 214 80 351
R0 0.0061 -10 117 368 361
R0 0.0060 45 98 102 110
C0 0.0059 366 206 391 233
C0 0.0058 57 184 164 232
C3 0.0055 41 122 84 142
N0 0.0055 0 65 382 350
D1 0.0052 -34 56 329 368
K0 0.0051 0 216 52 351
C0 0.0047 27 176 218 249
B0 0.0046 142 59 195 136
C3 0.0044 62 142 92 150
C0 0.0043 -10 111 290 284
C2 0.0042 365 142 391 209
D1 0.0040 -8 103 291 323
R0 0.0040 28 101 102 153
A0 0.0038 107 40 254 150
F2 0.0035 199 245 391 348
A0 0.0035 357 129 390 215
K0 0.0035 297 128 392 255
K0 0.0034 361 131 390 232
B2 0.0033 41 121 85 141
J0 0.0033 45 99 101 109
C0 0.0033 8 134 75 155
C3 0.0031 168 319 207 351
E3 0.0030 298 129 392 256
C3 0.0028 216 262 368 339
A3 0.0027 0 215 82 349
C3 0.0026 -8 135 334 356
R0 0.0024 -23 67 426 393
C0 0.0024 -18 118 333 358
B1 0.0024 79 121 90 145
R0 0.0023 42 115 98 133
R0 0.0021 6 118 97 206
C0 0.0021 22 138 66 147
F2 0.0021 226 268 367 337
E3 0.0020 103 33 268 156
A0 0.0020 299 129 394 257
C3 0.0020 366 141 391 211
R0 0.0019 3 198 390 353
Q0 0.0018 176 120 391 350
D1 0.0018 153 192 222 238
R0 0.0017 170 90 394 351
N0 0.0017 102 31 269 152
E3 0.0017 0 21 31 204
C3 0.0017 180 99 217 135
C0 0.0017 8 182 148 275
E3 0.0017 2 189 392 349
C0 0.0017 0 84 23 240
B2 0.0017 220 253 377 345
C3 0.0016 0 215 83 351
C0 0.0016 4 93 76 225
C3 0.0015 178 250 394 351
H3 0.0015 105 26 230 157
B2 0.0014 0 215 84 349
K0 0.0013 0 230 22 346
K0 0.0013 365 200 391 252
H0 0.0013 2 199 390 350
G3 0.0012 62 143 93 151
N0 0.0011 42 142 102 153
C0 0.0011 49 107 99 123
Q0 0.0011 2 16 71 216
C0 0.0010 14 178 175 233
B2 0.0010 45 99 104 109
N0 0.0010 2 66 107 202
N0 0.0010 12 94 112 178
Q0 0.0010 7 47 100 190
B1 0.0010 85 109 102 126
N0 0.0010 0 215 80 349
E3 0.0010 167 292 387 349
