D1 0.1275 -34 30 305 301
R0 0.0751 -20 46 320 285
G0 0.0613 1 -1 349 322
Q0 0.0311 0 -2 351 313
D1 0.0297 -80 -47 346 342
D1 0.0285 19 93 364 275
R0 0.0240 25 93 358 289
D0 0.0225 24 94 358 298
G0 0.0184 2 80 343 290
R0 0.0173 -49 -64 341 345
B0 0.0170 1 93 343 292
B1 0.0152 -65 -83 366 365
J0 0.0137 34 102 360 297
H3 0.0136 0 91 347 297
F2 0.0130 0 0 118 11
C2 0.0109 1 0 41 11
C0 0.0092 15 101 271 295
K0 0.0081 1 0 95 10
K0 0.0081 50 0 119 7
K0 0.0077 0 0 44 11
D0 0.0074 5 84 252 296
D1 0.0072 0 72 258 301
K0 0.0071 63 0 115 6
D1 0.0069 -53 49 424 260
E2 0.0060 -61 -55 315 334
B1 0.0059 59 94 356 272
B2 0.0053 1 0 127 17
C2 0.0045 67 0 113 6
D2 0.0045 237 179 351 359
J0 0.0040 12 120 275 293
A3 0.0038 -24 -46 332 302
K0 0.0038 63 0 139 7
K0 0.0035 3 0 143 19
M0 0.0026 -1 0 120 17
D2 0.0025 221 338 328 352
K0 0.0025 65 0 162 8
G3 0.0023 1 0 128 17
D2 0.0023 236 309 350 352
D2 0.0020 242 339 348 352
Q0 0.0019 1 0 347 193
D2 0.0019 257 208 350 351
D2 0.0017 223 291 346 354
C2 0.0016 336 215 351 324
E2 0.0016 -45 -32 264 257
D2 0.0015 316 164 352 361
D2 0.0015 207 328 342 351
D1 0.0015 -89 -114 424 383
C2 0.0014 63 0 116 9
K0 0.0013 66 0 213 11
C0 0.0012 0 154 229 292
B2 0.0012 223 138 254 154
B2 0.0011 67 0 115 5
G3 0.0010 220 318 226 325
D2 0.0010 249 190 348 308
D0 0.0010 2 163 225 291
H0 0.0010 -1 -5 214 216
D2 0.0010 281 176 351 359
E2 0.0010 -26 -50 415 282
D2 0.0010 273 315 349 351
F3 0.0010 -1 0 231 21
