R0 0.2377 52 11 440 433
B1 0.0665 127 17 407 187
R0 0.0565 126 17 416 193
C0 0.0479 124 16 396 188
G0 0.0430 50 15 439 429
B0 0.0353 123 16 412 195
R0 0.0250 0 -2 147 438
G0 0.0191 0 0 149 438
H3 0.0137 123 13 433 440
H3 0.0082 127 14 389 195
B0 0.0062 98 11 434 416
C0 0.0056 401 110 428 159
G3 0.0055 407 111 425 157
R0 0.0047 1 -4 336 443
D1 0.0045 11 -1 209 13
C3 0.0040 407 110 426 157
D1 0.0028 13 115 111 179
G3 0.0028 0 0 15 8
G0 0.0025 128 20 428 183
B2 0.0025 51 0 64 7
G3 0.0023 400 110 426 159
B2 0.0023 36 0 65 7
B2 0.0021 37 0 53 8
E2 0.0018 37 0 53 7
G3 0.0017 37 0 53 8
E2 0.0017 22 0 54 8
B0 0.0016 126 17 435 281
B2 0.0016 20 0 40 8
G0 0.0015 -2 -3 326 444
H3 0.0015 173 36 437 199
R0 0.0015 315 28 441 467
B3 0.0014 -5 2 156 480
I3 0.0013 292 395 437 441
R0 0.0013 17 117 111 183
B2 0.0012 0 0 27 8
E2 0.0012 52 0 64 7
D1 0.0012 137 41 385 192
B3 0.0012 0 0 16 8
D1 0.0012 -11 26 186 462
R0 0.0011 82 181 424 419
R0 0.0010 12 102 114 213
B1 0.0010 19 0 40 8
R0 0.0010 347 109 439 442
G0 0.0010 -1 15 125 350
Q0 0.0010 142 180 396 430
C3 0.0010 398 109 428 159
