D0 0.3866 224 -7 417 399
C0 0.1214 219 -2 416 401
E3 0.0630 3 0 236 392
D1 0.0285 224 -1 426 401
H3 0.0262 221 -3 418 402
B3 0.0182 221 -9 420 398
C2 0.0137 0 -5 42 136
A0 0.0092 4 0 746 393
Q0 0.0045 414 0 746 391
R0 0.0041 0 1 241 358
A2 0.0038 0 4 240 352
Q0 0.0036 451 250 746 392
Q0 0.0035 9 1 736 384
R0 0.0032 -2 0 746 398
E3 0.0025 14 0 418 393
C2 0.0023 181 311 241 396
A3 0.0022 2 1 238 372
E3 0.0020 1 0 645 397
C3 0.0020 4 2 238 365
C3 0.0019 410 345 491 395
G3 0.0019 184 183 531 392
Q0 0.0019 528 2 746 388
R0 0.0018 409 0 749 392
E3 0.0014 180 251 748 395
H3 0.0013 173 183 555 392
F2 0.0013 93 315 215 395
C0 0.0013 94 317 214 394
C2 0.0012 93 320 215 395
D2 0.0012 410 345 490 396
C3 0.0012 95 320 216 395
F0 0.0012 177 181 528 393
E3 0.0011 4 2 73 384
Q0 0.0011 174 180 528 393
N0 0.0011 185 177 534 393
B2 0.0010 91 316 214 396
E3 0.0010 182 228 575 395
