A3 0.2843 -36 173 747 579
C3 0.1430 -14 174 740 615
A0 0.0435 -9 156 750 586
D1 0.0292 -35 479 727 583
Q0 0.0243 -10 163 773 588
E3 0.0240 0 164 746 589
F2 0.0200 -65 169 762 537
E2 0.0161 27 163 773 607
R0 0.0136 4 788 738 993
K0 0.0129 -33 484 730 587
Q0 0.0091 20 784 752 991
R0 0.0089 -21 442 756 997
H3 0.0088 -19 78 762 952
H3 0.0081 -5 150 752 638
R0 0.0051 -54 677 760 988
J0 0.0046 230 128 534 196
D1 0.0030 -50 384 770 587
R0 0.0030 227 128 533 196
F2 0.0027 -40 476 809 587
Q0 0.0027 -12 0 548 132
D1 0.0025 230 126 535 196
B0 0.0023 -7 164 753 582
R0 0.0023 -5 3 570 130
R0 0.0021 -1 -5 756 602
Q0 0.0020 -14 438 748 991
E0 0.0018 -58 380 844 972
Q0 0.0015 -1 7 386 128
K0 0.0013 -13 184 696 603
A2 0.0012 76 557 761 1036
Q0 0.0012 75 14 331 77
Q0 0.0011 -2 -1 800 111
R0 0.0011 7 2 730 200
D2 0.0011 563 848 877 993
R0 0.0010 -10 4 780 290
Q0 0.0010 172 825 770 984
