R0 0.1849 -50 136 521 377
G0 0.1669 9 139 492 370
D1 0.1501 -57 134 526 381
R0 0.0820 27 142 404 374
G0 0.0468 4 42 499 421
D1 0.0353 -15 241 502 380
J0 0.0315 -17 126 547 374
R0 0.0229 2 -2 500 246
D1 0.0223 -50 206 560 402
D1 0.0210 -116 111 594 341
C3 0.0208 0 215 27 254
D1 0.0126 20 147 413 363
R0 0.0118 4 -1 497 478
Q0 0.0095 2 1 491 174
D1 0.0095 -27 113 451 305
D1 0.0087 -102 -27 564 391
H3 0.0061 6 85 499 482
J0 0.0060 15 142 397 372
E2 0.0036 -83 -80 547 414
C2 0.0036 0 214 27 254
R0 0.0025 -1 0 494 113
R0 0.0024 -1 239 504 505
R0 0.0022 -6 350 501 503
Q0 0.0022 0 0 383 221
G3 0.0021 0 215 27 254
D0 0.0017 1 123 501 498
R0 0.0015 -3 0 342 218
F3 0.0013 10 375 489 497
G3 0.0011 4 447 51 494
Q0 0.0011 9 4 350 143
C0 0.0011 0 216 27 257
