D0 0.5994 152 127 350 226
D0 0.2625 37 153 286 330
R0 0.2480 29 152 298 330
C0 0.1382 166 126 350 227
H3 0.0953 147 127 344 229
K0 0.0674 146 127 352 228
J0 0.0656 36 159 292 327
G0 0.0508 35 154 302 327
G0 0.0124 22 87 344 352
D1 0.0114 42 148 294 303
E3 0.0073 -1 3 287 139
R0 0.0072 4 -2 384 381
C0 0.0062 46 138 295 301
H3 0.0061 -33 62 373 301
H3 0.0057 1 -4 388 378
Q0 0.0053 1 -3 389 384
H3 0.0046 37 110 311 309
F2 0.0044 0 1 287 141
B2 0.0042 54 10 238 137
E2 0.0040 27 -2 265 133
R0 0.0036 6 138 386 374
R0 0.0035 15 96 322 302
N0 0.0033 146 130 354 227
L0 0.0032 -57 50 376 308
A0 0.0032 2 -6 390 383
J0 0.0031 45 211 263 325
P0 0.0028 25 -2 250 133
H0 0.0028 33 -2 278 136
K0 0.0026 42 -4 247 136
B2 0.0021 -5 -3 264 129
Q0 0.0019 7 64 330 365
C3 0.0018 49 11 239 139
E2 0.0018 -26 49 349 321
C0 0.0018 95 374 243 387
D2 0.0017 -2 -1 293 158
C0 0.0015 334 184 386 218
Q0 0.0015 1 0 292 140
C3 0.0015 333 185 387 216
C1 0.0015 -3 339 376 387
R0 0.0013 0 298 378 386
H3 0.0013 1 95 371 254
H3 0.0012 117 121 344 269
F3 0.0012 36 345 373 388
C2 0.0012 248 285 283 321
O0 0.0012 145 130 355 229
B0 0.0011 0 0 306 165
R0 0.0011 -34 106 320 233
A2 0.0011 1 -1 80 131
D0 0.0010 11 349 297 387
E2 0.0010 -58 88 356 253
C3 0.0010 249 285 283 321
