R0 0.4277 225 170 798 575
G0 0.1395 226 197 777 568
R0 0.0303 278 274 740 575
D1 0.0273 256 186 777 263
Q0 0.0227 221 191 787 575
C2 0.0126 213 24 290 162
C3 0.0124 213 24 290 162
R0 0.0115 216 190 795 400
C0 0.0102 210 21 294 164
J0 0.0092 292 276 737 576
D1 0.0087 218 192 800 343
G0 0.0056 176 -222 789 209
Q0 0.0044 176 -212 790 166
R0 0.0042 -2 7 434 573
R0 0.0034 14 210 435 562
R0 0.0031 184 -213 792 213
J0 0.0029 218 179 768 577
H3 0.0027 187 -66 805 570
C2 0.0026 683 -223 790 -171
G0 0.0025 177 -114 799 574
R0 0.0024 189 -42 814 569
E3 0.0021 28 272 434 571
B2 0.0020 685 -225 795 -169
C0 0.0018 341 190 770 260
C0 0.0017 607 209 744 253
Q0 0.0017 3 11 411 560
R0 0.0017 793 -2 1021 584
D2 0.0016 687 -222 792 -169
R0 0.0016 187 -53 792 210
C0 0.0016 197 15 352 211
E3 0.0014 -2 44 122 573
R0 0.0014 0 37 121 577
C0 0.0013 109 -3 355 303
Q0 0.0011 796 -60 1022 566
R0 0.0010 183 -3 813 388
Q0 0.0010 232 -199 741 -1
J0 0.0010 255 -15 739 164
C0 0.0010 130 3 318 191
