G0 0.1188 43 167 659 843
D1 0.0697 49 149 352 853
B1 0.0609 45 151 354 843
D1 0.0522 346 102 645 853
G0 0.0428 287 176 657 848
C2 0.0332 435 584 551 652
G0 0.0235 67 167 445 843
B3 0.0150 351 165 639 834
R0 0.0137 32 158 701 871
G0 0.0121 -14 4 728 907
B0 0.0060 353 188 655 847
H0 0.0058 353 358 622 670
P0 0.0047 361 302 623 694
B2 0.0044 444 584 548 650
A3 0.0039 368 392 628 621
P0 0.0038 346 249 641 794
A3 0.0037 365 323 629 674
D1 0.0036 280 -3 637 1008
D1 0.0024 28 41 489 917
D1 0.0023 -69 -34 658 1015
F2 0.0018 368 355 625 639
C3 0.0017 349 290 648 740
Q0 0.0017 56 867 698 1016
E2 0.0013 -64 2 704 963
I3 0.0012 770 21 887 293
F2 0.0012 358 238 644 732
