R0 0.2165 90 2 312 379
G0 0.0603 90 11 307 384
A2 0.0357 99 180 290 378
R0 0.0282 0 -1 339 386
Q0 0.0048 264 15 391 385
Q0 0.0042 -8 3 99 389
R0 0.0040 275 11 390 383
A2 0.0038 89 66 293 358
Q0 0.0037 -17 4 320 390
G0 0.0030 -10 0 101 390
A0 0.0029 86 81 296 367
H3 0.0027 78 -94 304 324
A0 0.0027 82 -48 301 293
Q0 0.0025 90 3 311 382
B1 0.0025 -18 -125 196 454
A2 0.0023 88 -13 304 201
A2 0.0022 97 -42 303 321
R0 0.0020 0 6 95 388
D0 0.0018 -11 366 378 390
A2 0.0017 81 84 301 279
Q0 0.0015 -7 37 88 320
R0 0.0013 134 371 347 391
E2 0.0011 169 370 366 390
C0 0.0011 -4 -82 207 444
F3 0.0011 83 1 314 22
C1 0.0011 33 345 389 389
R0 0.0011 311 20 388 372
R0 0.0010 15 275 415 392
A2 0.0010 72 -119 327 344
R0 0.0010 -8 73 62 340
R0 0.0010 60 376 280 390
E2 0.0010 96 374 348 390
