R0 0.0688 84 173 565 943
G0 0.0627 83 169 565 941
H3 0.0560 68 141 562 882
B1 0.0535 479 139 745 519
A3 0.0396 61 156 586 944
C0 0.0268 40 236 563 930
A0 0.0229 413 0 753 262
R0 0.0228 413 -1 753 258
D0 0.0226 84 174 568 942
A2 0.0203 54 171 561 972
B1 0.0173 31 171 566 945
Q0 0.0156 420 1 747 247
J0 0.0134 413 -3 749 254
G0 0.0128 17 78 698 984
Q0 0.0109 -42 0 454 190
D2 0.0094 72 188 540 940
C0 0.0078 391 96 746 523
D2 0.0071 660 301 749 359
Q0 0.0060 -19 6 744 988
B2 0.0058 0 117 173 530
C3 0.0058 79 260 565 953
C3 0.0052 521 189 747 514
J0 0.0046 521 191 747 514
H3 0.0040 419 -2 749 267
C3 0.0039 411 -4 749 267
H3 0.0037 100 172 527 667
Q0 0.0037 355 717 809 1001
N0 0.0036 39 133 673 969
B1 0.0035 545 184 747 391
C2 0.0031 530 0 670 32
R0 0.0029 32 32 751 977
D0 0.0029 409 126 745 525
C3 0.0029 544 190 748 370
K0 0.0028 1 116 172 531
K0 0.0028 544 186 746 384
J0 0.0028 87 331 548 959
B0 0.0027 108 125 573 951
E3 0.0025 389 693 823 994
H3 0.0023 364 94 748 530
R0 0.0020 -25 0 457 184
R0 0.0020 384 46 759 984
R0 0.0019 335 727 787 1001
A3 0.0019 -1 121 170 529
K0 0.0018 467 0 745 204
G3 0.0017 -6 120 177 530
J0 0.0015 368 78 742 546
Q0 0.0015 494 367 741 946
C3 0.0015 526 301 747 511
J0 0.0014 416 -13 743 378
D1 0.0013 516 187 743 522
K0 0.0013 0 130 115 524
Q0 0.0013 381 30 749 979
D0 0.0013 547 187 748 376
C2 0.0013 657 300 749 359
N0 0.0013 -1 128 172 526
E3 0.0012 391 541 891 1022
K0 0.0012 387 99 763 499
C0 0.0011 -18 26 123 1022
B3 0.0011 441 116 749 542
B0 0.0011 -10 -9 759 944
R0 0.0010 527 346 747 835
C2 0.0010 13 -4 424 186
