R0 0.0435 23 96 507 405
D0 0.0330 1 99 479 417
L0 0.0286 2 100 483 417
G0 0.0245 1 97 479 414
H3 0.0220 31 97 509 390
B1 0.0185 0 99 484 419
D1 0.0184 -2 73 491 438
Q0 0.0175 1 31 484 416
C0 0.0166 2 273 179 416
C0 0.0136 -4 133 445 423
A3 0.0099 26 89 462 388
H3 0.0081 2 12 484 421
R0 0.0073 -18 127 410 422
F2 0.0071 17 94 443 414
C0 0.0060 11 181 352 422
N0 0.0037 9 102 482 421
B0 0.0037 6 102 484 422
E2 0.0037 -35 105 423 432
H3 0.0024 4 136 485 484
H3 0.0022 7 137 359 425
C2 0.0021 47 304 161 406
F2 0.0021 -37 27 426 452
C0 0.0014 2 235 242 418
D1 0.0014 51 167 490 428
Q0 0.0013 -2 14 482 259
H3 0.0013 1 169 277 417
F3 0.0012 353 198 483 487
J0 0.0011 -54 186 457 431
C0 0.0010 -22 83 283 291
H3 0.0010 0 8 481 268
H3 0.0010 -3 240 487 520
