C0 0.3628 161 31 221 164
C0 0.3358 33 38 126 162
D0 0.1704 33 38 127 161
D1 0.0543 126 33 159 158
B1 0.0214 126 35 160 157
B2 0.0123 162 34 222 162
P0 0.0115 160 31 222 166
N0 0.0046 168 59 217 166
C0 0.0044 40 30 175 166
B2 0.0036 125 26 159 160
P0 0.0035 126 34 159 157
C3 0.0026 245 182 268 225
C0 0.0020 126 27 192 164
B3 0.0017 126 33 161 160
B0 0.0016 130 50 158 138
F0 0.0015 32 38 127 162
C0 0.0014 122 30 162 161
B1 0.0012 129 50 158 140
C3 0.0012 102 27 131 47
C3 0.0011 230 186 269 225
B1 0.0010 32 29 131 165
