C2 0.1526 126 368 245 448
B2 0.1477 90 174 301 432
B2 0.1201 256 239 468 992
D2 0.0793 126 368 244 449
D1 0.0414 247 138 469 1061
E2 0.0354 126 366 245 447
D0 0.0336 245 183 471 997
D2 0.0308 205 321 281 393
G3 0.0250 118 388 200 538
Q0 0.0237 202 0 716 203
P0 0.0224 215 176 470 1049
G3 0.0220 124 366 244 447
B3 0.0213 247 247 472 1005
N0 0.0193 254 231 470 992
G3 0.0180 205 319 283 394
D2 0.0164 95 206 370 464
B2 0.0145 202 237 338 392
E2 0.0138 121 307 287 453
G3 0.0132 190 442 251 476
A0 0.0129 58 231 768 1021
M0 0.0123 244 217 475 1016
B2 0.0115 8 147 299 513
E3 0.0104 37 228 779 1022
C2 0.0096 100 193 298 382
B2 0.0095 180 219 553 1039
C3 0.0091 720 951 769 994
G3 0.0087 88 383 136 429
R0 0.0086 61 243 774 1026
B2 0.0083 190 443 251 476
B2 0.0080 51 244 523 1008
N0 0.0074 35 213 754 1011
P0 0.0071 93 212 509 1034
B2 0.0070 281 236 338 320
G0 0.0068 89 99 753 1010
Q0 0.0063 0 131 298 981
D2 0.0062 66 111 729 1024
E2 0.0061 93 238 299 472
B2 0.0061 130 368 242 442
B1 0.0058 110 10 195 162
K0 0.0056 546 562 754 904
Q0 0.0055 72 160 654 1027
A0 0.0055 148 220 544 1022
G0 0.0054 74 250 586 1029
E3 0.0053 593 -3 770 212
E2 0.0052 113 360 250 532
E3 0.0052 416 802 781 1025
B3 0.0051 158 223 612 1071
K0 0.0050 122 384 197 543
C0 0.0049 191 273 602 1062
D2 0.0049 107 315 204 368
B0 0.0045 90 84 739 1013
B2 0.0045 109 315 198 367
Q0 0.0044 75 304 500 1026
B3 0.0044 58 242 534 1026
Q0 0.0040 2 133 286 482
B2 0.0040 131 162 662 1058
Q0 0.0038 -1 487 117 929
R0 0.0036 77 600 484 1030
A2 0.0036 204 154 544 278
B2 0.0036 207 320 284 393
A2 0.0035 196 138 545 331
E2 0.0035 9 213 551 1067
C0 0.0033 117 240 698 1145
E3 0.0032 3 94 296 476
E2 0.0031 189 444 251 473
G3 0.0031 126 386 168 533
C3 0.0031 -1 859 64 928
A2 0.0031 163 127 559 403
E2 0.0030 117 364 253 476
Q0 0.0030 56 585 466 1024
K0 0.0028 99 163 683 1107
F2 0.0028 201 130 549 271
R0 0.0027 3 139 286 512
F2 0.0026 139 234 387 393
G0 0.0026 67 543 468 1023
N0 0.0025 110 4 195 167
G3 0.0025 90 338 209 430
G3 0.0024 110 18 195 161
K0 0.0022 253 231 457 844
D2 0.0022 102 314 226 389
C2 0.0022 98 258 284 384
B2 0.0022 95 313 214 428
C2 0.0022 722 204 768 341
E2 0.0022 97 211 398 474
Q0 0.0021 2 -1 296 137
E3 0.0021 -64 -4 298 143
F2 0.0020 115 169 551 407
G3 0.0020 151 435 196 544
G3 0.0019 209 301 294 398
E3 0.0019 366 0 757 207
A2 0.0019 274 168 547 267
P0 0.0019 245 250 465 832
G3 0.0019 88 347 137 430
C2 0.0018 110 17 194 160
C0 0.0018 251 190 468 928
K0 0.0018 369 180 661 1012
C3 0.0017 64 596 305 1019
C2 0.0017 100 305 276 382
C3 0.0017 111 -1 168 25
C2 0.0016 125 173 300 346
R0 0.0016 55 579 758 1021
E3 0.0016 358 861 793 1021
B2 0.0016 102 201 362 407
G3 0.0016 141 395 196 545
J0 0.0015 1 478 118 916
Q0 0.0015 70 -1 496 145
E3 0.0015 408 605 766 1017
K0 0.0015 354 511 760 943
K0 0.0015 351 387 754 1041
C2 0.0014 1 347 99 418
C3 0.0014 684 852 768 950
E3 0.0014 340 231 772 1024
E3 0.0014 86 103 755 822
B2 0.0014 1 348 99 419
Q0 0.0014 83 106 748 672
E3 0.0013 546 213 765 908
G3 0.0013 197 466 243 490
B2 0.0013 190 406 256 478
B2 0.0012 722 206 769 257
B3 0.0012 5 140 279 536
R0 0.0012 444 53 758 775
Q0 0.0012 94 109 732 488
G3 0.0012 97 313 198 381
E3 0.0012 9 3 397 156
R0 0.0012 335 815 778 1025
E2 0.0012 188 427 248 486
D2 0.0012 203 336 269 393
B3 0.0011 25 -4 290 163
C3 0.0011 0 84 65 160
C3 0.0011 72 583 469 1029
E2 0.0011 197 462 245 489
G3 0.0010 128 392 202 462
E2 0.0010 40 199 296 527
K0 0.0010 87 365 242 663
G3 0.0010 190 445 247 512
B2 0.0010 183 231 428 396
R0 0.0010 328 683 778 1020
B0 0.0010 91 108 740 710
G3 0.0010 206 270 329 404
C3 0.0010 324 -1 411 31
