R0 0.0699 244 177 916 725
B1 0.0515 251 169 919 682
H3 0.0515 258 177 896 724
C2 0.0388 532 4 634 186
C0 0.0227 261 175 921 383
B1 0.0201 530 -1 633 189
C0 0.0201 345 220 871 362
B3 0.0196 532 -1 633 190
C0 0.0195 531 -1 633 189
N0 0.0176 533 0 632 190
C3 0.0147 280 149 837 766
B0 0.0140 268 188 897 762
C0 0.0138 431 218 744 375
D0 0.0122 258 181 866 749
P0 0.0114 534 0 635 190
B1 0.0062 271 187 909 377
Q0 0.0056 1 0 328 752
Q0 0.0054 841 498 1024 760
D1 0.0045 284 175 926 367
R0 0.0036 -1 198 330 773
B0 0.0032 250 173 879 369
B3 0.0031 497 0 769 196
B3 0.0021 486 -3 656 256
C0 0.0020 484 0 755 189
C3 0.0020 296 468 884 766
C0 0.0017 514 250 664 339
Q0 0.0016 891 -15 1025 526
H3 0.0016 4 -13 337 760
B0 0.0014 415 259 734 478
N0 0.0014 272 200 891 491
R0 0.0011 0 13 219 534
G3 0.0011 866 -86 961 65
