D0 0.2764 2 196 546 851
C0 0.1509 30 0 358 85
D1 0.1472 41 741 515 795
C0 0.0766 1 90 217 184
J0 0.0699 26 1 359 85
H3 0.0536 36 179 534 810
G0 0.0401 27 182 544 804
D1 0.0315 24 1 364 84
H3 0.0267 1 6 752 989
K0 0.0181 4 88 219 186
G0 0.0161 18 3 736 955
C3 0.0100 13 723 576 1001
C3 0.0099 18 318 518 834
C0 0.0094 -4 -2 334 184
H3 0.0088 20 722 553 997
C3 0.0072 72 91 219 171
C3 0.0049 53 -2 336 84
C2 0.0041 0 384 75 652
C0 0.0030 38 -5 558 93
C0 0.0028 71 90 210 168
D1 0.0024 62 712 526 795
J0 0.0021 1 1 363 168
D1 0.0020 38 739 528 845
R0 0.0020 4 732 793 1005
C2 0.0019 48 1 335 79
C2 0.0018 -6 950 98 999
Q0 0.0016 7 1 364 143
C1 0.0016 -1 829 833 996
R0 0.0015 326 -13 755 673
D0 0.0015 43 829 867 1002
N0 0.0015 57 0 337 80
R0 0.0014 -17 853 822 998
C0 0.0013 135 121 215 158
K0 0.0012 0 352 92 845
C0 0.0011 -22 -5 704 428
C3 0.0010 82 772 544 989
D0 0.0010 1 122 163 743
C0 0.0010 343 20 755 656
C1 0.0010 24 751 493 824
D0 0.0010 29 740 534 843
D0 0.0010 194 207 542 825
