D1 0.1539 46 43 345 857
B3 0.0190 40 36 343 898
D0 0.0165 51 113 340 874
N0 0.0133 43 31 345 841
M0 0.0129 47 30 349 843
B0 0.0115 49 28 355 842
C2 0.0089 150 583 232 761
G3 0.0044 187 128 220 289
B2 0.0036 196 401 271 471
B3 0.0030 22 -66 464 946
D2 0.0028 195 401 270 475
D1 0.0027 49 -1 241 878
C2 0.0026 185 397 271 482
B0 0.0025 25 16 514 851
G3 0.0023 146 129 225 290
C0 0.0022 44 185 334 886
N0 0.0019 -35 5 604 844
F0 0.0018 31 431 621 855
H3 0.0018 -43 1 639 843
B3 0.0017 121 112 348 821
E3 0.0016 44 434 622 855
L0 0.0016 -107 15 -17 234
H3 0.0014 -9 429 622 852
C2 0.0013 86 814 247 853
E0 0.0012 54 430 626 851
K0 0.0012 327 410 550 856
