D0 0.1091 126 30 329 273
R0 0.0598 2 -64 390 270
K0 0.0479 -10 166 219 271
Q0 0.0405 120 17 387 268
G0 0.0382 122 17 377 269
R0 0.0375 121 16 390 270
Q0 0.0352 -3 -54 394 270
H3 0.0317 365 196 393 273
I3 0.0291 366 197 392 273
K0 0.0257 289 171 394 270
R0 0.0198 1 -63 226 267
C3 0.0167 117 37 327 272
H3 0.0162 132 18 307 242
C3 0.0130 365 197 393 273
C2 0.0121 365 197 393 274
C3 0.0101 290 170 390 271
J0 0.0096 131 29 326 275
C0 0.0095 131 12 329 273
R0 0.0090 0 168 202 270
R0 0.0088 221 20 393 271
Q0 0.0082 218 25 393 270
G3 0.0071 290 171 392 270
R0 0.0057 286 172 396 282
P0 0.0054 290 171 381 272
R0 0.0050 0 -40 189 190
R0 0.0046 286 74 393 270
P0 0.0044 364 197 393 275
Q0 0.0044 290 171 392 270
F3 0.0039 356 173 390 350
A0 0.0037 -11 168 211 271
R0 0.0033 -1 52 263 271
D0 0.0030 169 20 371 264
G0 0.0029 -1 171 199 269
Q0 0.0026 282 -4 392 268
R0 0.0024 -3 -60 330 195
Q0 0.0023 0 170 200 269
B0 0.0022 363 185 392 301
R0 0.0022 312 100 391 245
H3 0.0021 126 4 351 280
G0 0.0021 271 -18 390 135
C0 0.0020 365 152 392 276
R0 0.0020 0 31 165 195
K0 0.0019 -3 46 200 277
I0 0.0018 263 -26 392 149
L0 0.0018 364 148 393 276
C0 0.0018 5 24 205 278
Q0 0.0016 361 194 393 273
I3 0.0015 360 205 392 332
R0 0.0015 312 27 393 272
H3 0.0015 197 6 357 272
C0 0.0015 174 9 384 270
R0 0.0014 -13 146 234 313
C3 0.0013 0 51 188 276
H3 0.0013 0 22 195 284
R0 0.0013 268 -47 391 232
H0 0.0013 3 48 202 272
B3 0.0012 353 219 392 329
J0 0.0012 -1 24 177 203
P0 0.0011 362 193 393 326
R0 0.0011 -6 206 401 334
Q0 0.0011 349 181 393 271
L0 0.0010 224 75 383 255
Q0 0.0010 1 -41 180 179
C0 0.0010 327 222 391 330
J0 0.0010 2 41 181 272
R0 0.0010 23 -45 355 104
