D0 0.4013 -8 163 563 812
G0 0.0769 0 142 557 827
C3 0.0462 -1 14 77 131
D0 0.0408 156 124 556 891
R0 0.0369 -5 146 567 824
R0 0.0209 -11 64 756 995
R0 0.0177 17 839 757 997
Q0 0.0158 -2 143 565 814
G0 0.0142 -16 65 673 944
C0 0.0116 -2 11 77 131
Q0 0.0089 225 853 753 997
R0 0.0071 218 856 757 999
Q0 0.0062 14 11 702 979
D2 0.0058 153 577 219 627
C3 0.0053 -4 920 57 999
Q0 0.0049 409 860 754 996
C2 0.0043 153 577 219 627
R0 0.0043 -18 726 760 998
D1 0.0040 192 191 559 863
B0 0.0037 574 835 762 994
C0 0.0034 -7 -2 66 79
R0 0.0034 113 882 647 988
C3 0.0030 578 862 750 1001
H3 0.0029 575 862 753 998
B2 0.0026 153 577 219 627
C0 0.0024 -3 0 88 89
C0 0.0023 0 92 26 119
D1 0.0023 -2 143 550 722
F3 0.0022 444 860 759 997
C3 0.0019 0 -2 55 75
H3 0.0015 6 1 730 958
J0 0.0014 13 285 515 818
C0 0.0014 -3 2 71 46
D0 0.0014 576 860 751 1000
D0 0.0014 9 180 371 753
C0 0.0014 576 862 751 999
Q0 0.0013 579 760 781 1001
C0 0.0013 1 0 71 23
J0 0.0013 576 861 751 1000
R0 0.0011 -20 526 782 1003
C3 0.0011 0 -1 68 22
G0 0.0010 -33 857 663 996
