K0 0.4179 124 295 309 482
A0 0.0738 -2 -2 391 479
D1 0.0624 21 -19 268 341
C3 0.0621 0 170 205 382
K0 0.0613 36 15 262 341
B1 0.0558 22 -8 267 326
A0 0.0506 0 0 285 422
A0 0.0415 1 171 213 381
E3 0.0390 0 -1 390 479
F0 0.0341 -1 173 220 382
K0 0.0298 61 210 222 304
C3 0.0282 62 209 221 307
E0 0.0264 1 162 216 384
A0 0.0253 215 -49 386 415
D0 0.0247 0 29 137 288
A0 0.0208 -6 254 214 487
C2 0.0178 0 68 44 100
B1 0.0159 0 31 136 283
K0 0.0123 9 181 225 382
K0 0.0122 135 281 375 481
C3 0.0122 65 274 96 312
H3 0.0121 0 29 135 288
C0 0.0115 -1 27 163 293
C0 0.0093 34 18 263 378
D1 0.0074 163 -2 273 310
L0 0.0073 -17 205 325 489
B1 0.0072 -8 16 231 292
C0 0.0071 -5 5 225 318
C3 0.0069 38 61 263 355
C0 0.0064 -4 235 314 482
H3 0.0063 0 168 229 338
H3 0.0062 49 201 222 313
A0 0.0058 167 -31 393 477
E0 0.0057 1 213 323 485
K0 0.0055 -3 267 326 487
R0 0.0055 -3 -12 366 492
E0 0.0053 -51 142 352 506
E0 0.0049 21 73 388 523
K0 0.0046 21 -22 227 403
D0 0.0046 160 9 279 317
C3 0.0045 -1 180 265 421
A0 0.0042 -2 333 225 490
C0 0.0041 -7 126 377 506
C3 0.0040 90 215 210 299
A0 0.0037 111 35 387 537
J0 0.0037 0 26 136 282
C2 0.0035 65 274 95 311
B0 0.0034 -2 3 261 360
A0 0.0034 0 30 135 287
L0 0.0033 4 128 378 497
H3 0.0033 -3 213 207 508
K0 0.0032 -14 162 308 459
H3 0.0032 29 47 385 534
C3 0.0032 0 170 111 378
K0 0.0031 -42 201 387 506
A0 0.0027 76 -86 419 446
D1 0.0027 138 -27 320 337
K0 0.0027 0 30 134 135
D0 0.0027 70 12 286 316
K0 0.0024 85 298 246 485
H3 0.0024 128 -1 391 487
C3 0.0024 0 30 135 135
B0 0.0022 0 -2 364 388
K0 0.0022 0 169 122 380
H3 0.0022 -17 107 244 385
B0 0.0021 118 300 430 500
C3 0.0021 149 8 288 352
K0 0.0020 51 154 247 316
K0 0.0019 154 294 292 418
C3 0.0019 0 20 134 284
K0 0.0018 126 313 218 483
E0 0.0016 -10 8 216 413
K0 0.0016 125 -64 397 512
C2 0.0016 63 40 102 64
Q0 0.0015 -5 0 266 301
C0 0.0015 0 12 146 139
K0 0.0015 -35 4 262 455
D0 0.0014 133 -15 319 350
C0 0.0014 -37 -20 290 258
C3 0.0014 227 0 259 83
B0 0.0013 -1 30 139 273
K0 0.0013 95 260 314 462
H3 0.0013 -15 197 293 527
C0 0.0013 80 -77 394 405
A0 0.0012 151 -65 410 646
A0 0.0012 136 117 362 514
C0 0.0012 322 31 390 532
K0 0.0011 183 274 335 469
C0 0.0011 -4 -2 210 170
K0 0.0011 167 293 286 379
Q0 0.0010 0 31 139 272
K0 0.0010 67 -109 427 455
C3 0.0010 1 343 221 488
C3 0.0010 -34 151 311 472
H3 0.0010 -11 -40 211 440
K0 0.0010 95 153 360 483
N0 0.0010 0 34 145 269
