H3 0.3229 17 59 135 220
B1 0.3187 16 59 134 220
D0 0.2828 121 22 276 270
D0 0.2190 18 61 134 218
C0 0.2074 17 59 134 219
R0 0.0643 123 22 283 254
H3 0.0636 120 24 284 261
C0 0.0453 0 66 18 249
K0 0.0443 0 59 18 250
G0 0.0367 120 20 284 262
C0 0.0326 0 0 31 30
C0 0.0292 87 0 208 41
B1 0.0286 0 0 31 31
B1 0.0238 0 57 16 249
D0 0.0191 0 62 18 251
B1 0.0166 86 0 209 40
C0 0.0121 51 0 190 45
C2 0.0115 88 1 178 41
C0 0.0105 0 0 208 69
C3 0.0100 87 0 208 42
Q0 0.0073 -1 0 212 69
G3 0.0072 0 148 17 241
N0 0.0064 0 61 17 250
C3 0.0058 164 0 210 25
G3 0.0056 133 206 144 252
Q0 0.0052 270 29 408 289
B1 0.0049 34 0 190 46
B1 0.0048 0 0 32 47
C0 0.0045 0 64 30 251
R0 0.0042 262 32 408 293
K0 0.0041 86 1 211 41
N0 0.0040 117 19 286 266
F2 0.0039 -3 -1 215 70
G3 0.0034 0 71 9 174
G3 0.0033 0 65 9 236
B2 0.0032 87 0 176 41
G3 0.0030 0 57 13 172
C0 0.0029 0 -48 32 29
N0 0.0028 -1 2 21 253
G3 0.0025 0 -1 213 70
B1 0.0022 0 -50 32 30
N0 0.0021 0 124 18 252
B1 0.0020 0 50 15 182
B2 0.0020 2 -3 211 72
B1 0.0020 0 0 206 62
G3 0.0019 0 37 10 204
R0 0.0018 270 188 405 305
K0 0.0017 0 147 17 250
C0 0.0017 152 0 206 30
R0 0.0016 269 135 406 300
K0 0.0015 0 127 18 308
K0 0.0014 64 2 181 41
J0 0.0013 121 50 262 269
C0 0.0013 134 208 144 250
R0 0.0012 104 19 363 276
C0 0.0011 0 -1 31 64
C3 0.0010 3 -1 175 70
H3 0.0010 21 64 92 198
G3 0.0010 0 42 18 294
G3 0.0010 120 207 146 253
