R0 0.1011 -21 110 393 303
D0 0.0774 13 112 381 295
G0 0.0741 -5 117 388 289
J0 0.0405 16 113 370 291
D1 0.0070 10 112 302 291
R0 0.0060 -3 280 401 480
R0 0.0051 13 349 394 470
D1 0.0049 -1 93 389 281
Q0 0.0046 25 20 356 127
R0 0.0038 -16 52 392 391
Q0 0.0032 -30 1 405 104
B2 0.0028 -10 0 101 126
Q0 0.0024 172 40 200 69
Q0 0.0024 -5 269 407 468
G0 0.0021 -12 42 388 307
Q0 0.0021 8 15 291 109
E3 0.0019 -37 295 379 491
J0 0.0016 -7 219 390 293
H3 0.0016 -11 49 395 448
R0 0.0014 -7 11 398 143
R0 0.0013 -5 160 410 470
Q0 0.0013 31 33 242 121
Q0 0.0012 1 1 405 72
R0 0.0011 -9 6 408 301
J0 0.0010 -23 180 401 296
Q0 0.0010 -5 74 402 298
