D1 0.2376 88 175 622 297
B0 0.0946 88 172 622 297
O0 0.0129 111 177 647 296
E3 0.0118 2 -3 374 445
M0 0.0094 105 177 652 298
Q0 0.0056 5 -14 694 429
Q0 0.0055 7 -3 652 206
H3 0.0042 -1 -4 688 429
R0 0.0042 8 -75 663 390
N0 0.0042 3 22 679 404
N0 0.0038 104 163 655 325
Q0 0.0036 2 -1 371 437
H0 0.0022 -5 -69 684 397
C3 0.0022 18 -2 502 164
M0 0.0020 27 126 674 349
H3 0.0017 4 -2 394 443
L0 0.0014 -7 -19 728 372
E2 0.0013 0 90 370 426
C3 0.0012 205 -3 511 136
Q0 0.0012 184 -3 698 195
E2 0.0011 -24 -10 771 365
A3 0.0011 10 -3 516 142
D2 0.0010 656 0 704 233
