D0 0.7704 63 136 337 254
C0 0.3963 195 0 389 47
C0 0.3702 -6 33 206 189
C0 0.1717 0 15 264 178
C0 0.1226 73 136 339 255
G3 0.0759 190 0 391 46
C0 0.0661 160 43 393 125
C0 0.0584 1 11 340 220
D0 0.0452 16 237 316 386
B3 0.0314 14 236 319 388
C0 0.0160 19 239 313 387
H3 0.0159 18 239 313 387
C0 0.0132 0 0 152 54
N0 0.0117 16 238 320 386
N0 0.0116 24 223 122 391
C0 0.0093 283 25 366 73
D0 0.0086 0 0 149 54
G3 0.0075 318 -1 388 37
C0 0.0060 -5 72 95 111
C0 0.0040 324 0 390 37
C0 0.0040 320 36 390 106
C0 0.0039 180 7 391 109
C0 0.0034 -6 4 393 165
C0 0.0033 0 70 107 138
C0 0.0032 145 16 252 53
C0 0.0029 222 27 389 88
C0 0.0028 0 22 295 364
C0 0.0027 27 140 339 297
C0 0.0027 11 145 340 389
C0 0.0026 1 80 343 285
B1 0.0024 146 249 303 380
C0 0.0023 314 61 391 99
G3 0.0019 160 47 312 110
C0 0.0018 140 16 229 44
B1 0.0018 247 247 302 380
C0 0.0014 270 23 387 78
C0 0.0013 -4 -1 395 85
C0 0.0013 0 29 202 136
C1 0.0013 26 220 117 387
C0 0.0012 97 30 177 83
C0 0.0012 -1 -3 152 141
C0 0.0011 344 32 374 48
C0 0.0011 37 47 186 200
B1 0.0010 200 258 238 386
B1 0.0010 45 244 271 380
C0 0.0010 236 0 343 46
C0 0.0010 312 80 390 107
