B2 0.1105 81 -37 380 589
K0 0.0649 359 444 431 600
D1 0.0403 99 -27 377 539
D0 0.0301 93 -2 376 509
D2 0.0258 6 38 442 598
N0 0.0241 97 0 378 592
B0 0.0224 101 -3 376 468
H3 0.0204 -2 66 469 603
D1 0.0202 71 71 387 637
M0 0.0200 104 0 378 600
D0 0.0196 100 113 357 627
N0 0.0163 11 2 450 591
H3 0.0134 105 -17 382 465
B2 0.0060 44 -107 449 765
F0 0.0058 91 16 413 600
B3 0.0057 88 63 399 641
B0 0.0053 76 73 438 599
M0 0.0046 22 79 448 604
D0 0.0046 100 15 265 654
C2 0.0040 359 206 428 260
D1 0.0039 86 -39 311 645
C2 0.0032 361 448 431 541
K0 0.0028 359 342 459 605
B1 0.0026 89 163 368 599
B3 0.0020 72 -94 463 751
C3 0.0019 358 450 432 593
B3 0.0019 105 -38 385 533
C2 0.0017 359 136 413 191
C3 0.0016 101 204 360 595
C3 0.0015 1 0 130 102
N0 0.0015 0 73 121 607
C2 0.0015 359 287 405 343
C0 0.0015 1 74 121 600
B2 0.0015 175 298 251 331
C3 0.0014 359 557 415 600
H0 0.0014 0 72 120 598
Q0 0.0014 0 72 123 604
E2 0.0013 91 -62 473 645
A0 0.0013 362 340 461 599
Q0 0.0013 312 1 463 181
B2 0.0012 364 207 427 257
C3 0.0012 359 536 388 570
A0 0.0012 2 73 119 598
B2 0.0012 360 136 413 186
F0 0.0011 1 70 122 603
C3 0.0010 359 535 414 598
Q0 0.0010 -1 0 139 104
C3 0.0010 357 63 392 140
