K0 0.3674 -2 110 142 241
D0 0.2294 193 1 313 145
C0 0.1534 241 62 312 124
R0 0.1500 103 166 313 372
A0 0.1411 0 111 140 241
D0 0.1295 96 181 306 393
D0 0.0840 239 61 312 125
D0 0.0808 277 0 312 40
A0 0.0683 1 0 183 119
K0 0.0603 25 0 184 110
C3 0.0468 126 97 167 138
C0 0.0462 64 281 305 418
G0 0.0446 93 162 311 391
C3 0.0399 277 0 312 40
H3 0.0337 193 0 313 148
C0 0.0325 276 0 312 39
C0 0.0311 191 0 313 145
C3 0.0264 110 161 159 201
K0 0.0111 78 0 188 110
J0 0.0104 277 0 312 41
K0 0.0101 0 36 66 74
D1 0.0091 276 0 312 40
K0 0.0090 0 1 67 75
E3 0.0084 0 1 183 134
G0 0.0084 193 1 311 152
C0 0.0075 91 57 183 111
K0 0.0075 90 59 183 110
C0 0.0064 112 134 315 227
C2 0.0059 110 161 156 199
C2 0.0058 0 222 15 265
D0 0.0053 197 51 312 148
C0 0.0038 195 58 312 146
D0 0.0037 107 158 307 317
C0 0.0036 124 303 308 419
C0 0.0032 224 60 311 136
C0 0.0032 91 192 172 296
K0 0.0031 0 70 87 139
K0 0.0030 56 281 279 423
C2 0.0030 153 140 211 177
C2 0.0028 188 238 260 272
K0 0.0027 5 103 193 253
K0 0.0027 45 0 180 23
J0 0.0027 173 140 311 218
K0 0.0024 3 0 155 91
C0 0.0024 88 39 201 163
C0 0.0024 210 139 309 171
C3 0.0022 153 140 211 177
B2 0.0022 286 0 313 17
C3 0.0021 0 0 24 10
C3 0.0021 286 0 313 17
C0 0.0021 2 91 234 263
K0 0.0020 5 30 179 130
K0 0.0019 3 253 170 415
K0 0.0019 0 254 48 298
E3 0.0019 0 74 99 262
H3 0.0018 0 0 313 413
K0 0.0018 6 0 125 70
C0 0.0018 91 168 206 307
K0 0.0016 37 0 181 76
D0 0.0015 117 155 302 240
C0 0.0015 4 245 171 415
K0 0.0014 6 27 133 121
K0 0.0014 121 0 185 29
Q0 0.0013 1 0 184 119
K0 0.0013 4 1 110 131
R0 0.0013 196 -2 312 151
C0 0.0013 173 138 312 220
G0 0.0012 53 41 315 403
J0 0.0012 194 -6 303 151
H3 0.0012 94 154 304 353
K0 0.0012 74 280 159 414
K0 0.0011 1 86 108 253
K0 0.0011 67 0 182 31
C0 0.0011 81 25 222 190
C3 0.0011 123 0 186 30
K0 0.0010 1 29 71 115
