D0 0.3634 6 171 300 395
H3 0.2958 0 168 326 382
B1 0.1705 10 167 319 398
G0 0.0902 0 -1 317 261
R0 0.0703 1 315 304 489
G0 0.0655 0 -3 317 461
R0 0.0570 -2 0 316 471
C0 0.0468 29 170 316 396
G0 0.0258 0 311 307 488
H3 0.0235 -2 4 317 456
A0 0.0185 32 285 292 496
N0 0.0092 0 151 310 395
O0 0.0084 -1 167 308 393
B0 0.0081 -1 163 311 396
G0 0.0074 -1 107 314 408
K0 0.0059 272 57 321 544
K0 0.0036 291 76 320 532
A0 0.0029 14 196 288 397
R0 0.0028 -3 156 320 492
F2 0.0023 15 0 351 71
A0 0.0022 25 182 311 539
C3 0.0018 298 0 320 67
D0 0.0018 -8 424 262 488
H3 0.0018 7 162 304 313
C3 0.0018 294 151 318 250
R0 0.0017 -73 -41 389 317
K0 0.0017 245 22 319 598
D1 0.0017 -36 14 346 296
F2 0.0016 -52 -38 393 216
D1 0.0016 -20 83 333 264
D1 0.0015 -7 -1 342 65
J0 0.0014 3 296 294 492
C0 0.0013 294 124 319 306
B3 0.0013 252 112 320 543
E2 0.0012 -31 -11 394 106
D0 0.0011 -19 -9 333 439
K0 0.0011 293 111 320 290
D1 0.0010 5 354 276 493
C0 0.0010 294 150 318 250
R0 0.0010 66 276 303 498
