B1 0.2227 11 133 206 259
H3 0.1584 -37 156 280 467
H3 0.1319 44 177 226 297
B1 0.1273 43 181 221 296
H3 0.1077 87 184 329 424
Q0 0.0923 -2 0 167 138
R0 0.0818 190 82 393 374
H3 0.0795 1 163 261 410
H3 0.0390 53 179 252 356
R0 0.0360 191 348 398 493
R0 0.0325 -3 -1 166 146
Q0 0.0304 5 108 326 488
A0 0.0247 0 74 146 185
H3 0.0220 101 204 272 403
B1 0.0217 67 182 253 358
Q0 0.0216 191 80 390 375
C0 0.0203 41 180 225 297
Q0 0.0163 199 349 392 489
B0 0.0160 13 131 201 263
R0 0.0157 10 349 390 491
R0 0.0157 104 152 323 485
H3 0.0154 -2 201 357 497
K0 0.0149 -2 277 155 490
C0 0.0146 134 224 322 464
C0 0.0145 69 185 258 366
J0 0.0136 111 220 271 393
R0 0.0121 108 193 307 429
J0 0.0109 170 325 324 474
J0 0.0109 0 77 145 184
C2 0.0098 29 285 84 361
J0 0.0095 136 263 323 446
H3 0.0090 10 128 209 277
R0 0.0086 0 73 147 186
B0 0.0085 11 125 328 488
R0 0.0083 168 322 323 475
B1 0.0082 38 131 195 222
D0 0.0081 9 127 328 485
H3 0.0080 124 141 324 478
D2 0.0069 166 324 323 474
H3 0.0068 106 239 317 448
C0 0.0066 108 172 214 217
J0 0.0063 109 193 313 447
K0 0.0062 0 278 106 475
Q0 0.0060 159 2 386 161
G3 0.0060 96 196 212 272
C2 0.0058 210 185 246 222
Q0 0.0056 6 347 393 490
C0 0.0055 0 169 211 454
B1 0.0054 102 173 215 218
C0 0.0052 7 128 199 241
D2 0.0046 2 342 150 491
C0 0.0045 64 132 196 218
J0 0.0042 180 102 391 382
B2 0.0041 1 320 151 487
Q0 0.0040 -21 186 387 493
G3 0.0040 210 185 246 222
C0 0.0038 16 224 228 480
C0 0.0036 2 76 160 199
H3 0.0034 0 74 146 186
G3 0.0034 62 189 207 296
H3 0.0034 3 172 181 463
J0 0.0031 0 22 152 143
E3 0.0029 -1 282 151 492
C3 0.0022 150 174 215 214
J0 0.0020 196 347 387 489
K0 0.0020 0 279 85 407
H3 0.0018 163 301 324 480
Q0 0.0018 148 2 402 97
B2 0.0017 210 185 245 222
C0 0.0017 60 138 234 244
C0 0.0017 86 173 228 244
Q0 0.0016 140 376 443 488
R0 0.0016 160 -1 299 134
R0 0.0015 156 0 394 185
H3 0.0015 26 193 137 255
K0 0.0013 -9 249 220 490
R0 0.0012 94 365 439 485
K0 0.0012 0 300 79 455
K0 0.0011 -11 162 180 506
R0 0.0011 -3 21 165 197
H3 0.0011 12 131 183 229
Q0 0.0011 1 14 158 184
N0 0.0010 92 196 208 280
R0 0.0010 0 1 155 102
N0 0.0010 60 188 211 299
C2 0.0010 0 365 39 446
