J0 0.8750 109 43 240 319
C0 0.6363 254 330 354 523
H3 0.2345 253 43 355 246
C0 0.1128 254 47 354 241
D0 0.1042 254 330 354 520
D0 0.0687 53 362 203 526
J0 0.0540 254 39 355 240
C0 0.0288 303 234 355 330
J0 0.0191 303 234 355 330
B1 0.0048 52 360 201 527
C0 0.0032 258 0 354 49
C0 0.0028 234 513 345 532
C0 0.0020 61 324 341 528
C0 0.0018 230 484 348 529
J0 0.0017 258 0 355 49
C3 0.0014 410 485 444 531
C0 0.0014 234 503 397 530
H3 0.0012 51 358 206 527
C0 0.0011 253 20 357 534
C3 0.0010 425 438 442 518
