B1 0.3553 224 306 358 419
D0 0.1716 224 306 358 419
D0 0.1508 41 58 267 346
C0 0.1374 45 45 270 352
H3 0.1318 223 306 360 421
C0 0.0988 223 306 358 418
C2 0.0703 102 87 155 126
C3 0.0569 43 57 262 338
C2 0.0250 236 83 281 126
K0 0.0245 38 41 268 355
J0 0.0191 253 0 393 13
C3 0.0175 225 305 356 420
O0 0.0159 223 306 357 420
O0 0.0093 44 37 256 332
L0 0.0082 45 35 256 333
E2 0.0079 -18 0 347 36
Q0 0.0072 44 36 255 333
Q0 0.0068 17 0 398 37
M0 0.0063 46 34 259 333
D2 0.0057 104 86 153 127
H3 0.0054 42 54 248 342
N0 0.0049 46 34 259 332
H3 0.0048 14 19 399 470
J0 0.0045 251 0 395 25
B2 0.0041 237 83 281 125
N0 0.0039 236 305 352 419
B0 0.0038 48 32 265 341
E2 0.0035 -13 0 345 20
O0 0.0032 154 426 293 475
K0 0.0030 215 305 353 422
C3 0.0024 254 0 400 12
C0 0.0021 73 0 349 401
D1 0.0021 -22 0 400 41
J0 0.0020 -15 -2 401 47
B0 0.0019 130 438 290 477
B0 0.0019 28 21 387 457
H3 0.0015 33 24 337 335
E2 0.0015 -1 -2 403 25
G3 0.0015 181 425 288 471
J0 0.0014 6 0 334 36
H3 0.0014 -40 48 -6 260
O0 0.0012 179 428 262 472
B2 0.0012 105 87 152 126
H3 0.0012 252 0 401 36
I3 0.0011 -40 48 -5 274
F3 0.0011 76 427 318 478
M0 0.0010 123 439 353 479
L0 0.0010 -40 44 -7 237
