D0 0.2666 78 232 341 659
D0 0.2208 -2 128 116 608
R0 0.1169 71 210 354 640
D1 0.1144 78 191 350 654
G0 0.0767 72 193 360 649
B1 0.0562 68 199 355 669
G0 0.0306 44 41 404 652
H3 0.0297 -3 107 121 596
A0 0.0154 -9 -2 456 649
H3 0.0131 -7 -4 457 650
Q0 0.0129 -3 -3 454 647
G0 0.0116 -1 120 122 608
D0 0.0111 -48 111 110 629
D2 0.0098 -9 -1 457 645
N0 0.0060 -3 120 125 613
H3 0.0056 -42 74 111 647
F2 0.0055 -4 -2 454 639
H3 0.0053 -101 24 117 679
C0 0.0038 -99 78 112 652
R0 0.0035 -2 124 121 535
N0 0.0026 0 426 68 600
C0 0.0021 0 90 123 585
H3 0.0021 82 185 360 601
C0 0.0017 0 123 117 291
C3 0.0015 134 642 191 655
N0 0.0014 -53 60 139 631
C0 0.0013 131 641 194 655
B1 0.0012 -2 100 121 624
C0 0.0011 129 637 236 655
C0 0.0010 0 224 104 623
