H3 0.2091 160 230 329 793
D0 0.1815 163 260 326 772
C0 0.1653 160 242 327 782
E3 0.0276 182 0 494 893
E3 0.0268 271 2 491 506
E3 0.0215 14 0 500 877
K0 0.0152 -4 435 404 897
Q0 0.0116 -14 0 499 879
H3 0.0107 129 298 481 775
D2 0.0099 230 832 319 887
R0 0.0080 -6 -1 478 512
Q0 0.0075 -5 -3 439 457
C2 0.0068 231 832 319 886
E3 0.0067 0 442 397 888
P0 0.0066 266 -14 493 601
C0 0.0062 2 417 419 900
B3 0.0061 165 279 324 762
R0 0.0057 6 -18 492 890
C0 0.0046 152 373 486 792
A3 0.0043 266 29 491 555
H3 0.0039 243 26 494 868
A0 0.0039 125 0 499 887
C0 0.0039 300 381 489 806
E3 0.0037 251 702 491 888
C0 0.0037 41 0 439 111
Q0 0.0033 264 5 494 508
R0 0.0032 28 -10 398 317
H3 0.0032 280 354 489 765
R0 0.0023 253 21 494 870
H3 0.0021 18 63 470 892
H3 0.0020 153 129 489 836
L0 0.0020 8 1 438 106
C0 0.0020 275 472 489 900
C0 0.0017 249 0 427 107
Q0 0.0017 11 447 397 885
C3 0.0016 411 491 491 668
C3 0.0016 408 695 492 794
A0 0.0016 271 28 488 568
B2 0.0015 230 833 319 887
C0 0.0015 3 -1 542 633
Q0 0.0015 -16 0 422 295
Q0 0.0014 -1 0 431 121
C3 0.0014 271 27 490 581
H3 0.0014 260 214 492 705
C0 0.0014 393 410 489 811
K0 0.0012 8 814 314 888
H3 0.0012 63 354 495 879
K0 0.0012 137 292 331 752
C0 0.0012 134 419 386 859
C0 0.0011 269 139 493 779
K0 0.0011 266 33 491 548
H0 0.0011 259 -57 495 937
C0 0.0011 271 259 490 668
C3 0.0010 382 57 451 159
