D1 0.1312 -6 40 239 188
R0 0.0647 0 0 64 32
B1 0.0609 0 0 64 32
G0 0.0419 7 65 224 181
D0 0.0321 4 63 225 181
R0 0.0294 6 52 230 224
H3 0.0265 3 57 228 217
C0 0.0208 8 51 217 184
D1 0.0207 44 39 227 169
D1 0.0203 9 57 208 176
D1 0.0192 0 0 64 32
H3 0.0151 4 1 228 198
G0 0.0150 5 0 226 185
R0 0.0129 23 69 209 182
D0 0.0128 5 0 228 186
D1 0.0089 -3 83 218 203
C0 0.0083 59 42 224 170
J0 0.0074 17 78 202 187
A2 0.0059 -9 12 259 185
J0 0.0047 61 96 228 181
D1 0.0044 8 97 190 189
B1 0.0039 0 117 13 235
C0 0.0039 -3 4 266 196
D1 0.0039 -45 -2 258 188
B1 0.0030 -5 7 242 181
D0 0.0022 72 96 225 182
E3 0.0022 3 -2 75 30
B1 0.0021 0 45 19 232
J0 0.0021 31 40 238 195
C0 0.0020 38 15 241 179
N0 0.0016 3 -1 74 38
B1 0.0014 0 87 16 239
G3 0.0013 1 -2 86 27
C2 0.0013 14 0 62 28
