I3 0.4204 193 0 263 57
A2 0.1904 3 186 83 258
F0 0.1601 193 0 262 57
E0 0.1561 149 -1 264 92
C3 0.1080 152 0 262 89
H3 0.0932 150 0 264 92
L0 0.0904 150 -1 265 90
G0 0.0749 36 2 262 236
D0 0.0533 0 138 128 264
B1 0.0439 39 53 257 234
G0 0.0436 0 129 139 262
R0 0.0432 25 51 263 235
D1 0.0424 10 17 238 256
C0 0.0332 0 135 131 262
D0 0.0322 28 4 263 236
C3 0.0270 192 0 262 57
D1 0.0269 53 62 237 238
C0 0.0260 23 39 213 250
B3 0.0251 177 0 260 68
D0 0.0246 46 66 249 235
B1 0.0240 13 36 304 249
C3 0.0235 3 184 83 258
O0 0.0226 188 0 262 57
C3 0.0201 3 181 126 263
A2 0.0201 1 184 124 262
H3 0.0172 184 0 260 61
O0 0.0127 155 0 261 86
E2 0.0123 193 0 262 32
D1 0.0119 31 34 217 220
C2 0.0098 199 201 233 234
F0 0.0088 194 0 259 34
H3 0.0086 0 130 118 262
I3 0.0078 212 0 263 17
D1 0.0077 2 77 163 278
D0 0.0076 3 182 124 263
B1 0.0075 -6 60 185 287
E2 0.0075 212 0 262 17
B0 0.0071 212 0 263 17
M0 0.0064 171 0 262 77
B1 0.0062 17 -4 235 233
C0 0.0060 2 175 124 261
Q0 0.0056 152 0 261 89
M0 0.0050 189 0 262 57
D0 0.0049 0 141 88 270
D0 0.0043 70 99 223 237
B1 0.0042 0 164 41 203
B1 0.0040 199 198 262 263
C0 0.0039 0 165 41 205
C3 0.0037 181 0 247 32
D1 0.0036 199 198 262 263
C0 0.0036 161 155 263 264
F2 0.0033 159 0 250 32
D1 0.0032 -17 -41 298 298
H3 0.0031 4 6 265 259
R0 0.0030 101 76 255 228
C3 0.0030 0 170 29 199
C3 0.0030 35 19 214 212
F0 0.0028 210 0 263 18
C0 0.0027 198 197 261 263
D1 0.0026 0 164 42 205
H3 0.0026 0 127 81 248
C2 0.0024 213 0 265 17
D1 0.0024 -7 -38 263 213
C0 0.0023 0 231 25 263
H3 0.0021 0 129 71 216
D1 0.0019 0 136 85 269
I3 0.0017 203 1 263 34
C0 0.0017 0 151 85 264
G0 0.0017 0 -1 144 263
B1 0.0016 -5 -33 270 260
C0 0.0016 144 -1 251 30
C3 0.0015 0 235 23 262
B1 0.0015 -29 -50 326 309
C0 0.0015 197 155 262 266
D1 0.0015 5 13 138 283
D1 0.0013 222 225 261 262
R0 0.0013 0 0 146 262
C2 0.0012 199 205 239 240
N0 0.0012 163 0 262 63
G0 0.0012 111 232 264 265
Q0 0.0011 0 0 140 263
C0 0.0011 221 224 263 262
B0 0.0011 42 25 265 241
D1 0.0011 37 -8 217 186
J0 0.0010 0 231 25 263
D1 0.0010 20 43 132 241
