H3 0.0834 45 205 549 568
G0 0.0775 49 178 597 595
R0 0.0640 52 173 598 600
D0 0.0491 44 174 598 598
A0 0.0426 49 158 626 642
Q0 0.0369 398 0 599 178
A3 0.0267 284 448 507 600
H3 0.0228 22 72 596 594
E3 0.0203 6 11 597 596
H3 0.0155 -11 162 625 528
E3 0.0154 399 2 600 178
Q0 0.0151 38 95 597 593
A2 0.0126 9 157 619 665
C3 0.0116 288 445 506 600
R0 0.0111 120 189 573 509
R0 0.0107 401 -1 602 180
A0 0.0105 -15 115 722 698
R0 0.0103 -2 0 428 103
H3 0.0099 132 182 564 499
E0 0.0082 289 448 505 600
C3 0.0070 357 581 393 600
B1 0.0042 67 228 490 626
Q0 0.0042 1 -1 426 104
F0 0.0038 21 74 600 597
Q0 0.0034 7 38 594 464
D0 0.0034 59 248 433 611
R0 0.0033 3 21 595 508
R0 0.0019 403 1 596 103
R0 0.0018 -7 0 568 187
H3 0.0016 -1 49 599 394
E3 0.0015 290 448 506 598
C0 0.0015 357 582 393 600
G3 0.0015 283 447 575 601
O0 0.0014 288 446 508 600
J0 0.0012 397 38 599 173
G3 0.0011 0 -48 20 283
E3 0.0010 423 -5 592 121
