C0 0.1534 15 71 174 177
D1 0.1250 0 3 59 22
H3 0.0787 16 73 196 176
C0 0.0560 0 4 59 21
R0 0.0474 0 4 59 21
H3 0.0358 -4 57 165 171
B1 0.0300 0 4 59 21
H3 0.0185 3 1 205 184
D0 0.0158 2 -1 207 184
D0 0.0095 10 66 194 174
C2 0.0088 0 4 59 21
G0 0.0083 0 0 209 187
B0 0.0079 12 76 190 176
Q0 0.0047 0 3 78 116
R0 0.0047 0 7 136 164
R0 0.0036 0 -3 204 205
H3 0.0033 -30 62 229 164
L0 0.0032 -15 15 162 178
H3 0.0031 4 -4 132 166
C0 0.0031 -1 -1 67 24
J0 0.0030 -5 11 144 171
R0 0.0024 0 2 59 39
K0 0.0022 -2 -5 69 23
C3 0.0021 3 4 57 22
H3 0.0014 47 74 194 151
R0 0.0013 0 1 80 123
B3 0.0011 0 2 60 43
P0 0.0011 -1 0 59 20
C0 0.0010 0 1 60 31
