G0 0.1349 14 15 357 335
D0 0.0768 6 14 359 335
B1 0.0313 2 21 350 349
H3 0.0300 0 16 363 345
D1 0.0260 10 37 344 345
H3 0.0249 3 0 284 288
C0 0.0216 105 23 224 112
R0 0.0210 20 73 340 335
C2 0.0184 18 233 85 294
C3 0.0151 18 234 85 295
C0 0.0150 12 225 86 298
B1 0.0076 -19 -27 410 386
F2 0.0050 196 65 302 138
C0 0.0048 -6 0 304 326
J0 0.0048 40 78 385 339
F2 0.0039 -12 -11 312 349
D1 0.0039 19 102 294 342
C3 0.0036 13 226 40 252
D0 0.0029 -4 89 296 351
J0 0.0026 0 13 289 343
D1 0.0025 118 29 340 243
B1 0.0025 0 3 36 121
R0 0.0024 145 76 352 283
D1 0.0024 145 63 357 273
C2 0.0023 13 226 40 252
B1 0.0020 85 50 371 338
D0 0.0018 22 15 262 308
B3 0.0016 11 222 87 304
C0 0.0016 92 40 372 327
H3 0.0016 38 18 245 191
D1 0.0015 97 49 379 308
D0 0.0013 0 71 200 334
B0 0.0013 88 14 399 320
H3 0.0012 81 21 227 113
F2 0.0012 179 51 307 156
C3 0.0010 69 20 232 116
H3 0.0010 32 9 216 260
