R0 0.2392 25 0 144 61
D1 0.0484 40 12 367 489
C3 0.0324 296 109 320 150
D0 0.0246 74 5 406 475
B1 0.0239 60 29 394 489
G0 0.0217 76 6 403 473
H3 0.0190 69 2 410 477
C0 0.0155 59 83 375 502
D1 0.0123 141 32 425 521
R0 0.0110 16 -4 171 112
D1 0.0058 67 -26 427 433
D1 0.0051 62 -44 286 505
G0 0.0041 -1 -4 237 474
B1 0.0036 -2 -33 225 420
R0 0.0036 125 -22 401 381
B3 0.0031 166 68 451 490
C0 0.0028 71 164 324 490
D1 0.0025 225 7 425 478
R0 0.0019 1 4 160 50
C0 0.0019 73 67 278 498
H3 0.0018 151 -7 402 318
R0 0.0016 314 16 501 487
R0 0.0016 15 -2 180 70
D1 0.0016 10 -33 239 427
F3 0.0015 396 83 484 410
R0 0.0014 -1 -15 140 91
Q0 0.0014 304 278 490 482
Q0 0.0013 325 18 498 478
F3 0.0013 353 54 487 452
B1 0.0012 -23 -112 250 480
B1 0.0012 -21 14 179 405
D1 0.0012 173 55 514 485
R0 0.0011 4 354 483 484
G0 0.0010 0 2 207 329
Q0 0.0010 230 342 483 480
G0 0.0010 342 22 496 469
G3 0.0010 187 389 483 483
D1 0.0010 72 57 261 480
