A0 0.2051 3 31 674 540
A2 0.0369 68 32 704 487
G0 0.0347 0 36 670 536
R0 0.0338 0 23 679 548
A2 0.0295 -112 36 796 566
H3 0.0276 65 -17 707 505
D0 0.0260 3 34 667 542
N0 0.0147 1 33 669 526
D1 0.0115 37 41 713 184
Q0 0.0114 1 30 662 546
H3 0.0096 20 33 652 324
F2 0.0065 -150 -69 727 585
C0 0.0035 -55 -15 637 533
A2 0.0035 -46 -81 679 523
Q0 0.0034 400 420 673 623
D1 0.0033 6 22 717 250
R0 0.0032 -5 464 673 555
C3 0.0029 0 537 31 555
B1 0.0023 69 16 694 322
B1 0.0022 -91 25 789 220
H3 0.0022 241 48 684 495
Q0 0.0020 1 451 667 556
A0 0.0020 -151 -86 653 594
A2 0.0019 133 71 616 570
Q0 0.0018 4 437 678 600
A2 0.0017 178 86 551 476
A0 0.0017 -24 -86 425 632
R0 0.0017 -16 500 682 606
F3 0.0016 13 544 473 617
B0 0.0014 6 37 587 170
A2 0.0013 220 117 695 519
F3 0.0012 241 446 663 615
F3 0.0012 -9 539 654 618
R0 0.0012 -10 482 540 553
H3 0.0011 25 39 574 189
B1 0.0011 -200 -147 734 650
E3 0.0011 1 474 190 576
F3 0.0010 -6 488 500 606
B1 0.0010 -24 -72 474 582
B0 0.0010 -43 38 682 213
