D0 0.4744 220 205 362 396
C0 0.3464 217 207 362 396
B1 0.1082 44 96 884 600
D0 0.0731 79 91 827 602
H3 0.0701 74 94 838 566
A2 0.0494 -60 86 1021 605
C0 0.0459 67 70 832 593
D0 0.0456 188 144 373 482
N0 0.0182 219 205 359 393
C0 0.0154 182 183 454 447
H3 0.0124 -114 51 1041 605
C0 0.0115 -89 84 1096 606
C3 0.0095 35 95 941 591
H3 0.0071 222 196 373 429
C3 0.0062 219 206 359 397
G0 0.0054 57 83 920 579
C0 0.0053 240 107 956 586
D0 0.0045 84 73 435 572
F2 0.0018 54 59 907 490
K0 0.0012 -130 9 1106 534
C0 0.0012 119 170 475 541
F2 0.0011 20 141 968 625
C0 0.0011 66 63 466 599
