G0 0.2391 14 38 581 418
D0 0.1037 15 34 587 416
R0 0.0445 45 67 596 453
A2 0.0298 45 34 585 439
F2 0.0289 70 50 548 422
H3 0.0180 70 14 561 439
L0 0.0155 -2 36 532 498
C2 0.0133 109 182 147 270
F2 0.0128 33 -68 597 518
E2 0.0088 35 70 471 457
C0 0.0083 -32 68 605 504
D0 0.0081 44 104 472 452
D1 0.0077 41 28 586 245
C0 0.0076 42 85 501 478
H3 0.0071 -5 -122 666 541
R0 0.0063 31 -43 652 495
E2 0.0045 -34 43 639 532
J0 0.0038 59 122 490 458
H3 0.0034 9 -3 623 358
R0 0.0034 26 0 604 346
D1 0.0028 41 0 605 351
E2 0.0026 22 148 588 483
R0 0.0025 14 390 587 475
J0 0.0021 -30 114 602 497
B1 0.0015 60 18 603 323
J0 0.0013 178 68 606 443
E0 0.0013 4 -32 583 126
E2 0.0012 19 -28 582 367
E0 0.0010 2 -37 587 206
