D0 0.1379 467 120 674 560
C0 0.1074 166 155 507 486
C0 0.0865 195 179 467 419
D0 0.0730 179 151 515 493
K0 0.0531 187 187 470 425
H3 0.0453 4 87 677 574
B1 0.0366 126 158 523 451
N0 0.0144 23 116 666 552
H3 0.0140 243 151 668 550
D0 0.0128 125 186 580 523
D0 0.0128 365 115 677 572
C0 0.0119 176 152 659 597
H3 0.0084 160 161 474 447
C0 0.0083 427 94 673 549
H3 0.0063 77 153 630 536
F3 0.0041 42 528 667 646
C0 0.0040 107 217 588 525
C2 0.0039 289 233 405 345
R0 0.0038 48 543 663 643
D0 0.0034 85 156 689 574
C2 0.0030 212 242 336 361
C1 0.0030 57 558 667 642
F3 0.0028 80 571 649 655
C3 0.0028 252 263 397 404
A0 0.0022 169 242 657 566
C2 0.0020 274 242 380 346
N0 0.0018 252 253 393 403
C1 0.0015 24 564 667 676
F2 0.0015 78 576 425 651
C2 0.0014 294 259 407 403
D2 0.0014 430 531 674 682
C2 0.0013 307 228 416 370
D2 0.0012 492 556 673 678
Q0 0.0012 -15 -22 678 69
C2 0.0011 243 243 389 404
C0 0.0010 45 118 748 634
C3 0.0010 237 348 273 383
