A0 0.1154 3 115 705 601
H3 0.0506 2 115 709 620
Q0 0.0328 0 116 702 604
A0 0.0317 194 182 730 606
G0 0.0229 3 117 697 596
F2 0.0209 72 57 729 666
H3 0.0145 378 114 700 590
H3 0.0121 10 93 567 519
A2 0.0101 62 48 722 636
B1 0.0086 8 128 301 559
H3 0.0077 -152 61 726 555
C2 0.0076 103 296 218 332
F2 0.0060 -121 35 709 542
K0 0.0055 467 154 708 595
C0 0.0054 -40 51 609 580
F2 0.0041 -14 -80 747 729
R0 0.0040 316 160 710 604
C3 0.0040 253 213 713 603
A2 0.0040 -104 -10 652 666
C3 0.0039 400 162 708 602
D0 0.0038 427 143 711 603
Q0 0.0031 4 -17 706 105
H3 0.0029 311 6 710 692
R0 0.0021 -1 506 716 687
F2 0.0017 -80 90 812 390
A3 0.0017 120 39 777 685
R0 0.0015 62 572 659 682
F3 0.0015 21 601 678 688
Q0 0.0014 35 515 692 684
R0 0.0013 26 601 687 691
C0 0.0012 411 103 712 596
H3 0.0011 -41 6 554 619
R0 0.0011 8 122 288 534
B2 0.0010 106 296 215 330
Q0 0.0010 -1 440 710 688
