G0 0.2171 0 -4 644 583
R0 0.1227 2 -8 641 578
A2 0.0583 -10 80 715 564
R0 0.0555 16 21 474 470
B1 0.0479 60 84 696 614
C0 0.0385 -75 86 715 572
A2 0.0368 -92 -15 795 626
B1 0.0185 -121 -65 822 669
C0 0.0161 -134 -28 718 677
R0 0.0159 -108 -79 821 680
Q0 0.0104 3 -1 636 566
D1 0.0092 -110 -137 836 730
C3 0.0087 458 0 549 21
C0 0.0083 133 142 638 590
R0 0.0076 165 81 666 625
C2 0.0073 458 0 546 21
C3 0.0059 461 -2 642 74
C0 0.0058 99 -1 611 545
F2 0.0058 -38 -56 591 549
C0 0.0057 188 110 459 438
R0 0.0057 -4 265 497 633
C0 0.0050 458 -1 545 21
C3 0.0049 270 240 327 303
C0 0.0047 459 -2 643 71
J0 0.0046 -51 151 592 588
D0 0.0044 460 -2 644 72
B2 0.0042 29 302 431 570
A2 0.0040 -29 -50 555 655
R0 0.0032 462 -1 645 72
Q0 0.0032 443 266 644 634
D1 0.0030 43 313 431 573
C3 0.0029 183 584 208 601
D1 0.0023 42 -129 706 657
C0 0.0023 221 149 408 382
R0 0.0023 441 286 646 634
L0 0.0022 -6 142 493 595
C0 0.0019 462 -2 591 19
R0 0.0017 48 321 449 573
J0 0.0017 62 332 433 575
G3 0.0015 0 209 10 617
R0 0.0014 0 429 502 638
F2 0.0014 183 586 207 602
Q0 0.0014 438 22 646 642
R0 0.0014 435 3 648 643
R0 0.0014 -65 -65 601 468
Q0 0.0014 11 -3 631 263
F2 0.0013 183 586 219 604
C0 0.0013 243 172 384 344
F0 0.0012 23 470 34 480
D2 0.0012 27 285 443 545
C2 0.0012 271 248 319 301
Q0 0.0012 1 272 505 626
M0 0.0011 455 -3 650 68
E2 0.0011 154 513 462 633
D2 0.0010 0 247 24 598
R0 0.0010 2 499 500 630
C0 0.0010 466 -3 644 35
