D1 0.2164 250 25 361 499
C0 0.1686 20 25 96 97
D1 0.1371 122 -25 230 537
B1 0.1282 126 67 239 474
B1 0.1230 255 71 363 473
D1 0.1060 167 25 240 509
B1 0.1032 171 57 239 482
C2 0.0792 19 25 97 97
C2 0.0625 313 2 366 49
C2 0.0602 95 7 141 49
D1 0.0497 132 64 235 479
O0 0.0362 21 23 96 100
N0 0.0351 251 6 368 459
B1 0.0334 166 -59 244 525
B1 0.0317 226 -11 328 548
B1 0.0316 203 -5 303 537
B1 0.0314 242 43 314 496
F0 0.0303 20 24 96 97
C2 0.0278 287 125 331 180
D1 0.0209 207 -31 356 552
B1 0.0200 176 -6 277 538
B3 0.0185 20 22 98 102
C2 0.0170 93 138 141 180
B0 0.0168 123 14 240 476
B0 0.0166 254 21 366 448
C3 0.0161 287 124 331 180
N0 0.0158 125 12 239 469
N0 0.0134 176 7 378 472
C2 0.0121 94 258 141 299
C3 0.0115 21 25 96 96
D1 0.0112 157 -80 282 589
D1 0.0101 138 -104 240 493
D1 0.0095 142 -6 239 388
G0 0.0091 121 10 241 472
C2 0.0090 95 389 139 430
B1 0.0081 252 95 331 469
C2 0.0075 323 138 364 180
B1 0.0072 195 61 276 487
G3 0.0071 263 275 282 435
G0 0.0070 -1 0 164 494
C2 0.0060 303 122 331 170
B3 0.0058 202 2 431 528
B0 0.0057 49 1 452 484
N0 0.0056 254 16 339 218
B1 0.0054 184 -119 293 597
B1 0.0053 25 185 153 472
D1 0.0051 46 -10 256 539
P0 0.0048 255 12 335 216
B0 0.0045 160 3 417 487
D1 0.0044 85 35 236 496
D1 0.0043 252 47 339 382
H3 0.0043 23 23 97 96
D1 0.0042 227 55 393 484
G0 0.0041 9 -3 258 495
B0 0.0036 144 3 237 370
B1 0.0034 127 -169 315 609
P0 0.0034 144 3 236 364
D1 0.0034 192 -14 434 558
C3 0.0033 258 12 320 82
D0 0.0032 90 18 471 493
D1 0.0031 2 168 153 483
I3 0.0031 258 12 321 83
N0 0.0030 249 10 345 327
C3 0.0029 166 19 226 86
D1 0.0028 128 103 211 463
C2 0.0026 165 19 226 86
C2 0.0025 258 13 319 81
B1 0.0023 215 89 314 473
G0 0.0022 40 9 205 489
B3 0.0017 144 -1 238 377
G3 0.0017 263 244 284 471
B3 0.0015 239 -47 353 489
D1 0.0015 149 -133 369 584
R0 0.0014 108 6 340 498
D1 0.0014 14 -16 163 460
C0 0.0013 6 1 164 115
R0 0.0013 123 18 243 487
B3 0.0012 259 13 321 83
B2 0.0012 95 7 139 49
D1 0.0012 121 420 367 489
B1 0.0011 299 112 458 218
G0 0.0010 -71 422 341 510
