D1 0.3740 102 81 353 183
D1 0.2711 58 43 428 184
D1 0.1584 79 -2 373 30
B1 0.1212 106 55 145 128
B1 0.1142 21 5 63 78
B1 0.0778 61 33 106 108
N0 0.0529 61 35 107 107
B3 0.0426 106 55 145 128
C2 0.0402 106 58 146 126
O0 0.0374 62 32 106 109
C2 0.0373 21 7 64 77
N0 0.0361 106 57 145 127
N0 0.0347 21 6 64 77
C3 0.0344 106 58 146 127
B3 0.0324 22 5 64 79
B3 0.0322 61 32 107 110
D1 0.0301 119 58 399 192
G3 0.0280 21 8 64 76
D1 0.0274 200 113 249 146
C2 0.0258 61 33 106 106
F3 0.0221 10 0 392 28
B0 0.0212 12 0 384 30
C3 0.0205 60 34 107 107
D1 0.0184 -24 -6 355 29
B0 0.0177 80 61 402 188
C3 0.0149 21 10 64 77
G3 0.0130 106 58 145 126
C2 0.0110 107 83 145 127
C2 0.0109 66 65 106 108
B1 0.0107 51 32 148 131
C3 0.0099 329 90 353 136
B2 0.0090 329 89 353 136
D1 0.0085 20 70 376 185
B1 0.0076 81 45 144 130
C3 0.0072 343 90 364 131
B3 0.0063 58 29 150 128
C2 0.0062 86 135 137 184
B1 0.0060 22 6 110 112
Q0 0.0056 59 48 405 188
D1 0.0054 122 -2 388 17
G0 0.0054 82 63 402 186
M0 0.0051 73 60 394 189
E2 0.0049 343 91 364 131
H3 0.0043 0 -30 403 209
D1 0.0040 11 -3 315 25
P0 0.0037 21 3 67 80
B0 0.0035 23 30 409 201
B3 0.0032 19 1 110 112
F2 0.0029 51 -3 371 32
C0 0.0028 20 2 108 116
B3 0.0026 40 23 121 143
C2 0.0025 25 39 63 78
C3 0.0025 86 132 140 184
R0 0.0024 67 65 407 194
B0 0.0023 13 0 388 44
B0 0.0023 2 -12 399 131
C3 0.0022 65 58 105 107
A0 0.0021 1 -9 404 218
B0 0.0021 4 -44 401 214
B2 0.0019 343 90 364 130
B3 0.0019 102 47 150 157
N0 0.0018 63 35 97 92
C3 0.0018 108 88 144 126
O0 0.0016 62 58 381 190
D1 0.0016 -52 -10 380 41
A2 0.0016 46 -43 347 153
B3 0.0015 77 45 219 151
F2 0.0015 47 -16 419 154
C0 0.0015 86 49 196 134
B3 0.0014 34 8 137 116
G0 0.0014 12 0 387 33
B0 0.0014 4 5 390 71
C3 0.0014 83 128 161 183
C2 0.0013 63 36 98 96
F2 0.0013 -21 -7 341 40
D1 0.0013 81 29 170 130
C3 0.0011 23 32 63 77
C3 0.0011 287 102 308 123
B2 0.0011 227 113 252 135
D1 0.0010 175 -56 396 18
G0 0.0010 135 1 381 34
P0 0.0010 287 102 308 123
C0 0.0010 63 35 226 139
D1 0.0010 80 92 298 186
