D1 0.1403 30 104 162 216
B1 0.1273 30 104 166 215
B2 0.0811 113 13 194 144
D1 0.0207 26 88 154 258
B0 0.0185 3 100 161 216
F0 0.0177 -1 116 110 257
N0 0.0129 0 4 189 266
G3 0.0111 16 101 167 229
E3 0.0104 -3 -5 197 256
A0 0.0101 0 122 109 257
O0 0.0096 0 101 116 256
B0 0.0086 -2 -5 198 258
C2 0.0082 128 66 153 85
N0 0.0082 -1 98 184 256
F2 0.0081 117 13 194 141
B0 0.0079 0 102 124 257
F2 0.0078 -2 6 193 251
C2 0.0077 1 138 111 257
B1 0.0073 22 86 173 272
G3 0.0070 7 9 195 246
K0 0.0062 116 26 192 174
E3 0.0058 113 14 194 167
N0 0.0058 28 100 167 220
H3 0.0056 0 105 88 256
C0 0.0053 42 102 167 227
Q0 0.0042 115 15 193 163
B3 0.0039 0 122 108 258
P0 0.0038 -7 100 161 217
G3 0.0030 109 15 195 166
A0 0.0029 -2 -13 199 246
B0 0.0022 0 99 188 255
Q0 0.0021 -1 12 195 169
D1 0.0020 29 120 133 231
K0 0.0020 87 26 200 191
F2 0.0020 0 12 194 171
B2 0.0019 107 35 194 181
C0 0.0019 0 87 171 212
Q0 0.0018 0 102 112 255
C2 0.0017 44 149 93 198
B0 0.0017 36 104 170 239
E3 0.0015 46 14 196 169
D1 0.0015 27 129 115 218
B1 0.0014 23 120 114 243
B2 0.0013 85 0 193 13
D0 0.0012 51 26 56 33
C2 0.0012 -2 239 70 256
C0 0.0012 17 113 115 233
K0 0.0012 0 100 86 216
D2 0.0012 -2 237 76 255
B3 0.0011 21 102 120 267
Q0 0.0010 12 9 176 121
K0 0.0010 111 41 187 143
