A0 0.4395 307 105 500 265
R0 0.2650 306 108 502 267
K0 0.1607 -1 126 264 324
O0 0.1194 0 120 262 325
M0 0.0667 -2 123 264 326
R0 0.0531 322 130 495 190
O0 0.0529 307 108 501 265
B0 0.0526 6 114 267 329
Q0 0.0522 307 112 499 264
B1 0.0503 6 114 268 325
A3 0.0453 12 117 265 326
A0 0.0387 12 114 266 326
D1 0.0206 329 111 501 184
H3 0.0202 328 110 497 189
A0 0.0152 325 133 496 186
B0 0.0103 118 121 264 326
N0 0.0081 308 109 496 265
N0 0.0070 51 124 276 319
C0 0.0067 329 110 495 169
J0 0.0058 306 104 500 266
C0 0.0057 331 110 490 147
G3 0.0054 315 130 496 176
C3 0.0049 21 112 265 325
A3 0.0039 105 121 264 326
K0 0.0035 117 118 264 326
G3 0.0031 335 118 490 157
G3 0.0025 317 116 500 168
H3 0.0024 328 111 494 160
K0 0.0023 0 133 181 306
A0 0.0022 327 110 499 183
C3 0.0021 118 116 263 324
N0 0.0020 48 93 343 322
G3 0.0017 317 130 479 161
N0 0.0016 308 36 503 282
P0 0.0016 122 120 260 303
K0 0.0015 50 139 233 327
D1 0.0015 329 111 490 158
O0 0.0014 -1 137 196 304
B0 0.0013 -9 107 513 331
M0 0.0013 35 112 423 327
G3 0.0013 331 113 476 148
C2 0.0012 124 138 244 243
C3 0.0012 124 125 256 262
B0 0.0011 26 116 254 265
