D1 0.4003 72 150 479 243
B0 0.3803 113 145 481 236
D1 0.1343 103 151 414 224
N0 0.0629 103 135 479 239
D1 0.0389 26 128 512 300
N0 0.0265 0 -5 528 351
B2 0.0263 48 207 486 356
B0 0.0224 87 35 491 252
D1 0.0162 18 205 462 316
B0 0.0150 0 -17 536 333
D1 0.0150 63 38 510 260
B0 0.0146 16 183 466 310
N0 0.0140 98 88 479 248
L0 0.0132 53 -6 513 283
F2 0.0130 0 208 458 354
K0 0.0117 0 0 187 253
H0 0.0102 40 206 502 356
B2 0.0099 -1 -6 174 258
B3 0.0095 122 148 480 240
B3 0.0085 7 205 512 318
C2 0.0085 346 226 447 296
E3 0.0055 348 -4 540 304
N0 0.0055 3 112 533 386
B0 0.0050 4 197 506 411
F2 0.0042 -1 -4 163 256
K0 0.0037 26 116 189 249
A0 0.0034 11 198 507 403
D1 0.0033 -50 180 546 312
C0 0.0031 -24 196 555 366
K0 0.0030 67 112 187 227
E3 0.0029 0 -2 190 250
R0 0.0028 2 192 532 432
A2 0.0027 57 -26 518 255
D0 0.0025 131 199 437 322
G3 0.0024 223 157 389 214
K0 0.0019 65 55 186 229
C0 0.0018 -17 202 458 324
K0 0.0018 18 -5 159 215
G3 0.0017 344 -3 540 292
Q0 0.0017 0 -11 534 260
B0 0.0014 239 54 564 284
N0 0.0014 341 1 540 321
C3 0.0013 99 154 259 206
D1 0.0012 50 110 337 222
C3 0.0012 447 142 465 241
B2 0.0012 412 -7 537 297
P0 0.0011 42 112 321 232
D1 0.0011 113 174 507 316
G3 0.0011 0 -3 191 248
G3 0.0011 447 138 465 240
N0 0.0011 8 4 188 243
