B0 0.1571 183 79 320 541
B3 0.0700 181 84 321 556
M0 0.0646 181 77 324 542
D1 0.0632 177 170 327 660
P0 0.0534 184 83 316 556
B1 0.0496 180 51 318 633
B3 0.0365 177 210 332 663
N0 0.0358 179 57 318 654
C0 0.0267 206 60 291 224
N0 0.0215 209 64 290 225
K0 0.0153 205 60 292 223
E3 0.0144 0 225 392 697
L0 0.0088 0 221 389 697
N0 0.0067 37 177 369 681
B0 0.0062 0 222 389 694
D0 0.0060 0 226 389 693
Q0 0.0053 0 227 393 695
B3 0.0026 157 156 367 693
H3 0.0023 5 225 393 692
Q0 0.0018 -58 -3 536 80
N0 0.0017 159 163 339 674
C2 0.0016 311 347 375 428
B0 0.0015 95 26 390 667
R0 0.0014 -52 0 546 101
G3 0.0013 178 125 312 289
G3 0.0013 179 213 312 250
B3 0.0012 207 60 294 229
N0 0.0011 107 13 378 706
Q0 0.0011 -15 -2 394 54
G3 0.0010 207 67 273 222
G3 0.0010 507 28 538 120
