D1 0.6379 32 26 214 112
D1 0.3241 73 97 203 175
D1 0.2524 67 84 228 167
D1 0.2280 -25 23 256 118
D1 0.1848 17 33 229 135
D1 0.0964 18 48 236 164
G0 0.0352 31 31 238 110
G0 0.0293 2 -17 259 186
D1 0.0208 -1 27 253 94
G0 0.0131 65 78 229 173
D0 0.0128 0 -24 257 190
D0 0.0124 25 25 239 124
B0 0.0104 67 82 227 175
R0 0.0097 0 -24 251 191
D1 0.0091 32 68 221 178
B1 0.0074 31 25 200 110
G0 0.0059 22 6 254 148
B0 0.0046 8 80 248 188
B1 0.0046 83 80 228 163
H3 0.0038 3 -8 255 128
R0 0.0036 1 80 250 191
R0 0.0027 71 82 239 179
G0 0.0024 1 76 251 184
B1 0.0014 46 1 256 122
Q0 0.0012 12 150 132 217
C2 0.0011 75 144 101 173
Q0 0.0010 245 2 259 110
