D1 0.6528 66 -1 376 107
D1 0.0708 97 8 403 151
D1 0.0648 9 -8 429 129
G3 0.0504 21 -3 405 143
F3 0.0382 21 -3 405 133
R0 0.0367 10 -101 402 162
B0 0.0347 20 -1 396 150
R0 0.0316 20 -11 404 174
C1 0.0199 19 -4 404 143
D1 0.0192 40 -14 448 91
D1 0.0181 40 -30 330 27
D1 0.0173 69 -8 389 61
R0 0.0132 -2 4 68 176
Q0 0.0130 20 -7 400 160
R0 0.0104 0 86 70 176
Q0 0.0098 15 -103 403 102
D1 0.0086 53 -5 374 31
D1 0.0074 46 -42 305 18
R0 0.0072 20 -92 404 40
N0 0.0055 354 57 389 150
C3 0.0048 334 53 371 133
C2 0.0046 43 8 103 60
G3 0.0043 355 61 389 150
D1 0.0040 144 -5 392 78
C3 0.0039 44 8 104 60
C0 0.0039 357 57 388 156
D1 0.0038 77 6 186 80
D1 0.0037 45 3 255 87
D0 0.0035 357 57 387 155
R0 0.0034 31 66 198 175
D1 0.0033 53 -5 291 13
D1 0.0033 3 2 323 89
G0 0.0030 50 5 397 153
D1 0.0030 65 -2 261 11
F2 0.0027 117 24 396 144
D1 0.0027 64 -1 214 9
C2 0.0020 90 12 177 75
J0 0.0019 1 115 69 178
B1 0.0019 324 46 389 153
B1 0.0019 356 56 389 155
R0 0.0018 0 116 69 175
R0 0.0017 38 53 253 174
D1 0.0016 134 -20 400 127
C3 0.0015 22 0 82 12
B1 0.0015 74 7 188 78
Q0 0.0015 46 3 402 119
D1 0.0014 67 -41 410 67
R0 0.0013 4 51 17 98
C0 0.0013 325 48 389 150
I0 0.0013 0 58 69 245
R0 0.0013 -4 31 149 172
R0 0.0013 7 19 195 174
C2 0.0013 23 0 80 12
R0 0.0012 0 -37 21 168
R0 0.0010 95 11 398 152
