D1 0.3438 96 246 626 385
D1 0.2936 51 101 630 320
D1 0.1733 100 176 636 386
B1 0.0816 100 247 658 383
D1 0.0797 11 90 757 256
D1 0.0598 0 164 611 324
G0 0.0598 60 96 688 308
D1 0.0587 -17 71 791 320
B0 0.0322 83 241 640 386
G3 0.0292 77 242 644 382
G0 0.0270 35 14 711 338
I0 0.0251 68 96 689 310
F3 0.0149 82 237 634 383
D1 0.0125 113 195 655 312
B0 0.0121 58 93 688 323
G0 0.0101 78 240 641 381
D1 0.0099 -75 67 858 241
D1 0.0090 63 268 530 382
I0 0.0081 60 240 662 387
G0 0.0079 16 -88 713 409
N0 0.0075 82 296 257 378
D1 0.0073 -16 168 721 409
C3 0.0070 74 298 258 377
B0 0.0068 51 59 697 408
C2 0.0036 85 306 166 376
D1 0.0033 186 85 710 323
D1 0.0031 235 198 634 293
D1 0.0028 290 236 633 382
I0 0.0023 0 -123 721 396
B1 0.0021 14 223 742 392
C3 0.0019 86 305 185 376
I0 0.0018 236 241 613 396
B0 0.0017 49 234 699 464
B0 0.0015 82 268 498 387
G3 0.0012 0 221 18 625
C2 0.0011 79 303 225 375
D1 0.0011 41 32 570 246
G3 0.0010 81 298 254 378
