D1 0.0460 126 -7 266 501
B0 0.0348 122 -19 265 435
G0 0.0235 117 -1 275 476
B3 0.0232 125 40 262 504
D0 0.0197 125 36 263 482
R0 0.0149 88 -4 292 475
K0 0.0146 125 47 265 473
R0 0.0083 119 -38 272 393
H3 0.0063 133 154 260 496
B3 0.0062 113 -55 284 534
C0 0.0047 126 41 266 512
P0 0.0043 112 -97 262 578
D1 0.0035 117 -96 220 507
B0 0.0031 132 152 262 497
D1 0.0029 105 -124 288 531
D1 0.0028 112 -80 188 483
R0 0.0024 7 -8 339 480
B1 0.0023 133 20 268 481
G0 0.0019 6 -5 333 479
L0 0.0018 136 192 259 480
B3 0.0016 133 187 261 483
D1 0.0014 1 -58 184 498
H3 0.0014 129 39 262 579
D1 0.0011 -15 -79 222 589
B1 0.0011 44 -128 217 544
B3 0.0010 92 -116 194 531
B3 0.0010 30 -96 215 546
