B1 0.3572 0 98 276 240
D1 0.2029 8 84 377 230
B1 0.1923 -35 71 386 241
D1 0.1206 10 132 261 239
G0 0.1154 5 75 345 234
B1 0.1003 51 86 373 230
I0 0.0886 4 73 347 233
D1 0.0626 -29 155 285 268
F2 0.0611 258 5 359 138
B2 0.0603 31 228 183 330
B1 0.0591 -3 89 272 196
D2 0.0586 242 202 358 305
C3 0.0574 242 205 361 304
D1 0.0541 35 77 328 113
D1 0.0433 0 167 255 253
A2 0.0406 243 192 359 307
F2 0.0340 262 6 359 90
E2 0.0325 242 207 361 304
I0 0.0324 0 46 363 309
D1 0.0265 -58 123 320 260
D1 0.0244 -16 66 366 186
B2 0.0230 129 49 194 80
B2 0.0212 259 3 359 162
C2 0.0210 165 255 219 299
B0 0.0208 6 0 352 300
D1 0.0204 -16 91 383 289
R0 0.0179 0 36 365 325
K0 0.0174 33 227 195 331
B2 0.0161 32 229 123 330
B1 0.0142 -69 84 351 187
B2 0.0142 168 256 219 298
C2 0.0142 125 251 159 286
K0 0.0138 32 228 118 328
B1 0.0137 -117 45 438 269
G0 0.0134 -1 50 354 292
D1 0.0126 22 77 339 139
D1 0.0126 7 82 259 164
D1 0.0121 6 152 247 298
D1 0.0120 74 107 356 233
D1 0.0113 21 209 229 280
B1 0.0105 29 209 226 329
E3 0.0097 28 220 239 330
F2 0.0093 165 4 391 134
C2 0.0091 238 146 257 193
Q0 0.0078 202 281 360 328
C2 0.0077 123 251 165 297
R0 0.0076 29 219 243 331
K0 0.0075 343 150 358 241
B2 0.0075 125 251 159 281
D1 0.0071 -102 148 358 270
F2 0.0067 24 48 200 88
B0 0.0067 3 57 303 333
D1 0.0065 28 41 352 252
K0 0.0065 275 4 360 82
A2 0.0060 79 227 234 326
K0 0.0057 315 33 359 158
C2 0.0055 91 268 123 298
A3 0.0055 124 49 194 79
F2 0.0054 308 12 359 156
C3 0.0053 345 140 359 257
E2 0.0052 241 107 359 311
C3 0.0052 137 49 175 80
C2 0.0050 84 266 127 307
C2 0.0047 343 155 359 232
A2 0.0044 156 234 216 315
B0 0.0043 14 63 345 159
K0 0.0041 308 5 359 80
B1 0.0040 21 32 376 275
D1 0.0040 5 65 247 256
D1 0.0038 -97 48 424 212
K0 0.0037 101 248 176 318
F2 0.0037 18 49 209 103
C3 0.0035 343 151 359 229
C2 0.0034 0 271 32 328
C0 0.0034 30 208 228 305
A0 0.0033 0 60 253 331
D2 0.0032 241 6 361 308
B0 0.0032 241 3 360 316
B2 0.0032 319 50 359 158
B2 0.0031 123 250 171 302
C3 0.0031 238 145 257 194
C2 0.0030 91 272 117 294
D1 0.0029 2 71 265 201
C2 0.0029 116 258 167 308
Q0 0.0029 241 23 361 311
C2 0.0029 51 232 112 300
B2 0.0028 145 271 174 295
B0 0.0027 5 40 216 302
C0 0.0026 42 221 241 328
H3 0.0026 0 53 260 330
F2 0.0025 11 49 325 96
G0 0.0025 19 219 241 328
B2 0.0024 226 -6 367 169
B2 0.0024 176 269 219 297
Q0 0.0024 239 151 359 307
C3 0.0022 151 248 218 312
Q0 0.0021 27 220 241 328
B1 0.0021 -29 63 303 181
B0 0.0020 4 76 346 138
A2 0.0020 143 220 238 330
B1 0.0019 0 145 40 331
K0 0.0019 284 4 339 66
F2 0.0019 117 48 193 81
D1 0.0018 19 125 387 246
F2 0.0018 251 4 360 266
D1 0.0017 43 141 325 265
C3 0.0017 283 132 303 156
B2 0.0017 91 266 126 300
B2 0.0017 160 292 192 313
B0 0.0017 10 7 358 166
D1 0.0016 51 220 226 273
E3 0.0016 259 6 359 156
B1 0.0016 319 49 359 159
D2 0.0016 148 273 171 294
F2 0.0016 -2 30 357 109
I0 0.0016 28 223 240 328
D2 0.0015 115 302 160 321
C0 0.0015 313 6 358 80
F2 0.0015 2 72 348 136
B1 0.0015 0 138 25 313
Q0 0.0014 8 43 187 102
F2 0.0014 273 4 345 73
G3 0.0014 311 6 337 65
C0 0.0014 98 243 190 320
C2 0.0014 160 293 192 313
C3 0.0014 340 54 359 80
B1 0.0013 130 103 360 229
C2 0.0013 28 152 91 232
F2 0.0013 121 68 135 79
D1 0.0013 53 47 330 117
C2 0.0013 15 217 37 296
K0 0.0013 334 144 359 266
F2 0.0012 301 10 358 99
K0 0.0012 345 151 358 287
C2 0.0012 112 302 161 323
L0 0.0012 164 0 366 121
B2 0.0012 114 302 160 322
B0 0.0011 -1 134 33 331
D1 0.0011 26 48 182 94
Q0 0.0011 17 40 127 99
B0 0.0011 9 53 201 180
C3 0.0011 137 218 241 330
C3 0.0010 283 7 339 67
D1 0.0010 32 70 343 164
B1 0.0010 347 58 359 156
C3 0.0010 78 265 106 294
G3 0.0010 138 51 166 79
O0 0.0010 -1 136 34 332
