D1 0.4760 20 129 342 182
D1 0.2966 41 185 327 251
D1 0.1486 20 145 309 182
D1 0.1363 -33 65 376 165
D1 0.1357 10 159 334 209
D1 0.1356 2 137 356 194
D1 0.0614 -15 89 367 157
G0 0.0483 23 182 324 251
D1 0.0420 27 106 355 155
D1 0.0356 66 139 339 175
G0 0.0338 30 69 341 159
G0 0.0263 26 132 337 178
D1 0.0262 79 118 338 149
D1 0.0220 23 164 338 259
D1 0.0209 21 174 286 242
D1 0.0196 13 64 305 150
I0 0.0159 24 182 325 252
G0 0.0150 0 -14 377 116
G0 0.0144 26 105 341 171
G0 0.0106 16 38 360 208
B0 0.0093 22 183 326 252
G0 0.0084 11 9 362 265
D1 0.0084 49 150 365 204
G0 0.0075 5 118 354 233
R0 0.0068 3 -25 373 150
D1 0.0052 -56 55 391 130
D1 0.0044 82 129 341 170
D1 0.0036 3 10 326 95
R0 0.0033 16 181 334 270
D1 0.0032 11 167 273 222
D1 0.0028 39 223 327 246
D1 0.0027 25 96 293 149
G0 0.0025 154 14 171 27
Q0 0.0025 15 -35 344 80
C2 0.0022 37 205 80 238
D1 0.0018 35 231 328 247
D1 0.0017 33 213 270 245
D1 0.0016 -55 0 394 103
G0 0.0014 4 -27 324 74
D1 0.0014 15 156 284 180
C1 0.0011 18 186 335 255
