I0 0.2896 2 151 523 339
D1 0.2224 32 154 464 332
G0 0.1558 8 143 523 336
R0 0.0581 2 151 513 346
G0 0.0508 -1 -82 524 330
R0 0.0503 3 -92 525 332
C3 0.0278 482 282 524 319
D1 0.0176 13 140 465 275
C2 0.0108 458 175 515 247
C2 0.0106 356 291 425 325
K0 0.0098 454 173 525 320
C0 0.0087 451 169 524 322
C2 0.0081 368 237 396 270
G0 0.0079 5 -11 523 225
C3 0.0068 368 236 397 270
C3 0.0067 464 178 514 248
B2 0.0064 360 291 425 325
C0 0.0064 454 174 517 249
C2 0.0059 143 261 212 334
C3 0.0054 453 172 525 320
B1 0.0047 454 172 525 321
C2 0.0044 27 201 116 306
C2 0.0042 456 176 517 223
B2 0.0037 368 236 397 270
O0 0.0034 450 176 525 322
B3 0.0032 455 171 524 323
K0 0.0032 454 174 516 250
C3 0.0031 361 168 399 189
H3 0.0030 455 172 522 320
C2 0.0028 360 168 399 188
G0 0.0027 216 75 260 160
A3 0.0026 455 174 516 248
I0 0.0025 32 212 528 339
N0 0.0018 451 176 526 320
D1 0.0016 -41 102 528 290
B2 0.0016 360 168 399 189
D1 0.0013 57 222 475 342
C2 0.0013 344 294 368 328
G3 0.0012 459 184 524 315
C3 0.0010 473 232 525 323
I0 0.0010 20 176 420 328
