D1 0.4464 73 273 415 382
D1 0.2274 58 274 428 348
D1 0.0795 -36 268 447 386
G0 0.0428 12 275 472 387
Q0 0.0305 -56 0 441 111
R0 0.0289 -3 331 484 641
D1 0.0275 88 303 406 366
B0 0.0243 14 274 474 383
Q0 0.0235 -30 0 317 124
F3 0.0187 11 273 470 383
C3 0.0160 13 283 86 344
C2 0.0151 14 283 84 344
C1 0.0147 13 273 475 386
Q0 0.0115 -46 -1 426 48
R0 0.0107 23 26 477 288
N0 0.0098 18 277 442 385
Q0 0.0093 -9 0 334 62
Q0 0.0085 13 17 474 286
R0 0.0076 3 15 481 511
R0 0.0059 0 222 487 593
Q0 0.0056 -9 221 481 634
R0 0.0054 -12 465 449 632
R0 0.0050 9 500 372 636
G0 0.0050 -7 167 483 430
D1 0.0047 126 189 430 280
D1 0.0038 87 243 419 293
D1 0.0028 131 188 426 249
B0 0.0026 -27 272 485 423
R0 0.0022 290 0 564 53
R0 0.0021 -46 23 437 178
B1 0.0021 388 271 476 385
D1 0.0020 82 337 429 384
Q0 0.0019 -27 -1 496 67
D1 0.0019 46 306 415 385
O0 0.0016 389 271 477 386
A0 0.0016 -52 294 418 667
D1 0.0016 107 269 475 336
D1 0.0016 29 242 366 288
C3 0.0015 3 283 170 348
C2 0.0015 15 284 83 323
B0 0.0015 13 238 476 510
G3 0.0014 6 282 170 348
D1 0.0013 82 257 485 396
N0 0.0013 2 201 475 436
R0 0.0013 337 0 565 39
C1 0.0013 -6 548 432 636
D1 0.0013 -24 276 440 331
G0 0.0012 58 168 478 344
R0 0.0012 -108 264 513 632
R0 0.0011 -31 296 404 608
B0 0.0011 7 252 407 407
F2 0.0010 -151 275 598 628
D1 0.0010 116 245 373 284
