B0 0.3231 -122 299 945 536
D1 0.2850 -92 288 970 534
A3 0.1710 69 298 1036 533
B2 0.1205 38 297 1038 531
G3 0.1196 -3 296 1025 535
F2 0.1005 41 296 1026 531
L0 0.0498 -3 296 1023 541
B0 0.0358 -29 295 658 529
D1 0.0313 149 297 951 446
B0 0.0271 0 189 1019 711
L0 0.0128 0 0 1022 746
D1 0.0094 -103 264 1224 463
B1 0.0089 3 8 1014 755
H3 0.0084 0 -72 1016 776
G3 0.0081 845 -86 941 94
F2 0.0059 203 299 954 425
B0 0.0059 -20 246 985 592
C2 0.0051 264 693 423 766
C3 0.0042 265 692 422 765
C2 0.0041 -2 369 262 502
C2 0.0037 -2 373 178 494
H3 0.0031 3 252 1026 767
F2 0.0027 329 290 1058 500
G3 0.0025 111 344 363 509
F2 0.0024 215 300 1133 457
D0 0.0022 1 -72 1008 780
G3 0.0020 281 571 359 719
D1 0.0020 -140 308 1051 612
G3 0.0019 61 346 263 515
N0 0.0016 96 343 395 508
C2 0.0016 302 308 399 335
C2 0.0016 255 690 337 766
C2 0.0014 353 717 420 767
A3 0.0014 495 301 942 510
G3 0.0013 -31 346 332 515
G3 0.0013 874 -89 969 84
C2 0.0013 162 513 317 692
D1 0.0013 374 291 1025 474
D1 0.0012 235 299 1044 415
K0 0.0012 190 492 375 762
D1 0.0010 -15 208 1063 515
G0 0.0010 768 -64 1018 282
