D1 0.1982 102 91 462 163
D1 0.1433 -51 138 531 312
D1 0.1311 19 143 418 289
C3 0.0744 87 114 136 159
D1 0.0693 140 100 402 162
G0 0.0547 38 159 518 303
D1 0.0526 -29 149 497 246
C2 0.0321 88 114 137 158
I0 0.0265 41 156 518 305
D1 0.0237 24 74 512 289
G0 0.0195 131 97 453 159
D1 0.0180 29 150 405 222
J0 0.0128 340 157 506 281
G0 0.0120 2 81 544 303
G0 0.0071 79 102 497 179
D1 0.0070 -2 178 471 308
D1 0.0067 30 203 402 291
R0 0.0046 337 155 508 285
G0 0.0042 2 21 533 257
D1 0.0040 87 114 138 160
C2 0.0037 303 210 377 264
D1 0.0032 -1 99 529 242
I0 0.0024 16 263 537 311
J0 0.0023 336 272 490 303
R0 0.0018 33 157 483 299
B2 0.0016 54 223 114 269
G0 0.0013 141 78 455 181
B2 0.0013 329 258 367 268
D1 0.0013 109 37 457 164
I0 0.0013 18 239 537 310
I0 0.0012 -9 -26 528 182
R0 0.0012 334 90 507 296
C2 0.0012 303 217 364 254
C2 0.0012 319 209 365 233
D1 0.0011 26 275 400 311
D1 0.0010 97 143 551 290
