D1 0.2722 44 188 391 326
D1 0.2035 -8 445 624 663
D1 0.1445 57 197 534 350
R0 0.0683 -8 -5 583 760
G0 0.0487 26 413 577 663
G0 0.0311 -5 76 586 747
D1 0.0280 9 188 629 379
C3 0.0265 290 239 378 326
B1 0.0243 0 358 143 644
C1 0.0213 36 142 575 378
R0 0.0211 24 630 585 772
R0 0.0137 -6 0 500 139
F3 0.0128 38 135 573 365
G0 0.0123 6 426 599 755
R0 0.0113 13 434 601 732
F2 0.0095 -22 203 569 486
G0 0.0081 36 133 574 361
R0 0.0072 -7 94 597 570
D1 0.0072 7 182 403 473
C0 0.0070 100 200 556 362
R0 0.0069 34 152 573 358
C2 0.0063 562 539 580 620
D1 0.0063 -120 400 715 679
G0 0.0060 29 616 586 764
C0 0.0058 53 193 237 248
R0 0.0058 -2 360 142 642
D1 0.0056 52 191 241 251
R0 0.0054 37 188 239 303
R0 0.0052 12 33 584 388
C3 0.0048 0 605 189 770
E3 0.0047 -9 605 219 770
D1 0.0047 -205 100 746 829
D1 0.0047 -29 227 569 505
D1 0.0043 0 356 145 646
D1 0.0041 -197 282 796 736
R0 0.0040 -77 202 734 718
R0 0.0038 -7 606 308 771
B0 0.0032 368 122 580 480
L0 0.0032 57 123 513 351
C3 0.0031 444 280 534 362
R0 0.0030 51 192 237 244
F2 0.0028 -117 210 690 525
C0 0.0027 363 144 581 505
J0 0.0026 0 355 142 636
A3 0.0026 0 605 196 772
G3 0.0025 443 281 535 361
G0 0.0023 -22 -1 404 59
Q0 0.0023 0 605 276 766
D1 0.0023 161 150 650 361
Q0 0.0022 40 0 437 64
C0 0.0022 442 105 580 368
F2 0.0021 443 105 581 358
C0 0.0020 -47 184 670 412
B0 0.0019 2 71 593 601
D1 0.0019 372 169 577 479
C3 0.0017 81 199 241 248
C0 0.0016 260 146 618 371
C2 0.0015 367 258 465 331
D1 0.0015 33 550 586 684
R0 0.0014 -110 0 448 110
F2 0.0013 29 191 427 289
C1 0.0013 29 183 478 351
J0 0.0013 53 192 234 245
C0 0.0013 369 251 537 363
C2 0.0012 38 196 118 302
F2 0.0012 456 107 582 288
E3 0.0012 110 618 592 770
G3 0.0012 368 258 464 328
D1 0.0012 -140 228 719 558
J0 0.0011 425 577 580 658
P0 0.0011 371 217 564 413
C3 0.0011 0 361 141 482
C0 0.0010 145 151 691 367
D1 0.0010 -39 512 666 675
C2 0.0010 291 241 376 324
