D1 0.4606 53 34 523 145
G0 0.0755 -6 9 548 145
G3 0.0557 3 28 547 142
E3 0.0453 0 0 190 142
C3 0.0390 462 53 518 140
F3 0.0360 -3 33 546 144
R0 0.0299 296 -5 554 132
R0 0.0276 0 -3 549 142
I0 0.0253 2 32 537 143
Q0 0.0244 301 0 549 137
G0 0.0220 300 0 548 137
B0 0.0211 8 33 549 152
B2 0.0143 33 33 501 146
E3 0.0142 299 -4 554 137
R0 0.0121 1 -192 556 148
C1 0.0117 27 40 539 152
D1 0.0092 -7 32 399 146
C3 0.0070 6 55 124 142
D1 0.0061 102 -13 556 71
R0 0.0055 0 -3 191 144
J0 0.0050 284 -4 554 140
G3 0.0046 1 -4 423 142
R0 0.0044 -1 -193 557 6
C3 0.0043 119 -7 409 53
D1 0.0042 24 -18 482 143
Q0 0.0033 2 -206 538 -27
D1 0.0031 287 -3 552 146
D1 0.0028 62 -24 575 111
K0 0.0026 460 47 519 143
C2 0.0024 3 54 118 139
E3 0.0021 -4 0 390 145
B0 0.0020 6 37 400 142
K0 0.0018 33 210 244 347
F2 0.0018 131 -8 401 51
H3 0.0017 460 47 516 141
C3 0.0016 -9 -12 475 118
P0 0.0015 -1 -2 200 152
R0 0.0015 -2 -196 210 149
R0 0.0014 33 -13 642 75
R0 0.0013 -20 -25 682 126
E3 0.0013 1 -198 292 150
E3 0.0012 -7 -177 483 -21
Q0 0.0011 66 -199 476 -53
A3 0.0011 128 -8 397 51
E3 0.0011 351 -79 535 117
B3 0.0011 69 191 227 347
E3 0.0010 0 -171 194 152
E3 0.0010 3 0 119 140
C3 0.0010 -58 -12 454 63
