B1 0.2942 48 103 120 329
B1 0.2406 120 41 242 383
B1 0.2129 43 37 141 353
D1 0.1834 45 39 141 346
B1 0.1789 91 -20 193 419
B1 0.1764 73 12 250 417
B1 0.1122 52 4 169 384
D1 0.0963 50 109 118 329
D1 0.0875 94 -40 191 392
B1 0.0719 70 44 152 364
B1 0.0712 107 37 208 411
D1 0.0443 41 -35 191 411
B0 0.0269 117 13 241 389
B1 0.0239 147 108 245 386
B1 0.0217 177 38 243 379
B0 0.0173 47 54 136 355
D1 0.0141 137 15 241 406
B3 0.0120 50 95 119 335
G0 0.0111 119 8 250 386
N0 0.0106 48 55 138 356
G0 0.0095 49 50 137 362
B1 0.0093 153 62 240 298
D1 0.0093 111 -21 233 435
G0 0.0071 47 18 269 391
B1 0.0060 155 -40 245 479
K0 0.0057 145 66 241 304
B0 0.0050 43 28 214 381
B1 0.0048 89 -89 223 438
B1 0.0041 180 128 246 367
I0 0.0037 135 56 248 389
B1 0.0035 115 69 188 403
K0 0.0030 47 41 117 352
C2 0.0026 50 59 97 121
O0 0.0025 -48 16 -4 103
P0 0.0018 47 20 125 353
M0 0.0014 299 6 347 123
D0 0.0013 121 45 256 399
R0 0.0013 119 -11 236 299
B1 0.0012 40 102 90 336
D1 0.0011 183 -11 243 366
I0 0.0011 4 314 269 397
D1 0.0010 -5 61 76 370
G0 0.0010 18 326 270 399
B3 0.0010 39 -2 118 181
C3 0.0010 51 60 97 122
I0 0.0010 47 93 140 356
