E2 0.4489 272 117 504 246
C2 0.3388 428 492 522 604
D2 0.2388 428 494 521 610
E2 0.2098 428 493 522 611
E2 0.1859 -32 506 550 704
A3 0.1760 274 118 500 246
D2 0.1667 285 225 520 533
D1 0.1436 62 242 483 375
C2 0.1080 166 371 329 526
D2 0.0715 52 507 524 705
D2 0.0687 164 370 329 529
E2 0.0527 35 204 536 545
C2 0.0289 -3 0 73 131
D2 0.0285 47 214 496 544
C2 0.0258 56 503 524 702
E2 0.0199 280 201 522 530
D2 0.0195 101 323 546 549
D2 0.0157 270 0 459 96
C3 0.0145 272 0 458 97
D2 0.0138 287 339 523 531
D1 0.0131 51 158 478 388
E2 0.0126 71 0 204 45
C2 0.0123 0 250 63 362
E2 0.0123 270 0 461 97
C2 0.0105 283 331 526 531
B0 0.0104 -5 -3 521 665
H3 0.0099 -4 -5 530 665
D1 0.0096 36 235 529 414
B2 0.0089 -98 520 549 703
C3 0.0077 43 45 198 137
E2 0.0077 118 335 538 544
C2 0.0075 45 44 197 136
D1 0.0071 11 106 497 449
D2 0.0056 -1 195 208 566
F2 0.0055 15 113 450 283
D1 0.0055 -35 144 574 400
I0 0.0052 -3 516 519 700
E2 0.0052 281 337 523 530
E2 0.0050 -8 535 432 707
C2 0.0050 297 361 418 497
D2 0.0045 -6 9 525 614
D2 0.0044 138 330 351 523
F2 0.0042 18 100 472 431
B2 0.0042 -2 176 211 573
C2 0.0039 194 388 322 516
F2 0.0038 31 243 425 380
C2 0.0036 68 0 206 47
R0 0.0034 -2 511 527 700
F2 0.0034 -16 44 573 465
D1 0.0031 107 242 371 412
D1 0.0031 -82 44 601 500
K0 0.0026 -21 351 336 560
B0 0.0026 2 93 479 568
C3 0.0025 68 0 202 45
C2 0.0024 72 0 153 42
E2 0.0024 103 509 497 608
C2 0.0024 431 493 544 636
F2 0.0024 56 247 342 411
B0 0.0022 0 517 519 701
G3 0.0022 3 1 549 210
E2 0.0022 194 168 547 557
D2 0.0021 19 194 371 552
E2 0.0020 -50 492 474 597
C2 0.0019 277 5 448 92
D2 0.0019 349 258 519 527
C2 0.0019 0 359 330 554
E3 0.0019 0 168 212 568
M0 0.0018 281 225 521 529
E3 0.0018 7 1 522 238
G3 0.0018 0 170 215 569
E2 0.0018 282 111 503 370
K0 0.0017 31 -2 206 141
B2 0.0017 35 205 366 548
G3 0.0016 -31 629 -20 642
B0 0.0016 267 22 525 562
E2 0.0015 106 650 501 701
D1 0.0015 106 203 516 389
B0 0.0015 9 160 273 547
E2 0.0014 133 673 455 701
G3 0.0014 3 1 228 138
N0 0.0013 274 30 526 558
C0 0.0013 -3 -2 554 401
D2 0.0012 -8 348 333 557
E2 0.0012 255 345 460 531
D2 0.0012 -1 -4 555 312
E0 0.0012 0 2 523 234
C2 0.0012 412 0 484 50
G3 0.0012 -6 -2 528 380
B2 0.0012 102 234 314 454
D2 0.0011 453 501 519 606
C3 0.0011 -16 347 346 566
D2 0.0011 123 0 200 43
B0 0.0011 42 206 326 529
D1 0.0011 61 238 325 425
D2 0.0011 102 506 504 656
E2 0.0010 143 98 544 302
B0 0.0010 335 6 515 610
B0 0.0010 0 0 526 358
D2 0.0010 0 566 556 695
F2 0.0010 43 673 307 701
F2 0.0010 164 678 334 700
Q0 0.0010 -7 556 516 694
