D1 0.1575 16 95 382 254
D1 0.1440 56 44 456 121
D1 0.0966 100 48 412 111
C2 0.0832 276 158 356 220
G0 0.0662 17 107 495 256
C2 0.0481 64 66 114 109
D1 0.0443 -35 45 520 272
C3 0.0359 64 66 113 109
I0 0.0349 21 99 494 259
D1 0.0270 -23 96 406 210
B0 0.0259 66 51 445 112
J0 0.0255 315 106 484 233
R0 0.0216 314 105 485 234
G0 0.0167 69 51 445 114
D1 0.0144 4 100 359 172
D1 0.0111 -31 121 484 253
G0 0.0090 0 31 523 222
F3 0.0066 72 48 430 113
D1 0.0050 -169 38 670 270
G3 0.0047 306 207 343 219
B1 0.0039 -161 28 664 275
D1 0.0038 20 143 365 249
B0 0.0037 -16 33 530 236
D1 0.0030 -55 86 434 185
D1 0.0029 24 37 465 213
D1 0.0029 112 77 520 259
D1 0.0028 39 49 356 116
D1 0.0025 30 49 402 182
R0 0.0021 315 41 487 245
I0 0.0019 9 163 523 253
B1 0.0019 -30 42 564 248
G3 0.0017 70 -32 105 64
G0 0.0016 32 -31 472 179
J0 0.0015 120 93 518 258
E2 0.0014 269 154 364 225
J0 0.0014 318 47 430 109
D1 0.0013 -124 -27 586 329
B2 0.0013 33 174 90 219
E2 0.0010 317 46 431 106
C2 0.0010 289 161 345 188
