B1 0.1397 378 0 526 436
B1 0.1155 407 97 507 427
C2 0.0443 106 220 210 297
B1 0.0390 309 -23 538 429
F2 0.0281 295 -4 618 347
D1 0.0236 407 120 506 427
E3 0.0227 22 -3 564 457
C2 0.0215 35 1 118 72
A3 0.0212 475 1 819 399
B2 0.0199 35 1 121 74
E3 0.0189 293 1 609 411
C2 0.0184 436 390 580 458
D2 0.0182 34 1 122 74
C2 0.0171 78 293 245 386
K0 0.0158 423 390 579 458
D1 0.0132 287 -8 615 390
A2 0.0123 545 -3 817 412
B3 0.0122 405 124 509 437
E3 0.0115 482 5 816 454
E3 0.0113 295 -4 764 460
C2 0.0088 654 315 797 440
D2 0.0088 106 220 211 298
D2 0.0082 0 1 36 67
G0 0.0076 293 3 629 413
F2 0.0076 487 2 807 463
L0 0.0068 40 78 362 461
R0 0.0068 3 -2 584 460
H0 0.0061 48 104 328 463
Q0 0.0052 70 3 440 449
B1 0.0052 116 -48 423 456
R0 0.0049 290 -5 795 460
A3 0.0045 557 8 772 289
B1 0.0042 353 -56 644 495
C0 0.0041 51 80 380 459
A2 0.0039 566 7 814 280
C3 0.0038 514 2 784 344
N0 0.0036 412 110 498 407
C2 0.0035 0 0 34 67
B2 0.0033 107 220 210 296
E3 0.0033 17 -14 836 454
C2 0.0033 111 2 230 76
C0 0.0032 60 204 285 453
B2 0.0030 205 -1 269 48
B1 0.0030 416 123 460 250
Q0 0.0026 485 8 820 451
D1 0.0025 343 -76 615 470
B2 0.0024 489 208 804 461
B0 0.0022 327 -6 603 454
R0 0.0019 1 80 307 461
R0 0.0018 470 5 821 456
B2 0.0018 183 349 278 457
G0 0.0018 199 -4 719 459
K0 0.0017 487 214 798 461
B2 0.0017 115 1 228 78
C3 0.0017 550 8 750 300
C2 0.0016 726 243 815 366
D2 0.0016 185 359 277 456
B2 0.0015 0 3 34 63
D1 0.0014 233 -43 587 469
K0 0.0014 75 -72 441 469
C2 0.0013 204 -1 270 48
C0 0.0013 0 76 134 455
F2 0.0012 564 4 766 267
K0 0.0011 488 37 800 478
A0 0.0011 491 46 798 464
A2 0.0010 641 4 816 410
B2 0.0010 127 369 200 439
E2 0.0010 2 100 301 467
