D1 0.2002 135 175 327 619
B1 0.1671 143 200 327 601
C0 0.0270 143 -134 432 556
D1 0.0185 116 -123 443 575
N0 0.0176 90 0 411 643
M0 0.0153 87 -4 438 660
B0 0.0137 138 -117 438 598
N0 0.0130 122 119 339 615
B0 0.0118 -10 -4 476 661
D2 0.0116 -6 -2 498 657
L0 0.0108 -8 -3 498 658
G3 0.0101 128 185 335 616
N0 0.0099 -6 -2 490 660
G3 0.0084 93 -3 433 644
D1 0.0058 141 -62 365 596
B0 0.0050 133 134 341 622
M0 0.0045 126 208 333 623
H3 0.0044 -2 -10 498 659
Q0 0.0042 118 200 344 630
A3 0.0041 -17 -15 416 253
K0 0.0040 144 -135 430 521
E0 0.0037 -8 -4 458 659
Q0 0.0035 46 -2 496 656
E3 0.0035 -5 2 421 251
G3 0.0033 -6 0 421 249
B3 0.0015 102 -91 462 639
P0 0.0015 -10 -146 445 635
Q0 0.0015 -1 2 417 251
C0 0.0014 191 -99 413 451
Q0 0.0012 68 139 400 642
G3 0.0012 -9 -2 442 448
R0 0.0012 56 177 412 658
B0 0.0011 93 206 366 645
