D1 0.5153 74 32 421 137
D1 0.1353 -10 10 525 138
G0 0.0907 11 16 463 140
I0 0.0299 12 14 464 138
B0 0.0264 20 15 476 139
D1 0.0091 70 -8 420 63
G0 0.0075 4 -55 479 150
D1 0.0037 75 65 419 132
B0 0.0030 10 -51 485 173
E2 0.0028 34 118 451 171
R0 0.0027 -3 46 484 144
N0 0.0024 11 23 485 139
Q0 0.0022 0 -138 482 -3
D0 0.0019 3 -137 491 16
D1 0.0018 60 -2 458 90
B0 0.0017 4 -127 490 48
D1 0.0015 -16 57 446 134
R0 0.0013 2 -134 488 48
C1 0.0013 -5 -108 487 138
D1 0.0010 10 40 341 134
B0 0.0010 5 -77 489 112
