B1 0.4264 275 116 369 518
B1 0.3875 177 198 243 499
B1 0.3458 301 128 399 522
I3 0.2887 376 0 466 199
B1 0.2068 376 0 467 199
B1 0.1515 284 138 339 515
O0 0.1378 377 0 466 198
B1 0.1143 274 133 325 513
G0 0.0739 1 -3 218 299
I0 0.0680 2 -4 219 297
B1 0.0628 60 274 182 465
C3 0.0464 125 206 183 258
H0 0.0460 0 316 80 467
B3 0.0429 376 -2 469 197
D1 0.0418 311 159 403 514
B1 0.0346 231 209 278 487
C2 0.0278 302 69 392 125
J0 0.0270 382 437 500 504
B1 0.0239 190 180 263 498
C3 0.0236 116 105 196 166
B1 0.0209 445 91 500 300
B1 0.0201 98 226 292 487
H3 0.0191 445 84 500 300
B1 0.0165 58 274 132 459
B1 0.0157 174 192 213 501
C3 0.0152 107 0 193 61
C0 0.0146 0 317 79 468
G0 0.0145 275 110 349 514
B1 0.0134 342 124 401 485
B1 0.0130 58 259 256 476
D1 0.0121 382 435 500 502
B1 0.0120 440 16 470 156
B1 0.0120 142 213 263 497
B1 0.0116 270 146 306 521
C3 0.0104 390 379 501 461
C2 0.0101 109 0 193 62
C3 0.0100 378 438 507 501
B1 0.0095 226 156 288 492
C2 0.0094 117 105 197 165
C3 0.0093 386 203 460 293
G0 0.0089 273 108 388 513
C3 0.0077 47 13 79 45
B1 0.0074 0 315 79 465
B1 0.0073 212 74 312 527
C2 0.0071 392 379 502 460
P0 0.0071 378 -1 464 196
O0 0.0069 59 273 180 465
N0 0.0065 277 102 392 509
B1 0.0065 232 235 263 482
C2 0.0061 1 418 65 466
C2 0.0061 377 1 466 82
B1 0.0060 51 253 328 420
B3 0.0060 60 274 181 463
N0 0.0058 377 4 461 202
L0 0.0058 0 314 81 472
C3 0.0057 463 79 500 117
J0 0.0057 391 376 499 466
G0 0.0056 271 120 326 513
J0 0.0056 76 408 180 466
G0 0.0053 247 557 584 719
B3 0.0052 448 100 500 299
J0 0.0050 382 376 501 505
G0 0.0048 56 277 249 450
C3 0.0046 302 70 392 126
B1 0.0046 106 -6 219 280
C2 0.0044 375 25 460 196
B1 0.0042 229 249 253 481
B1 0.0040 -4 -20 225 302
O0 0.0040 448 100 500 299
B1 0.0039 69 340 181 452
B1 0.0038 172 218 199 498
E2 0.0038 284 98 379 182
E2 0.0034 297 68 392 128
G0 0.0031 54 220 416 469
C2 0.0030 396 287 501 335
B2 0.0030 380 329 499 391
C0 0.0030 0 322 46 413
D1 0.0030 106 -7 219 295
C2 0.0029 380 437 490 499
R0 0.0028 105 -6 216 286
C3 0.0028 120 141 195 169
C3 0.0027 2 168 41 219
C3 0.0026 71 223 98 242
R0 0.0026 390 358 499 466
R0 0.0026 0 -20 227 307
C3 0.0025 77 410 181 463
B1 0.0023 351 132 398 425
C3 0.0023 475 133 500 200
G0 0.0023 171 119 357 512
E2 0.0023 379 283 498 377
C3 0.0021 0 77 28 114
C2 0.0021 127 206 183 257
B2 0.0021 379 285 500 392
B2 0.0020 400 286 500 336
C3 0.0020 365 136 395 185
C2 0.0019 306 70 385 108
C3 0.0019 173 93 212 126
G3 0.0019 294 247 326 525
C3 0.0019 382 327 498 391
B2 0.0019 304 70 391 125
F3 0.0019 255 572 556 670
B1 0.0019 398 7 464 160
E2 0.0018 283 68 392 184
R0 0.0017 378 197 459 295
J0 0.0016 76 359 179 463
C2 0.0016 388 206 457 287
R0 0.0016 -7 413 503 666
C3 0.0016 181 199 236 247
D1 0.0016 77 411 179 465
C0 0.0015 55 305 93 456
B3 0.0015 296 33 445 193
C2 0.0015 24 353 77 418
C3 0.0015 5 292 68 331
A3 0.0015 107 -1 194 61
H0 0.0015 0 391 77 468
C0 0.0015 453 112 499 216
G3 0.0015 277 185 304 506
B3 0.0015 314 198 402 513
Q0 0.0015 -3 393 497 654
R0 0.0015 0 258 505 666
N0 0.0014 439 87 499 298
B1 0.0014 -2 1 130 298
C0 0.0014 0 364 19 406
C3 0.0013 0 365 18 402
C0 0.0013 0 319 73 398
C3 0.0013 460 115 499 282
R0 0.0013 364 109 471 469
M0 0.0012 364 -1 472 202
R0 0.0012 448 108 500 299
F3 0.0012 189 9 203 34
B1 0.0012 248 102 328 484
C0 0.0012 383 202 459 292
R0 0.0011 382 311 498 483
B3 0.0011 421 91 501 304
E3 0.0011 -84 54 -13 299
E2 0.0011 2 340 72 466
B3 0.0010 441 62 498 205
E2 0.0010 77 403 177 465
F3 0.0010 194 543 592 711
C3 0.0010 379 301 500 453
G0 0.0010 1 194 505 660
C0 0.0010 475 132 500 201
B0 0.0010 97 97 403 519
C0 0.0010 381 327 499 465
