D1 0.1936 63 30 199 429
B1 0.0894 72 45 202 429
D1 0.0609 32 -34 211 495
G0 0.0550 74 16 220 415
I0 0.0453 73 16 222 417
C2 0.0417 153 396 205 420
G0 0.0391 12 24 235 396
C3 0.0330 153 396 204 420
D1 0.0328 78 106 186 446
D1 0.0279 11 63 95 340
G0 0.0220 4 52 94 342
D1 0.0181 80 -15 217 370
B0 0.0179 78 9 218 418
D1 0.0173 -48 -50 255 505
B1 0.0153 -21 -6 220 439
B1 0.0133 80 10 216 329
C2 0.0132 51 399 94 419
B2 0.0112 7 320 200 420
D1 0.0108 -5 41 199 361
M0 0.0092 77 7 221 418
D1 0.0083 8 22 110 383
D0 0.0069 8 28 226 417
G0 0.0048 11 38 161 407
G3 0.0041 -1 325 200 418
B3 0.0036 77 140 192 434
R0 0.0033 3 29 222 420
R0 0.0033 3 46 95 385
R0 0.0024 82 -2 223 288
B1 0.0014 175 55 241 349
B0 0.0014 0 326 202 421
K0 0.0013 152 397 203 420
C3 0.0013 157 320 237 421
C3 0.0012 0 325 84 421
C3 0.0012 200 99 232 126
I3 0.0012 82 -7 219 282
Q0 0.0011 -4 324 203 419
C0 0.0011 -2 325 204 418
