D1 0.4810 115 100 463 255
B0 0.3253 84 103 409 256
G3 0.0797 92 70 439 252
K0 0.0275 -2 164 266 314
B2 0.0240 0 162 263 314
B1 0.0221 143 65 449 265
N0 0.0087 86 65 448 256
D1 0.0067 116 76 460 217
I0 0.0063 103 73 451 257
G0 0.0058 100 65 449 256
B0 0.0032 72 67 465 262
K0 0.0031 41 167 193 277
C0 0.0027 -3 161 269 314
D1 0.0026 194 68 427 272
H0 0.0023 -6 163 266 316
G3 0.0022 0 167 260 312
D1 0.0018 62 74 396 264
Q0 0.0017 19 63 460 274
B2 0.0017 177 276 259 315
C2 0.0016 175 277 259 315
K0 0.0015 1 165 150 313
K0 0.0014 19 166 154 271
C3 0.0013 175 276 260 315
B1 0.0012 262 70 439 235
E3 0.0011 -1 168 262 314
B2 0.0011 26 214 252 316
L0 0.0010 11 164 256 293
