D1 0.4736 66 57 313 102
D1 0.2546 64 82 311 118
D1 0.2541 27 58 343 114
D1 0.2055 12 51 357 101
D1 0.1611 46 88 336 124
D1 0.0837 -32 -4 299 55
G0 0.0836 0 26 368 166
D1 0.0483 27 7 345 112
R0 0.0419 0 24 367 167
R0 0.0405 3 -94 368 166
D1 0.0355 -31 -2 404 121
B0 0.0336 -1 0 371 157
G3 0.0314 0 0 359 49
F3 0.0309 0 -13 366 66
G0 0.0269 3 -48 370 163
C1 0.0256 -2 12 373 163
F3 0.0246 0 -45 367 158
D1 0.0210 8 87 375 132
D1 0.0141 7 61 274 148
D1 0.0135 49 82 317 143
D1 0.0093 -49 -3 364 69
D1 0.0074 75 -3 355 53
K0 0.0071 0 0 59 43
D1 0.0064 -22 40 307 147
C3 0.0059 0 0 60 43
D1 0.0056 60 -5 359 91
D1 0.0053 -46 69 364 151
C3 0.0048 111 150 149 167
F3 0.0044 -1 1 326 45
B1 0.0041 227 31 364 166
C3 0.0040 1 107 82 158
R0 0.0039 0 -93 369 53
J0 0.0039 230 32 365 166
G3 0.0039 0 -1 82 159
F2 0.0039 28 -2 300 43
G3 0.0037 -2 109 82 152
D1 0.0035 -64 -27 445 139
R0 0.0034 4 -15 394 115
F2 0.0032 0 -1 58 156
K0 0.0031 0 -2 80 159
K0 0.0029 0 -76 60 48
C2 0.0028 112 150 141 167
D1 0.0027 62 84 367 160
D1 0.0026 13 79 368 118
B1 0.0025 319 32 367 164
P0 0.0025 234 0 317 40
H0 0.0025 238 0 316 40
F2 0.0024 85 -5 359 42
G3 0.0024 -2 -83 57 45
D1 0.0024 92 86 341 115
F2 0.0023 0 -1 17 154
P0 0.0023 0 0 76 160
R0 0.0022 164 26 366 172
G0 0.0022 231 22 368 165
C3 0.0021 239 159 271 168
C2 0.0021 238 159 271 168
Q0 0.0020 -4 -92 375 47
C2 0.0019 351 0 369 38
D1 0.0018 -42 -10 317 146
B3 0.0017 0 -4 73 166
K0 0.0017 1 106 83 158
C2 0.0017 240 0 265 26
F2 0.0017 92 0 279 40
C1 0.0017 45 117 347 164
B0 0.0016 -2 53 359 163
C2 0.0016 240 1 281 30
C3 0.0016 303 0 371 42
B0 0.0015 3 117 366 165
J0 0.0015 6 -9 401 96
J0 0.0014 318 30 367 165
C0 0.0012 -12 -3 235 45
C0 0.0012 31 -4 387 50
C2 0.0012 128 1 165 32
B0 0.0011 11 -11 375 62
G0 0.0011 350 3 370 162
B1 0.0011 356 3 370 168
I0 0.0011 344 3 369 166
G3 0.0011 0 3 59 43
J0 0.0010 142 20 379 180
C2 0.0010 0 -2 8 140
C3 0.0010 128 1 167 32
C3 0.0010 142 0 169 12
