D1 0.2279 -9 38 434 123
C2 0.0814 87 0 205 45
F2 0.0624 15 42 448 119
D2 0.0520 89 0 202 46
F2 0.0271 12 7 488 122
B2 0.0225 55 44 439 120
D2 0.0206 637 261 694 315
B2 0.0191 90 0 200 44
F2 0.0160 0 -6 694 317
G3 0.0140 -5 38 433 129
B2 0.0107 0 3 83 44
C2 0.0102 637 261 693 316
B2 0.0087 637 261 693 315
C2 0.0086 106 119 221 193
C2 0.0071 119 257 234 315
E2 0.0066 -8 -3 571 109
D2 0.0049 3 -7 694 319
D2 0.0048 2 109 255 316
Q0 0.0047 5 -11 689 312
C2 0.0043 0 41 88 112
C0 0.0038 0 40 92 113
B0 0.0032 3 -9 695 320
E2 0.0029 15 -3 545 72
C2 0.0029 0 1 83 44
C2 0.0025 0 75 22 132
E2 0.0024 -93 -4 691 83
F2 0.0021 -46 -1 549 72
C3 0.0021 0 41 94 114
E2 0.0020 -36 98 412 332
B2 0.0019 124 255 235 314
K0 0.0018 1 -1 24 139
N0 0.0018 -5 4 95 142
F2 0.0016 -65 -5 693 89
C2 0.0016 570 2 679 62
C3 0.0015 5 113 255 316
A3 0.0014 212 -32 736 331
C2 0.0014 207 1 322 45
B2 0.0014 17 0 77 12
C2 0.0014 1 137 98 207
B2 0.0013 215 1 320 42
E2 0.0012 25 99 326 324
A3 0.0012 -44 106 540 323
C2 0.0012 111 189 213 260
C3 0.0012 0 75 23 132
G3 0.0011 -8 34 459 192
B2 0.0011 -2 111 93 143
B2 0.0010 5 282 107 316
C0 0.0010 507 487 554 504
E2 0.0010 76 106 263 318
