D1 0.3183 349 139 522 1004
D1 0.1454 319 6 523 1210
D1 0.0928 266 34 386 1067
D1 0.0857 239 52 413 1136
D1 0.0628 202 6 502 1214
N0 0.0508 268 -7 519 1012
B0 0.0292 275 0 528 1010
B1 0.0265 258 176 468 1059
D1 0.0227 259 -69 506 1023
B3 0.0221 331 85 543 1043
P0 0.0161 269 -67 495 768
B1 0.0152 304 -87 513 1038
B0 0.0131 271 -63 496 755
D1 0.0115 280 -165 433 1219
B3 0.0110 361 251 527 1028
B0 0.0069 260 -12 402 1013
B3 0.0068 263 -301 505 1065
B3 0.0046 269 -66 499 746
B1 0.0043 269 -212 455 1132
B1 0.0035 280 -154 369 991
A2 0.0031 487 455 776 1032
B2 0.0031 2 950 85 1023
A2 0.0027 -7 94 279 1111
D1 0.0025 143 47 392 1101
Q0 0.0024 -56 -14 301 1027
B0 0.0022 350 38 539 1036
M0 0.0022 276 -51 497 725
B0 0.0018 126 -19 559 1032
B0 0.0016 191 -30 437 1027
E3 0.0014 -57 -6 303 1036
B0 0.0013 -5 -24 372 1030
G0 0.0013 -19 -19 403 1024
N0 0.0013 272 13 493 522
A2 0.0013 469 87 771 1046
R0 0.0010 -24 -26 291 1035
C3 0.0010 274 959 539 1025
