D1 0.3058 33 257 326 345
C2 0.0812 351 250 390 306
D1 0.0790 14 130 347 373
D1 0.0565 15 325 276 520
F2 0.0552 -20 120 439 374
E2 0.0435 -15 121 394 372
D1 0.0344 40 171 325 351
B2 0.0343 -3 119 421 394
K0 0.0312 10 -2 215 179
L0 0.0268 2 112 390 517
B1 0.0258 242 331 309 519
C0 0.0214 239 331 311 519
E3 0.0172 -4 -4 391 515
H0 0.0171 -5 3 392 517
G3 0.0149 -2 337 258 519
C0 0.0145 17 151 376 544
K0 0.0137 0 250 96 478
C2 0.0130 82 448 159 518
D1 0.0126 10 214 344 471
B0 0.0106 -5 25 402 523
E3 0.0097 140 -1 388 226
B1 0.0094 11 333 272 520
L0 0.0083 -2 186 316 524
D1 0.0073 36 110 409 444
K0 0.0066 243 359 309 518
C2 0.0062 0 149 61 252
E3 0.0060 0 0 213 181
E3 0.0058 2 1 385 226
L0 0.0058 -2 300 287 512
K0 0.0057 14 -20 327 349
D2 0.0054 83 450 157 518
D1 0.0048 -19 174 362 531
B1 0.0043 247 332 289 521
G3 0.0041 252 384 274 518
C2 0.0041 160 418 216 507
K0 0.0037 25 -5 303 193
L0 0.0036 2 120 351 395
H0 0.0035 17 -24 308 334
B2 0.0032 5 326 269 520
F2 0.0032 28 106 417 315
Q0 0.0030 0 1 210 180
K0 0.0029 -16 -81 372 399
C0 0.0028 34 123 411 444
F2 0.0028 -3 316 276 523
K0 0.0027 129 -8 244 187
K0 0.0027 128 -6 404 189
B0 0.0025 -2 335 258 520
K0 0.0025 134 -6 302 183
C3 0.0022 14 -8 213 183
C3 0.0022 50 289 90 328
C0 0.0021 -2 -1 388 382
B2 0.0020 7 111 421 298
C2 0.0018 143 369 203 427
E3 0.0017 241 334 387 514
C0 0.0017 244 394 307 520
C0 0.0017 230 309 338 517
K0 0.0017 0 254 85 417
K0 0.0016 83 -6 231 170
G3 0.0015 256 375 283 523
G3 0.0015 49 273 162 338
C2 0.0015 267 331 332 394
P0 0.0015 -16 92 308 430
C0 0.0015 89 218 356 381
C2 0.0015 0 276 60 371
P0 0.0014 8 305 274 522
B1 0.0014 104 335 266 516
I3 0.0014 97 0 211 119
B2 0.0013 85 448 156 516
B1 0.0012 198 327 335 524
C3 0.0012 282 409 305 499
P0 0.0012 18 -8 302 323
C3 0.0011 -1 0 76 31
E3 0.0011 2 5 92 162
E3 0.0011 95 0 394 335
E3 0.0010 6 2 149 172
K0 0.0010 189 0 366 38
C2 0.0010 18 434 89 500
C3 0.0010 54 273 166 340
K0 0.0010 189 0 372 24
