O0 0.1079 19 17 182 406
I3 0.1071 37 364 126 408
D1 0.0858 18 -2 171 341
I3 0.0826 22 14 178 293
B1 0.0731 24 -4 177 347
B0 0.0707 20 -16 175 364
B1 0.0576 26 54 164 429
P0 0.0564 26 -10 166 417
D1 0.0480 25 30 158 441
B3 0.0460 25 -7 174 409
B0 0.0384 25 50 158 429
I0 0.0299 19 20 179 402
R0 0.0244 21 19 177 265
M0 0.0174 18 15 184 405
C2 0.0112 73 217 112 272
C2 0.0101 43 264 109 312
P0 0.0063 33 84 155 445
C3 0.0060 44 264 108 313
G3 0.0038 64 311 102 380
C3 0.0037 37 365 129 407
P0 0.0036 36 105 123 432
A3 0.0032 41 243 107 365
C3 0.0029 41 258 108 349
P0 0.0029 20 -78 147 542
F2 0.0027 42 215 108 373
E3 0.0026 2 4 196 225
Q0 0.0024 3 6 191 222
C3 0.0024 110 7 161 27
C2 0.0023 110 7 161 27
E3 0.0020 -64 291 203 411
B2 0.0019 43 258 108 362
I3 0.0019 190 375 299 409
B3 0.0019 34 128 151 412
E3 0.0019 119 293 207 405
F3 0.0017 185 66 305 355
R0 0.0016 132 4 190 387
A3 0.0015 30 113 156 428
Q0 0.0014 13 223 174 407
O0 0.0014 21 222 160 408
P0 0.0014 43 250 112 383
M0 0.0012 -89 293 180 417
B1 0.0011 73 94 157 416
B0 0.0011 2 7 187 230
P0 0.0011 41 186 109 390
B3 0.0011 27 41 135 452
E3 0.0010 -106 42 -47 246
