D1 0.3882 83 56 634 272
G0 0.1026 43 58 641 269
D1 0.0740 31 90 496 269
R0 0.0481 137 46 654 269
G0 0.0332 12 -70 637 308
R0 0.0294 22 44 642 327
D1 0.0166 -122 48 711 283
C2 0.0153 419 103 491 185
C2 0.0150 477 96 533 177
R0 0.0122 12 -123 635 343
J0 0.0049 56 149 174 265
G0 0.0041 -4 -106 637 157
R0 0.0040 1 -114 637 183
C3 0.0033 60 155 176 260
C2 0.0021 434 108 474 154
F3 0.0020 41 69 601 269
C2 0.0018 430 103 477 170
R0 0.0018 -2 228 641 353
C3 0.0016 573 164 634 207
G0 0.0016 54 91 455 264
D1 0.0015 248 81 613 228
C2 0.0012 373 111 424 159
C2 0.0010 432 101 480 146
C2 0.0010 427 -139 496 -107
