D1 0.3865 47 71 412 198
B0 0.3818 192 13 374 69
D1 0.3179 2 216 406 283
D1 0.2356 6 254 414 345
D1 0.1740 7 192 416 245
D1 0.1681 192 13 374 70
G3 0.1087 60 73 449 195
D1 0.1056 10 155 428 226
D1 0.1022 9 74 438 247
G0 0.0855 -2 216 409 282
G0 0.0754 -2 259 387 339
B1 0.0712 442 331 524 386
G0 0.0631 0 202 458 313
C3 0.0621 385 132 451 191
G3 0.0484 217 22 354 69
B0 0.0266 34 71 464 207
C2 0.0201 441 330 528 387
O0 0.0192 443 330 524 387
B0 0.0174 8 46 499 286
I0 0.0159 -2 260 391 337
D1 0.0152 130 104 471 194
C2 0.0147 385 132 452 191
C0 0.0135 381 201 455 313
B1 0.0129 381 200 455 314
K0 0.0125 0 267 61 339
G0 0.0120 -1 13 500 354
I0 0.0118 2 255 414 375
C3 0.0109 -4 269 62 336
B3 0.0099 191 10 375 73
P0 0.0090 192 11 374 74
B1 0.0085 384 132 450 189
B3 0.0084 383 133 450 191
B3 0.0084 444 329 524 387
C0 0.0078 383 133 450 190
D1 0.0076 42 3 427 223
G3 0.0072 383 132 452 190
J0 0.0067 382 200 456 313
C3 0.0059 504 337 524 388
K0 0.0059 0 270 35 339
G0 0.0052 -7 105 474 298
C0 0.0050 208 18 375 70
C3 0.0050 449 331 524 386
C3 0.0050 352 347 450 387
C0 0.0048 349 324 522 386
K0 0.0046 397 327 524 386
B0 0.0045 11 204 459 318
D1 0.0045 58 68 338 177
D1 0.0041 12 133 560 269
D1 0.0038 82 186 498 298
K0 0.0036 412 302 482 364
C0 0.0035 352 342 448 387
G3 0.0031 276 322 522 449
C0 0.0023 336 298 524 390
C3 0.0021 0 270 41 335
R0 0.0020 -4 318 512 384
G0 0.0017 -5 174 433 287
C0 0.0015 383 301 483 362
N0 0.0015 38 55 441 230
G3 0.0014 186 19 336 66
C1 0.0014 -3 313 458 383
P0 0.0014 439 316 524 386
K0 0.0013 402 299 525 372
D1 0.0013 37 88 543 194
B0 0.0013 -3 -16 475 360
D1 0.0013 -32 156 514 250
D1 0.0013 134 199 471 313
I0 0.0013 -2 299 521 380
G3 0.0013 -2 145 60 342
G0 0.0013 -12 211 524 369
K0 0.0012 0 212 63 337
B2 0.0011 500 32 523 135
G0 0.0010 -6 263 525 380
E3 0.0010 -1 61 59 343
G3 0.0010 191 12 458 111
N0 0.0010 -4 -48 498 295
B0 0.0010 295 328 524 424
K0 0.0010 0 131 62 336
