B1 0.1054 266 87 345 464
B1 0.0707 336 60 455 497
B1 0.0620 103 55 383 512
B1 0.0485 -1 1 57 345
D1 0.0437 268 105 346 465
D1 0.0396 20 -30 188 485
G0 0.0378 159 0 348 461
B1 0.0360 25 -41 188 500
G0 0.0312 345 115 500 460
B1 0.0296 453 87 500 515
B1 0.0264 344 102 497 401
D1 0.0224 -1 -41 56 362
D1 0.0203 32 449 353 500
G0 0.0198 20 0 193 496
G0 0.0183 187 0 496 119
D1 0.0174 75 -63 399 638
B0 0.0173 20 1 192 485
G0 0.0167 13 -4 432 487
B1 0.0157 244 39 348 553
D1 0.0143 13 -45 134 490
D1 0.0138 335 51 490 482
B1 0.0136 437 37 499 554
B1 0.0126 328 -15 433 586
B1 0.0116 317 22 415 532
B1 0.0114 467 114 499 492
B1 0.0102 55 -35 220 427
G0 0.0100 150 -2 456 483
D1 0.0097 107 446 491 503
G0 0.0097 287 2 508 483
B1 0.0092 -41 -90 361 533
B1 0.0089 326 13 486 569
B1 0.0081 146 -37 304 498
D1 0.0081 31 -17 255 448
D1 0.0073 329 -7 439 548
B1 0.0071 28 -149 253 600
G0 0.0071 426 120 502 467
D1 0.0068 120 -7 524 129
D1 0.0067 129 -72 297 551
B1 0.0067 350 0 499 118
B3 0.0066 31 35 226 500
D1 0.0066 149 90 361 501
B0 0.0065 -2 -1 55 494
D1 0.0065 54 -2 203 426
B1 0.0063 48 -113 202 570
B1 0.0060 0 -12 29 378
B1 0.0056 -7 -37 93 392
P0 0.0055 36 19 187 512
B1 0.0050 395 57 504 546
B0 0.0049 9 2 109 478
G0 0.0046 -3 1 53 497
B1 0.0041 399 103 497 411
G0 0.0041 453 120 500 466
D1 0.0041 139 -123 353 514
B1 0.0041 -2 -97 82 491
B1 0.0041 -57 -259 375 703
I0 0.0039 4 448 493 500
B0 0.0039 153 -2 352 481
M0 0.0038 21 -3 187 496
D1 0.0038 21 -108 210 619
B1 0.0035 154 -14 272 584
G0 0.0034 -9 448 500 498
B3 0.0032 -1 -1 292 551
B1 0.0032 210 -19 462 572
D1 0.0032 -1 39 61 522
B0 0.0030 -1 448 491 500
B3 0.0029 19 -116 233 630
D1 0.0028 32 5 155 522
D1 0.0026 30 415 363 502
D1 0.0026 227 -95 357 488
D1 0.0025 -25 -128 348 624
B1 0.0023 0 65 29 490
B1 0.0022 460 77 500 399
G0 0.0022 345 1 500 115
B1 0.0022 311 -98 419 654
D1 0.0022 166 -110 288 448
D1 0.0021 464 155 501 484
E1 0.0021 249 -63 357 456
D1 0.0020 153 40 289 570
D1 0.0020 0 123 48 482
D1 0.0019 152 -207 299 664
B1 0.0019 161 124 359 487
D1 0.0018 0 135 27 478
B1 0.0018 474 119 499 400
D2 0.0017 189 -2 345 126
B1 0.0017 119 -74 325 625
B1 0.0017 0 149 21 494
B3 0.0016 335 -59 447 395
D1 0.0016 -3 -111 86 444
R0 0.0015 337 105 502 470
B1 0.0015 167 -48 362 533
D1 0.0014 199 -164 373 542
G0 0.0013 -17 365 503 500
J0 0.0013 357 -2 497 118
B1 0.0013 189 -1 348 123
D1 0.0013 34 -13 627 135
D0 0.0013 1 456 93 500
D1 0.0013 73 483 306 501
J0 0.0012 0 457 92 500
D1 0.0012 21 -30 115 410
B0 0.0012 -1 126 46 473
D1 0.0012 -37 453 447 502
B3 0.0011 0 455 94 500
C2 0.0011 287 384 321 455
D1 0.0011 152 -57 371 385
D1 0.0011 319 -116 453 453
H3 0.0011 186 -2 346 125
D2 0.0011 351 0 498 118
B1 0.0011 335 106 409 471
B1 0.0011 40 -215 322 668
G0 0.0011 214 45 343 464
J0 0.0010 186 -2 353 119
G0 0.0010 -2 453 295 498
B1 0.0010 100 45 290 522
O0 0.0010 0 456 93 500
