D1 0.6155 17 112 318 180
D1 0.4791 4 106 409 189
D1 0.1874 -30 117 430 216
B0 0.0302 26 111 356 177
D1 0.0256 6 65 338 185
D1 0.0240 -42 84 450 278
B0 0.0188 6 70 398 223
C3 0.0154 377 95 399 150
C2 0.0113 78 73 106 93
G3 0.0110 19 14 393 248
B0 0.0103 -6 -26 398 287
K0 0.0098 -1 -1 108 122
D1 0.0091 -8 55 431 214
G3 0.0089 25 96 369 183
B0 0.0086 17 87 369 192
C0 0.0079 314 75 399 169
C3 0.0065 0 86 36 152
D1 0.0064 62 159 403 289
J0 0.0058 78 159 397 290
K0 0.0055 315 -8 399 245
G3 0.0051 316 -4 400 227
D1 0.0045 2 146 371 229
N0 0.0042 230 121 341 173
K0 0.0042 16 47 105 122
D0 0.0040 3 -29 396 281
G3 0.0037 133 145 290 174
C2 0.0035 75 72 106 116
R0 0.0034 74 160 413 288
C0 0.0033 314 -10 399 241
D1 0.0031 -4 129 441 293
G3 0.0030 2 -1 124 235
G3 0.0029 78 73 106 93
D1 0.0027 81 123 362 183
C0 0.0026 205 91 398 193
B0 0.0025 2 -4 160 280
F0 0.0025 1 -7 196 289
B2 0.0024 78 73 106 93
D0 0.0023 12 166 355 295
C3 0.0023 42 237 110 279
D1 0.0022 19 147 328 205
G3 0.0022 139 59 418 210
E3 0.0022 317 -4 400 228
G3 0.0021 247 35 405 211
C0 0.0021 377 89 399 164
C2 0.0021 42 238 111 279
G3 0.0021 0 -3 178 284
R0 0.0021 -26 126 455 296
G3 0.0020 150 5 415 245
C0 0.0020 2 -29 106 264
K0 0.0020 1 -2 108 195
G3 0.0019 310 52 402 213
K0 0.0019 24 34 105 172
C2 0.0019 317 94 362 130
B0 0.0019 317 -1 401 213
G3 0.0018 217 78 410 200
N0 0.0018 2 1 103 122
N0 0.0018 315 -3 401 226
K0 0.0018 317 -3 399 144
A0 0.0018 0 -10 196 291
C0 0.0017 317 62 399 223
G3 0.0017 160 146 279 169
B2 0.0017 1 0 108 123
K0 0.0017 319 72 399 220
D1 0.0017 8 105 416 246
D1 0.0016 33 152 333 273
B3 0.0016 2 4 106 231
G3 0.0015 164 286 397 344
B0 0.0015 0 -2 105 228
L0 0.0014 0 -5 194 289
N0 0.0013 1 1 112 217
C2 0.0013 59 79 106 118
N0 0.0012 322 1 400 154
C2 0.0011 324 145 400 193
C0 0.0010 32 236 112 288
