B1 0.2065 212 -2 287 348
D1 0.1750 17 0 202 354
D1 0.1719 213 3 285 343
D1 0.0774 196 -23 298 375
D1 0.0730 251 -10 308 338
B1 0.0673 24 -5 208 379
B2 0.0581 0 32 112 109
G0 0.0570 21 0 239 347
G0 0.0448 9 -7 376 353
D1 0.0441 230 -5 305 373
D1 0.0346 22 82 172 361
C2 0.0271 58 236 89 275
B1 0.0265 206 3 314 320
R0 0.0236 6 -6 376 351
D1 0.0205 45 -27 221 309
B0 0.0197 3 0 370 352
B1 0.0196 240 4 301 376
B0 0.0152 214 30 311 348
R0 0.0115 282 107 377 233
B1 0.0114 123 -20 326 326
D1 0.0102 132 -35 315 347
B1 0.0092 69 -13 225 313
C2 0.0059 226 86 267 128
G0 0.0055 212 24 311 348
D1 0.0054 145 10 240 259
J0 0.0050 283 104 377 234
Q0 0.0048 9 2 228 345
J0 0.0043 1 101 95 222
B1 0.0039 50 -63 243 414
A2 0.0038 206 3 372 110
F2 0.0035 0 33 113 110
D1 0.0032 229 56 362 279
D1 0.0031 32 -24 270 403
Q0 0.0030 195 7 377 111
B1 0.0026 123 -1 222 273
D1 0.0026 243 10 321 380
C3 0.0024 48 260 123 300
R0 0.0021 1 100 95 221
C0 0.0021 0 206 16 318
R0 0.0020 -2 222 382 361
O0 0.0020 212 30 308 352
Q0 0.0019 -1 32 112 109
C3 0.0019 0 302 15 313
B0 0.0016 1 3 226 346
B2 0.0016 -13 30 187 112
Q0 0.0016 0 99 97 311
R0 0.0014 0 99 97 316
C3 0.0013 0 285 15 316
D1 0.0012 104 -30 229 337
Q0 0.0012 276 107 378 233
R0 0.0011 4 288 337 357
Q0 0.0011 -3 -5 170 28
B0 0.0011 -1 31 111 112
D1 0.0011 0 36 200 284
D1 0.0011 209 -4 309 298
R0 0.0010 3 256 226 356
R0 0.0010 9 39 223 348
Q0 0.0010 9 -6 147 39
J0 0.0010 122 220 295 347
N0 0.0010 -1 31 113 113
