D1 0.1680 203 -23 378 629
D1 0.1183 227 79 370 705
R0 0.0912 0 0 152 114
B3 0.0830 214 86 378 710
D0 0.0778 216 27 374 683
D0 0.0710 234 177 369 670
G0 0.0236 -7 2 497 260
B2 0.0210 147 27 388 657
B3 0.0206 196 -49 386 635
B0 0.0157 209 53 386 666
R0 0.0128 -36 -6 467 236
R0 0.0124 0 375 334 655
Q0 0.0112 1 4 499 257
H3 0.0102 -3 -5 516 624
C2 0.0100 164 647 314 666
H3 0.0100 -7 -1 498 263
N0 0.0100 207 52 385 665
C0 0.0091 5 183 268 467
C0 0.0082 -21 -6 449 236
M0 0.0082 209 52 386 663
I3 0.0064 106 0 510 190
E3 0.0061 114 323 502 665
C0 0.0059 -20 257 391 679
B3 0.0057 233 240 375 681
B0 0.0057 83 28 457 659
R0 0.0056 -37 303 429 673
D0 0.0055 -8 -2 497 257
R0 0.0046 3 152 257 477
G3 0.0040 115 323 504 665
C2 0.0039 95 456 237 540
B2 0.0036 47 -5 433 635
B2 0.0035 125 142 392 571
C0 0.0035 -6 134 373 485
H3 0.0032 -1 -5 403 215
C0 0.0029 -20 75 435 386
B1 0.0028 210 51 376 443
D1 0.0026 209 48 376 452
C3 0.0024 1 389 327 663
D2 0.0024 124 322 501 663
N0 0.0021 119 320 504 665
D1 0.0020 3 -126 460 697
B2 0.0020 111 226 405 669
R0 0.0020 1 1 131 87
H0 0.0020 90 290 412 674
Q0 0.0018 -2 318 497 667
N0 0.0018 117 46 439 672
E2 0.0016 158 646 302 666
H3 0.0015 16 316 512 666
F2 0.0013 113 280 403 653
N0 0.0013 151 187 471 650
C0 0.0013 1 144 231 260
B3 0.0012 103 0 507 198
D1 0.0012 62 -4 515 192
E2 0.0011 116 646 324 667
C3 0.0011 0 430 35 491
C0 0.0010 -47 63 454 521
B2 0.0010 164 646 354 665
B3 0.0010 -54 -30 485 600
C0 0.0010 -44 84 457 277
B3 0.0010 162 -55 472 627
