D1 0.6267 10 88 433 214
D1 0.2260 -34 97 586 215
G0 0.0693 9 83 495 216
B2 0.0661 -28 -7 487 131
E2 0.0454 -47 -6 515 130
B0 0.0394 0 86 482 212
B0 0.0346 3 -8 493 364
I0 0.0278 10 85 500 219
F2 0.0259 -31 -5 541 137
N0 0.0229 0 39 490 243
R0 0.0217 3 -22 498 372
D1 0.0167 82 106 488 211
D1 0.0155 -22 16 459 231
G3 0.0151 471 240 499 386
B2 0.0140 -28 -7 591 172
N0 0.0138 11 88 489 222
R0 0.0115 4 192 498 379
G3 0.0109 474 194 501 428
A3 0.0070 0 -4 451 129
I0 0.0053 -7 38 512 284
E2 0.0041 13 -15 620 152
B0 0.0036 5 -31 496 200
F2 0.0034 1 -4 413 121
A3 0.0025 -41 -12 619 166
F0 0.0024 1 -18 500 145
D1 0.0023 -136 55 622 224
N0 0.0023 285 113 474 202
D1 0.0023 -106 9 666 270
L0 0.0019 2 -30 495 153
Q0 0.0018 2 -27 500 204
D1 0.0017 -27 66 472 319
G3 0.0017 478 132 500 475
C2 0.0016 468 191 499 415
F2 0.0016 3 -28 497 169
G3 0.0015 298 113 445 202
E2 0.0013 228 -24 508 147
E2 0.0011 122 -30 539 173
E2 0.0010 -65 -51 604 250
