D1 0.2497 -14 139 678 557
A3 0.2245 331 -1 600 113
G3 0.2200 547 291 640 397
D1 0.1336 102 151 636 497
L0 0.0933 4 57 641 610
G3 0.0911 3 65 638 615
C2 0.0740 545 293 641 397
F3 0.0536 0 62 641 608
B0 0.0427 5 44 644 609
D1 0.0395 -98 90 661 477
D1 0.0242 133 203 620 570
C2 0.0179 526 0 605 97
B2 0.0178 544 290 639 402
D1 0.0173 -26 80 494 407
B2 0.0172 341 -1 586 113
R0 0.0164 23 113 570 506
B1 0.0148 189 138 378 253
K0 0.0118 414 496 633 639
R0 0.0095 2 19 649 636
E3 0.0092 210 0 609 110
C2 0.0078 474 383 584 508
R0 0.0070 184 136 376 258
C3 0.0067 348 -1 519 113
K0 0.0064 545 290 640 404
R0 0.0064 -1 101 468 444
D2 0.0062 545 291 639 404
A3 0.0048 331 2 588 68
A2 0.0041 339 -5 596 117
B3 0.0039 253 291 655 600
E3 0.0037 412 288 642 642
B1 0.0034 163 122 394 349
G3 0.0034 613 284 639 418
A3 0.0034 353 1 574 40
G3 0.0033 573 303 637 396
G3 0.0033 547 294 637 360
G3 0.0032 0 65 582 456
N0 0.0031 414 293 642 639
B1 0.0028 44 96 514 427
D1 0.0028 35 -42 708 437
C3 0.0027 289 0 365 47
C2 0.0024 380 7 476 103
D1 0.0024 185 137 376 250
G3 0.0023 596 301 639 399
B1 0.0023 178 106 442 299
D1 0.0023 -36 26 752 524
C2 0.0023 288 0 362 47
R0 0.0022 98 -36 661 488
B1 0.0022 199 127 390 302
E2 0.0022 -22 193 616 575
E2 0.0021 543 109 638 451
B1 0.0020 118 -4 590 372
C3 0.0020 618 622 640 640
F2 0.0019 179 -1 589 106
L0 0.0017 157 -4 622 118
C2 0.0016 374 1 550 33
P0 0.0015 524 287 640 602
K0 0.0015 415 504 564 640
C3 0.0015 333 -4 587 118
B3 0.0015 522 293 639 603
B2 0.0014 542 292 638 510
B2 0.0014 205 237 264 274
C2 0.0014 0 221 36 305
B2 0.0014 335 -1 507 111
D1 0.0013 16 108 395 430
D1 0.0013 287 214 644 607
A3 0.0013 546 288 639 400
B1 0.0013 72 -41 652 436
D2 0.0012 200 315 667 605
C2 0.0012 427 4 544 107
B0 0.0012 522 287 639 587
G3 0.0012 606 264 639 507
C2 0.0012 234 145 362 224
A3 0.0011 317 -2 511 109
A3 0.0011 373 0 570 31
D1 0.0011 200 123 665 552
D1 0.0011 60 -2 401 50
G3 0.0011 608 312 638 402
B1 0.0011 74 0 378 28
C0 0.0011 217 0 371 48
B2 0.0010 265 267 323 309
C0 0.0010 617 625 640 641
A3 0.0010 312 -2 581 49
C2 0.0010 535 0 596 82
