D1 0.4639 8 12 448 133
C2 0.1137 132 58 196 99
I0 0.0355 18 9 471 139
G0 0.0330 16 11 468 139
B0 0.0244 20 10 474 138
R0 0.0190 16 8 483 143
C2 0.0061 17 42 101 127
D1 0.0042 96 0 476 148
C3 0.0037 19 42 109 126
C2 0.0035 371 61 408 106
B0 0.0033 12 -45 497 146
O0 0.0032 17 40 100 130
B1 0.0030 107 4 485 144
C3 0.0026 371 61 407 106
I3 0.0025 18 40 100 129
C2 0.0021 126 33 197 102
R0 0.0021 6 -141 501 154
D0 0.0020 4 -139 498 165
I3 0.0016 0 47 17 173
B3 0.0016 19 42 95 124
C2 0.0012 0 48 16 162
D1 0.0011 81 68 462 138
R0 0.0010 -1 -167 503 48
