B0 0.3486 187 132 448 198
D1 0.1878 185 131 449 198
P0 0.0341 183 127 451 201
C2 0.0229 188 135 271 185
K0 0.0180 400 129 585 334
B0 0.0170 145 131 557 266
B3 0.0139 171 120 440 211
B0 0.0130 110 111 628 237
B0 0.0120 153 122 547 227
C0 0.0099 -2 122 411 221
L0 0.0093 9 120 583 336
N0 0.0087 146 124 564 277
K0 0.0083 399 116 507 334
K0 0.0083 417 212 497 332
P0 0.0059 144 116 558 249
B0 0.0058 58 127 578 335
K0 0.0053 444 143 582 320
B0 0.0049 -5 -128 593 343
C3 0.0048 189 136 278 184
C0 0.0046 399 126 487 290
R0 0.0044 -5 -127 592 338
A0 0.0044 14 -124 576 332
H3 0.0038 6 -115 583 333
K0 0.0036 399 125 486 301
K0 0.0035 416 212 561 337
L0 0.0032 -1 -107 595 335
D1 0.0029 -8 126 340 217
E3 0.0028 7 116 593 338
N0 0.0028 7 -73 585 323
D1 0.0027 140 123 532 213
C0 0.0023 400 128 455 215
Q0 0.0023 404 116 587 329
K0 0.0022 12 119 231 331
K0 0.0022 482 167 584 326
D1 0.0021 128 116 454 191
G3 0.0019 28 134 428 223
E3 0.0019 403 134 586 328
G3 0.0018 190 134 371 186
G3 0.0017 401 134 587 333
P0 0.0017 80 105 657 264
B0 0.0016 17 137 465 232
D1 0.0015 142 99 596 230
P0 0.0015 169 109 447 248
E0 0.0014 3 118 586 339
Q0 0.0012 532 49 584 301
N0 0.0011 182 134 414 185
A0 0.0010 137 169 463 336
