D1 0.0992 31 32 399 132
B1 0.0765 138 56 379 134
B1 0.0719 39 44 383 131
K0 0.0701 58 51 389 133
B0 0.0485 11 33 373 120
P0 0.0484 20 33 322 122
B2 0.0256 141 54 375 134
N0 0.0153 21 37 384 136
M0 0.0120 19 36 382 136
N0 0.0072 20 34 161 108
B0 0.0059 9 31 448 166
K0 0.0057 144 58 378 132
N0 0.0033 -1 29 204 112
C2 0.0031 15 37 147 107
B3 0.0030 147 55 376 134
D1 0.0030 48 33 413 97
R0 0.0028 14 39 455 164
G3 0.0028 64 29 229 111
D1 0.0024 -14 20 424 108
N0 0.0018 25 38 297 121
G3 0.0018 14 39 146 107
P0 0.0015 22 35 189 113
R0 0.0014 213 45 464 156
D1 0.0012 118 52 387 137
D1 0.0011 29 -7 405 113
R0 0.0010 1 79 470 177
