D1 0.2485 33 178 341 244
R0 0.1541 75 5 400 136
R0 0.1314 25 22 133 137
D1 0.1263 84 7 394 135
D1 0.1247 48 154 385 245
G0 0.1013 14 -65 427 267
R0 0.0827 11 -75 429 273
D0 0.0649 26 22 133 136
B1 0.0620 25 22 133 137
D1 0.0585 38 104 384 257
O0 0.0403 26 22 133 136
G0 0.0381 32 21 409 136
I0 0.0303 37 163 391 252
B1 0.0207 354 170 383 256
G0 0.0195 26 132 397 251
D1 0.0171 29 13 428 244
G0 0.0163 23 -2 427 179
D1 0.0153 50 44 411 186
R0 0.0108 54 -12 439 111
J0 0.0102 26 21 134 137
C0 0.0082 354 169 383 257
G3 0.0074 354 172 383 254
G0 0.0059 -5 -41 434 143
D1 0.0057 -52 67 448 252
D1 0.0052 -49 -4 467 301
Q0 0.0048 -6 -47 432 145
B1 0.0041 12 -10 471 282
G0 0.0041 25 82 429 252
I0 0.0039 2 159 422 287
B3 0.0037 354 168 383 257
D1 0.0031 -8 115 379 215
N0 0.0028 354 170 383 254
G0 0.0027 35 170 393 254
C3 0.0018 131 92 159 119
G0 0.0016 77 -54 329 24
R0 0.0015 9 -40 405 67
C3 0.0015 356 228 382 255
I3 0.0015 340 335 430 367
O0 0.0014 24 28 94 135
C2 0.0014 41 193 87 230
R0 0.0012 44 -58 467 137
G0 0.0012 49 -66 347 0
C2 0.0011 406 35 435 123
R0 0.0011 25 -64 369 40
C0 0.0011 359 170 393 257
D1 0.0010 116 164 405 259
G0 0.0010 205 -22 237 -6
D1 0.0010 146 -29 326 143
