D1 0.2988 41 109 387 162
D1 0.1345 35 130 389 201
D1 0.1275 -35 9 430 159
B1 0.1235 356 155 388 261
G0 0.0848 11 103 404 161
D1 0.0842 16 92 410 165
D1 0.0835 -75 105 402 186
G0 0.0782 0 3 403 165
B1 0.0711 343 156 365 262
G0 0.0683 14 162 362 261
G0 0.0450 3 -12 407 233
R0 0.0445 3 -9 406 216
D1 0.0359 -33 116 417 204
G0 0.0329 1 130 397 258
I0 0.0316 14 160 363 264
D1 0.0294 -9 158 409 267
B1 0.0293 1 21 164 165
B1 0.0276 211 161 356 262
D1 0.0265 356 155 389 262
D1 0.0259 -7 139 317 213
G0 0.0258 28 82 403 154
G0 0.0246 0 74 405 227
D1 0.0161 18 179 277 261
D1 0.0147 -18 48 446 178
G3 0.0131 355 163 385 255
D1 0.0128 340 155 367 263
D1 0.0124 2 21 164 166
G0 0.0109 75 115 404 159
D1 0.0089 -71 21 435 214
B1 0.0078 103 160 380 266
B1 0.0072 318 159 356 263
J0 0.0070 4 22 162 165
D1 0.0063 210 162 357 262
D1 0.0052 134 158 341 267
D1 0.0042 2 112 299 178
D1 0.0041 6 -26 492 175
G0 0.0040 14 102 408 197
D1 0.0039 23 5 371 201
G3 0.0032 345 157 364 258
B1 0.0025 333 155 368 264
D1 0.0021 61 163 315 264
D1 0.0019 -4 103 306 207
J0 0.0016 214 160 352 262
D1 0.0015 8 135 305 254
D1 0.0015 131 174 238 262
G3 0.0015 0 11 8 174
D1 0.0015 18 127 432 226
R0 0.0013 0 -65 409 36
D1 0.0012 93 170 268 264
G3 0.0011 395 -60 408 201
