B1 0.2284 26 156 106 287
B1 0.1916 6 21 250 188
D1 0.1517 6 36 257 205
B1 0.0977 159 0 241 129
B1 0.0871 0 198 35 286
B2 0.0863 181 246 246 285
D1 0.0847 144 147 275 268
D1 0.0712 34 71 281 221
B1 0.0621 141 149 276 267
B1 0.0533 51 91 303 233
G0 0.0498 2 9 286 282
B1 0.0470 13 -37 254 220
B1 0.0395 105 129 185 289
B1 0.0380 1 0 110 68
B1 0.0361 127 106 279 222
B1 0.0337 0 0 47 64
B0 0.0335 15 25 284 253
B1 0.0332 0 146 47 292
D1 0.0332 76 99 284 239
K0 0.0330 0 25 41 110
B1 0.0319 15 40 205 177
D1 0.0314 33 37 306 269
D0 0.0309 29 157 105 288
B1 0.0297 232 0 285 150
B1 0.0293 41 0 106 66
B2 0.0251 52 0 107 21
B1 0.0247 -11 16 310 220
G0 0.0245 104 0 242 123
D1 0.0224 161 -5 240 123
D2 0.0221 181 245 248 285
B1 0.0211 239 -28 285 222
G0 0.0207 232 0 286 193
D1 0.0204 17 -55 255 219
D0 0.0199 106 139 184 289
D0 0.0196 0 0 47 62
D1 0.0189 132 107 277 289
G0 0.0182 124 151 285 263
F2 0.0178 106 126 264 246
B1 0.0162 265 -21 286 214
D0 0.0149 106 193 182 286
C2 0.0147 0 206 24 253
B1 0.0142 96 -1 244 123
G0 0.0138 2 0 247 124
B1 0.0137 97 140 234 287
D1 0.0126 177 212 250 286
B1 0.0126 35 57 298 200
B1 0.0124 4 -16 191 195
G0 0.0122 97 114 285 272
B1 0.0121 252 1 285 129
C0 0.0116 0 0 47 61
C0 0.0116 106 181 182 285
D1 0.0108 40 -36 226 191
G0 0.0104 16 109 297 284
B2 0.0102 0 132 115 193
D1 0.0099 55 0 266 132
B1 0.0096 177 211 251 288
G3 0.0093 26 145 91 182
D1 0.0090 236 -7 285 163
B1 0.0090 218 0 258 137
C3 0.0081 125 157 297 273
B1 0.0081 106 0 175 108
K0 0.0076 1 126 113 192
G0 0.0072 43 30 284 229
B1 0.0071 185 176 284 265
C0 0.0068 56 0 107 63
B2 0.0067 178 211 252 285
J0 0.0065 187 177 283 265
D1 0.0065 105 129 250 242
G0 0.0065 178 213 252 284
E2 0.0064 179 212 258 285
B1 0.0063 25 18 227 142
K0 0.0062 1 127 111 164
J0 0.0061 129 112 276 222
C0 0.0059 4 -12 254 325
D1 0.0058 218 -3 257 136
G3 0.0055 8 140 76 160
D1 0.0054 57 0 107 64
D2 0.0053 178 212 254 286
D1 0.0050 236 -51 286 219
G0 0.0050 161 174 279 279
C0 0.0049 20 27 221 273
G3 0.0049 -8 146 87 184
D1 0.0048 177 175 283 265
C0 0.0048 0 199 35 286
B0 0.0047 -3 -2 272 173
D1 0.0044 0 0 47 62
B1 0.0044 259 -7 286 164
E2 0.0042 180 240 263 285
D0 0.0042 57 0 107 65
D1 0.0042 11 1 259 308
C2 0.0042 52 0 104 20
D1 0.0041 74 -12 188 158
N0 0.0039 0 27 113 194
G3 0.0038 0 27 114 194
C2 0.0038 30 147 86 184
D1 0.0037 7 -16 182 166
G3 0.0035 -2 132 81 161
B0 0.0034 4 0 249 126
G0 0.0034 18 -7 288 201
B2 0.0032 1 127 112 163
G3 0.0032 2 151 71 182
B1 0.0031 254 238 283 286
D1 0.0031 116 -2 254 125
B1 0.0030 34 32 195 128
D1 0.0030 99 -1 176 129
B1 0.0029 24 -14 109 155
D1 0.0029 67 57 264 254
F2 0.0029 6 0 109 21
B0 0.0028 0 27 114 194
G0 0.0028 72 0 271 145
R0 0.0027 178 217 259 286
G0 0.0026 246 0 286 163
F0 0.0026 0 27 114 194
B2 0.0026 46 0 138 21
C0 0.0025 0 -1 46 93
I0 0.0025 178 217 255 285
C3 0.0025 178 212 249 286
K0 0.0025 0 66 115 185
C3 0.0024 164 168 282 266
I0 0.0024 226 0 286 195
K0 0.0023 0 25 17 104
G0 0.0022 26 160 108 287
J0 0.0021 106 202 183 285
G0 0.0020 -1 0 107 65
B1 0.0020 269 217 285 288
C3 0.0020 30 60 56 92
J0 0.0019 28 183 106 287
G3 0.0019 -2 139 88 158
B0 0.0019 -13 2 151 163
J0 0.0018 254 239 283 286
B2 0.0017 48 0 107 60
J0 0.0017 162 -6 239 125
D1 0.0017 4 49 194 187
B1 0.0016 75 121 269 284
G0 0.0016 255 212 286 287
B1 0.0016 270 20 285 201
B1 0.0015 170 114 280 218
C0 0.0015 30 60 56 93
K0 0.0015 0 28 25 112
D1 0.0014 98 114 218 230
G3 0.0014 10 131 75 147
C2 0.0014 30 60 56 92
G3 0.0013 26 142 79 158
C2 0.0013 110 24 161 72
G0 0.0013 82 93 286 227
C2 0.0013 -6 132 77 160
D1 0.0013 106 0 170 95
B1 0.0013 -12 -8 142 178
R0 0.0013 224 0 286 197
C0 0.0012 93 146 242 299
C3 0.0012 65 90 312 275
B1 0.0011 217 180 284 264
D1 0.0011 103 91 183 304
D1 0.0011 0 205 34 285
D1 0.0011 36 24 164 126
G3 0.0011 -4 154 67 191
G0 0.0011 255 8 286 114
N0 0.0010 -1 121 47 289
N0 0.0010 0 29 49 290
B1 0.0010 54 0 109 56
G0 0.0010 221 0 285 147
B1 0.0010 164 159 265 299
N0 0.0010 26 159 108 286
B0 0.0010 174 214 285 287
B1 0.0010 2 64 358 235
C2 0.0010 54 205 96 253
E2 0.0010 173 0 224 24
B1 0.0010 1 -7 109 107
