D1 0.4174 24 101 194 149
D1 0.3055 12 84 218 152
D1 0.2435 8 42 197 102
D1 0.2417 22 98 188 135
D1 0.2160 9 58 186 98
D1 0.2053 -12 40 223 86
D1 0.1823 9 96 192 117
D1 0.1534 12 85 206 103
B1 0.1372 24 84 225 154
D1 0.0903 167 157 257 180
D1 0.0777 21 87 182 106
H3 0.0506 163 37 240 139
D1 0.0469 5 68 200 103
C0 0.0452 211 97 232 137
D1 0.0397 14 89 185 113
D1 0.0359 67 156 146 183
G0 0.0334 14 42 249 95
D1 0.0325 18 115 203 155
G3 0.0289 0 92 228 152
B0 0.0262 0 100 232 153
D1 0.0262 -24 33 243 77
G0 0.0237 2 -10 256 119
D1 0.0192 32 85 212 110
D1 0.0190 30 37 266 90
G0 0.0160 5 42 239 155
G0 0.0159 1 -4 258 72
D1 0.0143 -13 62 247 98
F3 0.0138 0 90 229 152
D1 0.0137 -9 19 226 81
B0 0.0137 14 42 241 94
G0 0.0118 1 89 225 153
C0 0.0112 163 35 241 140
C1 0.0105 5 42 240 152
D1 0.0101 25 28 163 47
C0 0.0098 165 71 234 136
D1 0.0092 47 43 250 105
B0 0.0082 8 91 212 124
C3 0.0076 212 98 232 137
J0 0.0074 211 97 232 138
B3 0.0054 244 -1 259 77
H3 0.0051 165 74 233 136
G0 0.0047 -2 -9 247 49
B1 0.0047 0 5 19 100
G3 0.0045 22 99 117 111
D1 0.0044 22 -3 161 49
C3 0.0043 165 40 238 110
D1 0.0043 19 124 168 154
B3 0.0043 248 0 258 77
H3 0.0043 165 41 238 98
G3 0.0040 0 120 32 146
D1 0.0037 11 33 191 80
D1 0.0036 -1 110 142 149
B0 0.0036 -1 91 256 185
B1 0.0034 248 0 258 77
G3 0.0033 1 109 184 151
D1 0.0031 10 100 164 123
G3 0.0031 32 109 107 133
R0 0.0029 0 124 260 192
D1 0.0029 -32 -6 237 56
G0 0.0027 -3 95 259 189
F3 0.0024 0 112 177 153
G3 0.0023 0 119 68 143
D1 0.0023 165 153 257 191
B1 0.0021 239 -2 259 78
C0 0.0021 209 74 245 142
I0 0.0020 0 4 17 102
Q0 0.0019 162 41 240 136
D1 0.0018 54 151 194 183
G0 0.0018 0 0 17 102
N0 0.0017 245 2 259 79
D1 0.0016 20 82 249 106
B3 0.0016 235 -2 259 88
D1 0.0016 0 103 168 139
C2 0.0015 0 174 25 193
D1 0.0015 46 67 251 108
H3 0.0014 164 57 238 118
F3 0.0013 0 99 188 148
D1 0.0013 15 74 172 101
D1 0.0012 16 -14 269 64
G3 0.0012 0 120 49 145
N0 0.0011 238 1 258 88
R0 0.0011 1 0 220 106
B2 0.0011 86 14 104 31
D1 0.0011 14 70 174 93
C3 0.0010 0 39 21 49
B3 0.0010 238 -4 257 73
C3 0.0010 1 120 32 147
G3 0.0010 37 85 179 102
G0 0.0010 6 31 233 110
D1 0.0010 -18 51 251 77
D1 0.0010 -21 50 276 97
