D1 0.5174 -18 181 482 349
B2 0.1640 -38 269 484 546
F2 0.1457 -60 248 502 541
B2 0.0560 -89 186 523 541
E2 0.0468 -64 -3 525 215
F2 0.0443 -149 215 567 570
N0 0.0373 0 188 481 366
B0 0.0344 4 175 479 377
G3 0.0335 2 183 475 364
E2 0.0256 -48 299 521 654
Q0 0.0196 -5 281 481 638
B0 0.0189 -7 14 485 622
R0 0.0183 -6 278 482 640
H0 0.0140 -82 158 509 554
D1 0.0131 -86 51 535 395
Q0 0.0116 -6 6 480 643
D0 0.0115 -6 0 493 630
R0 0.0090 -6 -3 477 216
E2 0.0086 -147 244 605 707
B0 0.0084 -5 88 494 467
B3 0.0073 -79 148 523 526
D1 0.0068 -122 -31 552 457
H3 0.0065 -18 -6 501 639
F2 0.0064 -5 282 477 640
N0 0.0051 -5 46 480 398
F2 0.0048 -46 195 507 702
D1 0.0046 -92 152 510 507
G0 0.0044 -1 0 479 213
B2 0.0042 8 -2 489 216
E2 0.0035 -99 151 505 558
B3 0.0033 57 183 489 361
P0 0.0032 34 183 499 360
R0 0.0031 -8 0 483 324
B0 0.0027 -3 2 480 395
C2 0.0027 0 193 67 291
E2 0.0023 154 0 454 39
C2 0.0022 333 224 464 340
A3 0.0022 1 -9 515 222
B2 0.0019 -234 113 675 625
E2 0.0019 85 327 486 634
H0 0.0018 -157 115 598 612
N0 0.0018 141 197 476 352
D1 0.0018 -84 129 500 337
B0 0.0016 -7 -1 487 208
C2 0.0015 390 254 475 344
E2 0.0015 138 1 452 26
R0 0.0015 -12 403 494 636
E2 0.0013 -115 -46 540 443
Q0 0.0012 -13 1 493 210
E2 0.0011 228 0 469 32
F2 0.0011 -36 508 499 641
H0 0.0010 326 0 541 135
H0 0.0010 -15 -2 506 315
E2 0.0010 96 0 391 23
