G3 0.1374 43 77 255 301
D1 0.0937 37 102 245 301
B0 0.0206 15 77 267 329
K0 0.0192 0 264 111 344
B2 0.0133 186 277 238 344
G0 0.0128 45 78 255 308
Q0 0.0122 -3 74 271 320
B3 0.0091 23 103 256 316
K0 0.0075 39 274 108 343
B2 0.0074 0 119 71 295
C3 0.0057 0 137 29 198
K0 0.0054 0 123 73 295
D1 0.0053 66 0 245 11
C3 0.0049 186 282 238 343
B0 0.0045 -2 166 173 356
C2 0.0044 188 280 237 343
D1 0.0042 -16 157 187 367
C2 0.0041 0 139 29 199
Q0 0.0041 -13 75 273 138
B2 0.0041 0 265 109 343
R0 0.0040 -12 6 290 88
K0 0.0037 187 278 237 343
Q0 0.0037 -15 36 292 121
F2 0.0037 31 163 248 344
Q0 0.0034 0 116 69 284
K0 0.0030 0 266 64 344
K0 0.0029 169 270 239 344
R0 0.0028 -15 1 292 60
K0 0.0027 95 266 236 346
D1 0.0026 9 144 201 311
C2 0.0025 19 138 53 211
B2 0.0023 96 265 236 345
D1 0.0022 52 137 233 330
C0 0.0022 3 182 151 351
E3 0.0022 207 49 279 312
G3 0.0022 0 116 73 291
C2 0.0021 79 307 109 342
Q0 0.0020 -1 57 240 143
G3 0.0020 169 274 239 345
K0 0.0020 163 270 207 344
D2 0.0020 1 115 71 292
K0 0.0020 0 196 70 290
R0 0.0020 -24 0 295 31
Q0 0.0019 -1 107 187 264
Q0 0.0019 -17 0 291 34
F2 0.0019 96 262 241 345
E3 0.0019 0 115 71 292
K0 0.0019 0 108 48 269
C2 0.0019 49 284 101 339
C2 0.0019 86 134 122 176
D1 0.0018 56 54 267 291
Q0 0.0018 94 269 239 343
O0 0.0017 95 269 241 345
K0 0.0017 17 130 55 217
B2 0.0017 0 111 38 295
H0 0.0017 1 115 70 292
B2 0.0016 1 189 69 287
Q0 0.0016 46 26 289 108
D2 0.0016 166 272 257 345
K0 0.0016 0 115 40 225
G3 0.0015 1 266 106 340
C3 0.0015 257 181 282 193
G3 0.0015 257 190 282 254
B0 0.0015 22 153 255 338
F2 0.0015 -14 173 297 332
B2 0.0013 0 118 23 301
D1 0.0013 0 0 216 11
C2 0.0013 257 181 283 193
B3 0.0013 39 56 288 336
M0 0.0013 0 115 70 291
Q0 0.0013 -17 69 281 217
C3 0.0013 0 265 62 344
B2 0.0013 17 131 55 218
E3 0.0012 162 270 256 342
Q0 0.0012 99 143 261 315
B2 0.0012 79 307 109 343
G3 0.0012 5 265 244 346
E3 0.0012 121 133 270 331
K0 0.0012 94 191 249 360
Q0 0.0011 116 39 281 111
Q0 0.0011 22 0 296 22
G3 0.0011 -5 194 262 344
K0 0.0011 0 114 32 203
E3 0.0011 183 50 289 330
E3 0.0011 92 267 240 344
Q0 0.0010 34 14 294 72
G0 0.0010 73 -1 293 24
C3 0.0010 19 139 55 212
Q0 0.0010 2 121 112 264
D1 0.0010 42 0 240 21
D1 0.0010 -28 0 205 17
D1 0.0010 88 72 259 257
