D1 0.4652 45 22 282 99
G0 0.1269 38 27 273 96
Q0 0.0986 21 7 323 194
I0 0.0360 34 26 274 96
B0 0.0232 34 26 282 99
D1 0.0229 -3 25 302 118
D1 0.0210 124 50 166 82
D1 0.0176 33 35 250 92
G0 0.0100 28 13 299 141
R0 0.0098 12 67 324 196
B1 0.0096 69 26 283 98
Q0 0.0070 12 72 323 195
G0 0.0061 15 -25 318 120
D1 0.0042 16 19 283 173
G3 0.0041 79 48 95 93
D1 0.0027 49 55 274 113
D1 0.0024 48 38 277 151
A3 0.0019 38 58 331 208
R0 0.0018 33 4 286 216
B0 0.0015 27 7 310 174
G3 0.0015 0 58 6 233
G3 0.0013 317 103 323 221
G3 0.0011 31 53 127 90
N0 0.0010 29 -10 312 112
