D1 0.2143 18 144 360 317
D1 0.0572 15 106 367 282
I0 0.0376 -1 156 427 322
G0 0.0345 -1 155 427 319
K0 0.0334 303 171 429 297
K0 0.0160 341 175 429 294
R0 0.0143 0 -66 448 332
C3 0.0103 336 176 428 295
R0 0.0095 1 152 448 336
E3 0.0073 238 170 431 305
A3 0.0071 341 177 428 294
R0 0.0068 -1 24 464 216
H3 0.0055 2 -70 479 331
Q0 0.0040 -11 -53 499 81
R0 0.0034 -75 16 565 244
G0 0.0032 -2 -28 444 339
H3 0.0028 -3 -53 491 99
G3 0.0025 227 329 482 423
D1 0.0025 -10 63 385 305
Q0 0.0024 0 -77 464 349
D1 0.0022 -14 145 380 255
D1 0.0021 -51 108 436 231
B1 0.0020 127 156 441 312
E3 0.0020 264 143 443 319
K0 0.0020 255 158 430 299
C2 0.0019 342 182 428 294
G0 0.0018 3 87 455 323
B0 0.0014 2 157 448 322
D1 0.0010 -115 33 537 236
G3 0.0010 -9 318 419 416
R0 0.0010 249 -51 495 82
