R0 0.2592 231 -3 442 159
D1 0.2132 60 43 338 274
R0 0.0477 32 -5 441 272
L0 0.0444 46 -5 435 269
G3 0.0346 39 -5 433 269
F3 0.0224 32 -4 437 271
G0 0.0193 44 -5 433 269
B0 0.0154 25 -5 430 272
Q0 0.0103 35 -10 433 266
A3 0.0043 109 -28 399 256
D1 0.0037 44 -7 426 272
C3 0.0031 442 153 449 180
K0 0.0029 0 159 94 269
G3 0.0028 2 160 271 271
E2 0.0020 85 -38 422 283
C2 0.0017 1 245 67 270
R0 0.0016 329 63 448 373
G3 0.0016 10 157 391 283
R0 0.0015 223 -16 416 218
Q0 0.0014 239 2 422 155
R0 0.0014 127 54 446 267
R0 0.0012 210 25 458 348
C3 0.0012 211 102 244 136
R0 0.0011 275 72 451 357
E3 0.0011 419 25 447 281
E3 0.0010 236 5 436 155
I0 0.0010 -3 135 442 333
N0 0.0010 0 160 93 269
E3 0.0010 425 89 447 251
