B1 0.1308 226 290 386 843
B1 0.1050 264 225 374 710
D1 0.0723 229 302 383 833
B1 0.0707 284 282 366 690
B1 0.0588 275 312 374 834
B1 0.0575 96 155 472 296
D1 0.0502 106 159 468 295
A2 0.0501 -2 458 193 853
G0 0.0382 5 39 590 166
D1 0.0371 5 43 502 159
C0 0.0353 464 170 591 291
B1 0.0314 297 323 365 804
G0 0.0275 227 232 385 830
D1 0.0249 33 115 457 174
I0 0.0242 227 282 385 834
D1 0.0226 -145 32 689 174
B1 0.0214 406 308 637 663
G0 0.0212 3 38 604 288
B1 0.0196 229 324 329 807
B0 0.0181 226 225 383 824
A2 0.0180 310 586 647 854
D1 0.0176 18 144 466 203
D1 0.0162 24 76 439 168
C2 0.0145 462 169 594 291
B3 0.0125 229 295 389 838
C3 0.0111 395 46 548 156
B1 0.0106 408 313 536 663
D1 0.0103 2 76 448 300
D1 0.0103 -16 136 493 220
G0 0.0100 20 154 615 308
A3 0.0090 392 46 556 156
C0 0.0080 357 148 628 322
D1 0.0077 53 169 473 265
D1 0.0077 11 112 481 251
B1 0.0072 355 298 555 666
J0 0.0071 457 158 602 302
Q0 0.0066 300 582 643 851
C0 0.0065 442 154 608 308
B1 0.0064 317 265 398 797
R0 0.0063 -1 48 629 302
E2 0.0059 -75 -2 633 57
B1 0.0055 253 169 416 793
C3 0.0050 1 150 136 302
R0 0.0050 296 585 648 852
B1 0.0049 252 316 320 656
D1 0.0049 -50 125 568 175
J0 0.0044 367 150 612 314
I0 0.0043 295 580 647 853
B1 0.0039 364 153 616 315
C2 0.0039 390 66 548 158
D1 0.0038 230 318 326 810
B0 0.0036 0 133 633 309
D1 0.0033 24 89 577 173
B1 0.0033 489 321 638 644
G0 0.0030 23 -5 607 837
G0 0.0029 365 315 638 660
Q0 0.0026 -2 17 590 185
I3 0.0026 0 154 134 295
C0 0.0025 0 153 134 296
F0 0.0024 0 154 135 293
I0 0.0024 78 152 616 311
E2 0.0024 0 146 137 298
C0 0.0024 484 325 637 654
D1 0.0024 89 145 643 314
G0 0.0023 215 304 658 661
A2 0.0021 3 289 265 562
C3 0.0020 461 169 594 294
G0 0.0020 164 53 442 835
R0 0.0020 2 127 548 304
N0 0.0019 304 309 358 652
B1 0.0019 0 153 132 294
G0 0.0018 352 155 619 316
I0 0.0018 144 397 490 832
E3 0.0018 -25 434 209 902
I3 0.0018 382 41 592 155
C3 0.0017 376 34 587 159
B0 0.0017 -9 38 643 639
C3 0.0016 393 85 548 157
D1 0.0016 120 222 453 297
A2 0.0015 387 626 620 853
B1 0.0014 339 272 443 743
G0 0.0014 103 132 674 742
C3 0.0014 490 45 588 157
D1 0.0014 -21 100 668 250
D1 0.0013 19 139 563 188
B0 0.0013 19 140 644 402
B0 0.0013 366 156 622 310
G0 0.0013 223 239 468 853
I0 0.0012 -5 446 643 846
B0 0.0012 111 16 534 880
E2 0.0012 -30 3 414 107
I0 0.0011 159 547 645 855
J0 0.0010 369 40 591 157
D1 0.0010 -1 147 388 302
B1 0.0010 334 233 490 720
G0 0.0010 -44 1 625 144
E2 0.0010 -45 2 414 69
N0 0.0010 263 282 307 696
