D1 0.8779 39 14 204 160
D1 0.5776 182 0 242 180
D3 0.3343 0 76 31 176
J0 0.2858 0 79 31 175
D1 0.2726 222 -2 275 177
C3 0.2121 30 124 71 167
C3 0.1326 0 79 31 175
G3 0.0820 2 15 202 178
D1 0.0453 176 -1 271 176
B2 0.0184 0 0 42 102
C3 0.0119 10 165 113 229
C3 0.0097 19 167 108 182
B2 0.0067 0 -3 41 171
B2 0.0063 28 124 73 168
N0 0.0051 -1 87 32 158
C3 0.0039 0 0 42 117
J0 0.0037 0 2 43 129
D3 0.0036 0 73 53 182
C3 0.0017 22 164 119 184
J0 0.0016 0 -7 38 177
J0 0.0013 28 16 110 116
D3 0.0013 21 19 110 128
C3 0.0012 -1 1 115 59
D3 0.0011 1 70 35 211
J0 0.0011 -6 168 278 232
