D1 0.2096 103 95 344 332
B1 0.1374 119 97 336 329
D1 0.1109 70 30 316 329
N0 0.0500 60 19 343 375
B0 0.0378 69 47 307 277
B0 0.0231 61 13 345 367
C2 0.0162 61 24 124 82
H3 0.0144 47 7 356 380
B1 0.0137 82 42 313 290
R0 0.0093 23 13 371 391
B0 0.0045 62 25 277 221
G3 0.0034 389 80 400 257
D1 0.0033 155 116 343 373
R0 0.0033 26 68 298 436
C3 0.0029 62 24 127 83
K0 0.0028 62 22 195 155
D1 0.0027 50 3 282 400
K0 0.0027 63 22 131 96
Q0 0.0024 56 7 371 374
B0 0.0020 62 22 193 158
B1 0.0016 173 111 343 370
E2 0.0015 -1 -1 301 433
K0 0.0014 63 19 137 143
A2 0.0014 -21 34 310 453
P0 0.0013 61 18 223 254
B3 0.0012 27 -5 301 425
H3 0.0012 60 2 240 353
C0 0.0010 174 123 343 373
R0 0.0010 -5 113 406 401
G3 0.0010 384 96 398 237
