A0 0.0619 116 235 198 315
F2 0.0588 2 1 309 313
B1 0.0561 1 158 106 217
E2 0.0546 191 229 281 315
B1 0.0464 44 157 104 216
C2 0.0464 0 124 32 169
A0 0.0455 40 246 117 315
E2 0.0417 120 282 196 315
A0 0.0415 38 208 116 316
H3 0.0403 116 235 199 316
E2 0.0371 117 233 198 315
E2 0.0358 197 273 279 313
H3 0.0323 0 2 313 312
D2 0.0307 1 1 311 311
C2 0.0292 0 300 41 314
H3 0.0285 40 246 117 315
L0 0.0274 1 0 312 312
J0 0.0264 193 232 270 279
E2 0.0262 119 236 190 295
E2 0.0256 195 232 273 281
D2 0.0239 -2 300 40 315
E2 0.0217 47 154 284 233
A0 0.0209 191 230 279 315
H3 0.0194 38 204 115 314
E2 0.0185 115 224 185 244
E2 0.0169 43 291 117 314
C2 0.0159 2 171 49 207
H3 0.0156 31 77 102 173
C2 0.0144 0 0 23 48
E2 0.0133 41 248 117 314
A0 0.0129 31 77 102 172
E2 0.0127 100 60 178 167
C3 0.0126 5 171 50 208
C2 0.0117 241 171 278 232
C2 0.0109 0 253 39 301
J0 0.0101 40 247 117 315
H3 0.0100 39 212 111 254
E2 0.0098 247 90 311 178
J0 0.0097 120 283 195 315
C2 0.0095 290 177 311 226
H3 0.0092 174 96 254 170
E2 0.0091 22 156 224 228
C2 0.0082 0 209 36 253
J0 0.0076 198 276 277 314
R0 0.0070 246 89 312 180
C2 0.0068 277 272 311 314
R0 0.0067 56 157 296 234
H3 0.0067 271 223 311 316
E2 0.0066 103 96 176 163
H3 0.0064 117 237 192 290
A0 0.0062 174 98 253 168
J0 0.0060 175 98 253 169
E2 0.0057 39 75 306 266
I3 0.0056 197 276 277 314
J0 0.0055 39 212 110 253
E2 0.0054 0 300 40 315
C0 0.0053 0 196 39 309
A0 0.0053 270 226 311 315
E2 0.0051 241 51 310 97
E2 0.0050 76 55 268 179
B3 0.0049 41 155 104 217
L0 0.0049 101 226 293 318
C2 0.0049 270 232 309 274
F2 0.0048 -1 160 314 315
E2 0.0045 6 138 252 238
B3 0.0044 6 156 108 217
A0 0.0041 32 109 102 170
C2 0.0040 242 51 310 96
J0 0.0039 62 157 292 233
E2 0.0038 253 126 311 178
C2 0.0038 44 159 83 214
R0 0.0037 74 139 296 306
H3 0.0037 -3 162 315 316
J0 0.0037 192 230 279 313
C0 0.0036 270 221 311 317
E2 0.0036 78 151 248 257
E2 0.0035 247 92 311 140
H3 0.0035 176 98 249 150
Q0 0.0035 0 0 315 207
E2 0.0035 25 150 212 297
C2 0.0033 192 235 266 279
C0 0.0033 0 253 39 304
J0 0.0033 169 61 240 106
L0 0.0032 0 158 313 314
C3 0.0032 22 0 91 46
H3 0.0031 0 201 39 308
C0 0.0031 0 114 38 267
E2 0.0030 189 210 289 287
E2 0.0029 102 222 289 320
J0 0.0029 240 51 310 98
J0 0.0029 270 225 311 315
E2 0.0028 99 64 169 115
E2 0.0027 69 96 202 253
C0 0.0026 239 165 292 236
D2 0.0026 -1 161 312 315
J0 0.0025 33 112 102 172
C2 0.0024 40 300 118 314
E2 0.0024 65 128 338 248
E2 0.0024 177 140 253 169
E2 0.0023 57 146 294 276
E2 0.0023 175 97 254 169
E2 0.0022 240 48 313 161
C2 0.0022 118 240 190 290
E2 0.0022 270 227 310 315
E2 0.0021 276 271 311 315
A2 0.0021 68 4 278 131
H3 0.0020 32 112 102 172
E2 0.0020 75 70 282 219
B1 0.0019 239 166 292 236
R0 0.0019 139 123 276 247
F2 0.0019 115 -2 313 76
C2 0.0019 0 81 28 120
D2 0.0019 0 210 36 253
C2 0.0019 0 43 25 80
R0 0.0019 175 119 256 235
J0 0.0019 104 106 175 165
A3 0.0018 202 15 217 24
E2 0.0018 79 156 188 230
C3 0.0018 291 177 311 226
H3 0.0018 0 253 39 304
E2 0.0017 289 175 311 227
I3 0.0017 276 272 311 315
E2 0.0017 0 252 40 312
E2 0.0017 168 61 241 105
A0 0.0017 0 200 40 310
C2 0.0017 203 15 218 25
F2 0.0017 1 0 309 190
E2 0.0016 0 292 40 314
E2 0.0016 18 86 187 212
E2 0.0016 169 59 255 173
D2 0.0016 2 255 39 301
C2 0.0016 41 292 115 315
E2 0.0015 6 0 203 102
C2 0.0015 45 158 101 214
C0 0.0015 36 208 119 317
J0 0.0015 239 165 293 235
E2 0.0015 123 186 141 197
C3 0.0015 277 273 311 314
E2 0.0015 97 153 222 279
E2 0.0015 254 127 312 234
H0 0.0015 281 47 293 55
A0 0.0015 0 252 39 304
Q0 0.0015 -6 173 317 316
C2 0.0014 120 284 194 313
E2 0.0014 0 204 39 308
E2 0.0014 41 157 107 217
E2 0.0014 111 222 192 259
H3 0.0014 240 165 294 234
F2 0.0014 9 0 195 93
R0 0.0013 93 91 183 249
C0 0.0013 245 126 311 237
D2 0.0013 239 50 311 96
B3 0.0013 1 167 53 213
B0 0.0013 0 -4 296 315
C2 0.0013 197 277 274 312
R0 0.0013 178 138 254 170
C3 0.0012 275 166 292 233
B1 0.0012 2 169 52 213
E2 0.0012 21 0 90 46
C3 0.0012 244 9 257 20
I3 0.0012 246 92 310 139
B2 0.0012 0 300 39 315
F2 0.0011 194 15 218 27
E2 0.0011 72 18 270 142
E2 0.0011 180 159 307 309
H3 0.0011 249 123 311 230
H3 0.0011 73 36 270 182
C0 0.0011 0 121 32 219
C0 0.0011 269 170 312 318
C3 0.0010 239 176 279 232
C2 0.0010 181 102 245 147
C2 0.0010 34 123 97 162
I3 0.0010 168 61 240 106
C2 0.0010 275 166 291 233
E2 0.0010 94 190 288 298
C2 0.0010 179 141 253 166
J0 0.0010 142 159 269 237
R0 0.0010 244 123 311 238
E2 0.0010 94 29 175 129
C2 0.0010 112 226 186 243
E2 0.0010 124 184 142 199
C3 0.0010 0 172 91 210
