D1 0.3453 17 151 540 245
D1 0.2823 36 215 520 390
D1 0.2045 -38 25 584 253
D1 0.1796 -10 197 446 299
D1 0.1619 -45 183 568 292
D1 0.1334 -104 142 605 291
G0 0.0961 44 225 512 389
G0 0.0842 4 -24 560 396
G0 0.0517 5 26 554 233
B1 0.0492 24 45 227 234
R0 0.0491 5 -29 558 381
D1 0.0440 -50 154 490 269
I0 0.0403 42 228 509 390
R0 0.0361 6 17 553 252
D1 0.0304 -54 105 562 258
D1 0.0260 -58 196 505 330
D1 0.0200 79 0 584 221
G0 0.0198 8 142 545 371
G0 0.0158 9 205 545 317
J0 0.0142 25 44 227 236
Q0 0.0085 0 -60 558 329
D1 0.0082 -80 177 612 376
R0 0.0082 15 228 541 395
G0 0.0071 2 116 544 309
D1 0.0062 25 44 230 234
D1 0.0060 34 122 606 239
B1 0.0057 489 220 537 383
B0 0.0054 7 210 535 299
N0 0.0044 37 235 537 388
D1 0.0042 489 220 537 382
B1 0.0035 107 226 530 387
D1 0.0033 34 246 425 386
J0 0.0032 488 218 536 383
G3 0.0029 490 222 533 372
B0 0.0026 31 239 543 389
G0 0.0023 -8 -71 556 20
N0 0.0023 492 223 533 381
D1 0.0020 6 150 411 293
G3 0.0019 483 -44 522 1
C3 0.0017 486 219 536 382
D1 0.0015 -6 37 403 238
D1 0.0014 24 -31 648 266
G0 0.0014 2 -62 557 61
B2 0.0011 379 -68 436 -37
G0 0.0010 93 32 562 291
D1 0.0010 -48 239 575 406
