D1 0.3123 110 53 180 393
B1 0.2878 112 89 182 372
B1 0.0632 107 46 164 403
B1 0.0537 109 78 151 379
D1 0.0311 102 -23 186 463
B0 0.0244 110 28 186 400
B0 0.0218 11 0 311 406
N0 0.0212 106 30 184 401
G0 0.0206 1 -1 340 406
D1 0.0177 111 36 180 272
I0 0.0173 -4 -1 333 397
L0 0.0160 -3 0 329 396
N0 0.0118 37 3 280 404
F0 0.0100 -15 -2 325 404
B0 0.0059 77 9 222 407
R0 0.0052 53 4 322 404
B1 0.0047 103 -33 157 473
H0 0.0035 64 137 341 413
D1 0.0033 80 40 262 417
B1 0.0032 128 95 185 407
N0 0.0023 123 45 176 121
G3 0.0014 111 239 126 362
B1 0.0014 57 51 160 403
B1 0.0013 80 -1 170 407
G3 0.0012 121 45 174 132
G3 0.0011 121 115 177 142
D1 0.0011 68 -58 267 500
B0 0.0011 -12 5 340 169
A2 0.0011 51 80 360 420
G0 0.0010 14 329 354 415
