D1 0.3136 51 112 315 195
B1 0.1356 0 42 71 180
R0 0.0754 52 113 336 194
C2 0.0673 280 157 325 192
D1 0.0389 0 43 71 180
J0 0.0276 0 42 71 179
D1 0.0267 19 106 421 199
G0 0.0266 62 106 377 196
I3 0.0208 14 111 379 193
R0 0.0115 25 104 429 198
B0 0.0114 62 105 379 202
R0 0.0061 3 -7 397 244
R0 0.0049 -3 -9 394 152
Q0 0.0044 -15 -7 401 145
B1 0.0038 0 51 19 181
I3 0.0033 -16 104 454 206
G0 0.0027 -2 47 71 171
B1 0.0025 348 105 378 205
G0 0.0025 32 64 395 208
G0 0.0023 7 14 392 221
D1 0.0022 23 57 368 144
R0 0.0022 21 73 405 233
H3 0.0020 -1 42 73 160
R0 0.0020 -1 30 382 194
E2 0.0018 76 101 399 198
B1 0.0015 0 121 7 172
C3 0.0014 0 127 7 169
R0 0.0014 1 168 402 309
G3 0.0014 352 101 377 202
R0 0.0013 0 39 70 152
R0 0.0013 113 103 383 196
B3 0.0013 348 103 379 206
J0 0.0012 349 103 378 205
D1 0.0011 349 103 378 205
