B1 0.2421 99 109 264 196
D1 0.1830 97 108 256 197
C0 0.0882 -28 103 255 254
B3 0.0793 97 109 273 196
B0 0.0643 97 108 265 196
D1 0.0339 101 101 313 208
K0 0.0286 88 101 320 216
P0 0.0273 91 103 314 214
L0 0.0193 0 72 317 315
C0 0.0183 -45 76 274 321
B0 0.0151 -23 113 269 216
G3 0.0081 -1 74 324 316
B0 0.0070 0 75 333 315
C0 0.0029 -9 96 219 294
R0 0.0020 0 68 375 316
C0 0.0015 0 116 186 248
G3 0.0014 70 28 79 39
K0 0.0012 1 115 154 314
C3 0.0011 116 119 217 186
N0 0.0011 112 115 222 193
G3 0.0011 116 119 209 174
D1 0.0010 17 95 267 204
B0 0.0010 3 73 306 219
