D1 0.3770 59 464 550 680
B0 0.1209 48 461 553 680
G3 0.0881 37 476 543 671
R0 0.0376 28 18 717 231
Q0 0.0256 155 40 666 244
B1 0.0214 82 465 554 672
G3 0.0178 71 477 261 563
R0 0.0152 -35 1 737 160
K0 0.0136 1 346 126 633
R0 0.0102 -16 649 726 814
P0 0.0101 31 473 525 654
G3 0.0099 0 335 596 693
R0 0.0083 32 473 567 686
G3 0.0070 19 414 571 656
R0 0.0052 159 41 672 241
R0 0.0051 7 704 722 812
B0 0.0045 -10 127 630 770
Q0 0.0043 -26 0 741 90
R0 0.0042 -21 452 683 790
R0 0.0041 -25 26 704 807
R0 0.0041 -21 555 742 815
G0 0.0039 -13 18 730 811
Q0 0.0031 24 5 795 125
G3 0.0030 8 349 458 643
C3 0.0030 37 479 192 564
G0 0.0029 63 351 563 708
K0 0.0028 2 353 60 622
D1 0.0027 58 425 541 630
B3 0.0026 152 472 548 669
G0 0.0025 86 483 556 679
R0 0.0023 -46 0 715 303
L0 0.0023 102 386 538 673
C3 0.0020 16 481 252 564
Q0 0.0019 98 728 742 817
B2 0.0018 57 774 171 819
D1 0.0016 44 449 517 757
C2 0.0016 32 479 162 563
G3 0.0014 33 478 164 565
E2 0.0014 119 779 314 819
R0 0.0013 205 633 760 819
E2 0.0013 102 772 250 818
G0 0.0012 137 -2 721 63
D0 0.0012 -29 716 689 808
B0 0.0011 28 473 521 619
G3 0.0010 4 352 303 627
G0 0.0010 335 622 779 819
N0 0.0010 -2 350 129 621
C3 0.0010 224 486 543 668
D2 0.0010 116 766 230 809
