I3 0.1066 22 79 264 610
D1 0.0909 19 63 270 581
D1 0.0677 6 5 263 815
B3 0.0570 21 14 264 765
C2 0.0414 97 433 160 502
I0 0.0225 13 58 269 777
R0 0.0192 21 53 273 775
G0 0.0147 14 56 267 773
H0 0.0109 228 365 442 776
P0 0.0092 40 230 246 803
B3 0.0092 38 193 248 818
Q0 0.0086 27 46 269 780
Q0 0.0060 0 359 438 775
Q0 0.0053 17 68 382 788
B2 0.0046 194 318 440 853
B1 0.0042 44 188 251 823
N0 0.0041 13 54 268 768
B0 0.0037 -28 18 381 777
B0 0.0037 12 55 275 775
H0 0.0035 134 307 445 853
M0 0.0030 16 53 279 770
Q0 0.0028 176 390 443 781
R0 0.0026 -1 361 444 782
D1 0.0024 18 211 256 724
B3 0.0022 21 60 366 795
B2 0.0020 177 428 438 785
B3 0.0019 30 49 265 500
H0 0.0019 -13 3 454 783
B2 0.0018 261 387 438 560
Q0 0.0015 29 279 364 764
F0 0.0013 -28 9 462 778
R0 0.0012 157 387 449 780
B2 0.0010 134 287 189 338
H0 0.0010 166 447 438 791
B1 0.0010 18 66 263 434
