B1 0.3703 261 192 413 603
B1 0.3412 95 198 244 595
B1 0.2292 175 151 312 597
D1 0.2157 172 163 312 590
D1 0.0719 97 201 242 591
B1 0.0454 134 172 289 596
D1 0.0308 258 194 413 605
B1 0.0284 384 416 439 576
N0 0.0239 257 189 419 598
D1 0.0232 88 46 273 676
B1 0.0218 95 120 323 623
G0 0.0191 93 108 310 597
B1 0.0155 251 173 382 554
M0 0.0137 257 193 415 603
B0 0.0113 258 197 415 603
C2 0.0106 385 422 437 552
B1 0.0064 85 87 261 659
R0 0.0064 -12 481 529 699
G3 0.0047 386 427 439 561
G3 0.0040 511 24 537 136
B3 0.0028 96 200 243 599
N0 0.0020 132 93 325 623
O0 0.0019 252 207 418 604
N0 0.0019 42 72 499 673
D2 0.0018 405 639 607 698
R0 0.0018 -2 -68 172 596
D2 0.0016 -99 661 180 702
B2 0.0016 392 502 439 570
D1 0.0015 204 124 309 548
G3 0.0015 -30 624 522 699
R0 0.0014 57 82 450 660
R0 0.0013 144 537 540 692
D1 0.0012 102 73 307 542
D0 0.0012 14 635 536 704
R0 0.0012 90 119 285 604
L0 0.0011 -20 630 532 702
