D1 0.2445 163 52 232 268
B1 0.1368 161 51 236 267
B1 0.1136 41 31 133 268
G0 0.1016 39 41 131 265
I0 0.0797 160 42 252 260
D1 0.0677 42 33 126 268
G0 0.0567 160 42 251 257
B3 0.0317 162 58 236 257
I0 0.0270 39 39 133 267
D1 0.0236 120 -15 169 262
O0 0.0141 161 40 252 261
B3 0.0127 44 49 123 265
G0 0.0106 75 31 272 272
D1 0.0103 139 35 235 281
B1 0.0099 103 14 143 250
B1 0.0075 208 40 239 258
G0 0.0063 21 28 238 274
C3 0.0061 76 165 103 182
O0 0.0056 36 35 128 270
D1 0.0055 102 32 140 254
B1 0.0053 212 29 248 256
B1 0.0039 218 36 242 255
B1 0.0037 141 22 181 247
C3 0.0037 253 302 273 315
B1 0.0036 96 27 129 249
C3 0.0035 63 119 81 137
D1 0.0029 219 53 241 240
Q0 0.0028 22 247 155 312
D0 0.0028 38 32 136 266
I0 0.0026 6 19 253 292
B1 0.0022 82 27 137 265
D1 0.0021 140 -11 182 270
B1 0.0019 137 -35 180 287
D1 0.0017 117 -82 180 338
C3 0.0017 183 117 200 134
D1 0.0017 84 2 135 291
Q0 0.0016 5 263 184 312
Q0 0.0015 -2 283 191 314
Q0 0.0014 33 -1 261 22
D1 0.0012 102 -144 193 352
G0 0.0011 -9 12 282 308
Q0 0.0011 40 1 263 48
Q0 0.0011 2 225 171 317
D1 0.0010 224 44 251 246
C3 0.0010 74 158 104 182
C3 0.0010 194 161 219 177
