D1 0.6178 -8 106 343 185
D1 0.3910 -33 80 363 189
D1 0.3890 5 152 338 225
G3 0.2733 -1 202 57 245
D1 0.0814 -44 37 380 227
G0 0.0600 -2 106 389 219
C2 0.0452 205 82 265 122
D1 0.0376 47 182 178 202
D1 0.0280 -25 177 354 256
D1 0.0277 25 177 178 204
B0 0.0273 0 108 398 224
G0 0.0241 0 -10 400 250
C0 0.0195 203 80 266 122
D1 0.0190 4 170 182 210
B0 0.0170 1 -27 400 260
D1 0.0156 -22 129 381 225
D1 0.0156 22 194 315 251
D0 0.0155 2 -17 397 250
H3 0.0136 2 -12 396 251
D1 0.0132 -50 156 449 230
B1 0.0119 49 180 179 201
C3 0.0116 201 77 269 123
G0 0.0100 -2 99 400 291
A3 0.0098 0 82 55 145
K0 0.0091 0 82 57 243
D1 0.0069 -52 103 437 209
L0 0.0066 16 47 407 201
C0 0.0063 111 64 355 188
D1 0.0062 -16 109 292 210
C3 0.0059 -1 84 55 144
B2 0.0056 0 82 53 146
D1 0.0055 -6 162 194 217
K0 0.0050 0 82 55 145
B0 0.0050 1 -4 399 135
L0 0.0048 116 63 330 185
G3 0.0046 0 201 34 243
G3 0.0045 0 83 38 127
C3 0.0044 0 84 37 126
D0 0.0042 3 -5 401 143
D1 0.0042 7 46 422 194
K0 0.0042 0 201 55 244
C0 0.0041 192 42 265 123
L0 0.0039 -43 29 447 219
B2 0.0038 0 200 55 245
G3 0.0038 0 82 57 246
C3 0.0034 197 56 277 125
D1 0.0033 54 106 407 199
G3 0.0033 0 87 24 126
C0 0.0032 222 0 240 15
R0 0.0031 145 97 397 224
H3 0.0031 5 -7 398 133
N0 0.0029 0 81 57 246
D1 0.0029 -11 125 212 219
D1 0.0024 68 128 378 184
C0 0.0022 155 73 345 126
D1 0.0020 142 88 399 231
D1 0.0020 28 175 265 204
M0 0.0019 0 81 58 246
D1 0.0019 -17 154 314 200
G3 0.0018 46 183 192 201
D1 0.0018 8 169 300 205
G3 0.0017 0 84 37 111
B0 0.0017 1 202 403 297
D1 0.0015 -101 7 469 243
C2 0.0014 165 13 202 44
G3 0.0014 222 0 240 15
C3 0.0014 226 122 253 151
C2 0.0014 163 0 191 7
K0 0.0014 1 95 41 246
F2 0.0013 132 4 395 130
D0 0.0013 0 135 401 294
C0 0.0013 117 19 387 128
D1 0.0013 -14 47 303 207
K0 0.0013 0 11 54 159
D1 0.0013 132 138 351 176
F2 0.0012 -4 222 402 296
D1 0.0012 -9 181 322 218
B0 0.0012 -6 79 403 284
G3 0.0012 0 198 18 246
D1 0.0012 19 165 197 200
C3 0.0012 2 33 412 179
O0 0.0011 0 82 61 246
J0 0.0011 188 99 392 223
B1 0.0011 288 -6 389 109
C3 0.0010 0 88 26 126
D1 0.0010 -5 177 207 214
C0 0.0010 174 17 279 126
C0 0.0010 32 59 414 194
C2 0.0010 206 84 244 120
