D1 0.1476 26 72 349 274
D1 0.1178 -5 105 286 298
B1 0.1038 42 58 348 265
B0 0.0419 7 20 385 307
B1 0.0389 248 83 383 209
G0 0.0387 4 -3 385 313
D1 0.0381 -23 23 372 303
R0 0.0291 2 -10 385 319
F2 0.0279 234 -2 383 137
B1 0.0269 -18 27 423 268
D1 0.0246 14 32 409 238
D1 0.0157 59 120 305 284
Q0 0.0152 4 -5 382 320
A3 0.0149 241 -5 384 136
J0 0.0148 232 84 383 209
C2 0.0142 117 308 175 327
A3 0.0096 163 175 393 329
F2 0.0095 237 0 370 98
B2 0.0078 7 -4 323 84
B1 0.0057 -70 1 522 284
A3 0.0051 7 -3 320 84
K0 0.0049 252 2 384 134
B1 0.0045 95 59 432 222
C3 0.0041 58 -3 301 85
B1 0.0038 246 0 384 235
D1 0.0037 77 71 432 241
E2 0.0033 143 169 406 330
A0 0.0033 5 -6 382 298
K0 0.0032 321 205 385 325
K0 0.0032 0 3 37 105
A2 0.0030 -60 1 533 268
A3 0.0029 237 0 316 84
C0 0.0029 358 142 384 218
G0 0.0028 235 0 385 128
C3 0.0028 360 147 384 216
K0 0.0026 111 -2 337 87
G0 0.0025 57 38 386 267
A3 0.0025 126 -1 268 82
B2 0.0024 237 0 316 84
F2 0.0024 -97 4 584 294
C3 0.0024 124 -1 271 81
B2 0.0023 118 308 173 327
D1 0.0022 -33 0 483 247
D1 0.0021 75 36 267 146
B2 0.0020 247 16 384 138
B1 0.0019 181 57 398 218
B0 0.0019 4 -1 379 212
C3 0.0018 224 -19 386 178
B1 0.0018 201 -27 393 253
C3 0.0018 242 9 382 146
K0 0.0018 223 -24 388 179
C2 0.0017 7 223 50 255
J0 0.0016 117 78 423 222
K0 0.0016 356 28 385 234
R0 0.0016 2 -3 122 195
B1 0.0015 189 -28 353 -6
C0 0.0014 360 36 384 232
F2 0.0014 109 -3 345 89
B0 0.0013 236 0 384 202
D1 0.0013 96 88 331 287
B1 0.0013 68 33 267 148
D1 0.0012 26 140 235 296
B0 0.0012 5 0 373 98
D1 0.0011 43 14 288 257
C3 0.0011 5 220 74 285
K0 0.0011 6 221 71 283
C3 0.0011 37 221 92 291
C2 0.0011 0 6 33 96
R0 0.0011 159 54 403 320
F2 0.0011 236 -1 315 86
I0 0.0011 -2 174 388 327
C3 0.0010 210 177 381 330
K0 0.0010 285 199 383 324
B0 0.0010 3 102 312 297
C2 0.0010 7 222 50 278
B1 0.0010 98 8 454 249
