D1 0.5220 41 25 397 123
D1 0.1983 -3 -11 416 123
B0 0.0384 1 5 466 124
D1 0.0210 67 -2 480 135
H3 0.0196 4 0 461 125
G0 0.0187 1 0 463 128
I0 0.0176 1 -2 463 128
R0 0.0175 92 -5 458 130
D1 0.0140 7 -6 421 72
D0 0.0130 0 -1 459 128
D1 0.0082 14 -4 406 20
C1 0.0077 3 -2 461 115
R0 0.0060 -1 -143 468 136
H3 0.0056 -1 -123 463 136
B1 0.0053 4 44 172 122
C2 0.0052 8 57 67 108
R0 0.0046 0 -16 473 180
B0 0.0043 -1 -18 473 179
C3 0.0036 13 45 127 117
C2 0.0035 -2 50 138 115
N0 0.0034 12 46 131 118
B0 0.0027 -1 37 404 125
O0 0.0021 0 41 173 124
D1 0.0020 -8 -18 466 47
O0 0.0017 0 -116 28 -1
C3 0.0016 76 48 167 116
D1 0.0016 34 -37 387 33
M0 0.0015 1 -90 94 -7
D1 0.0013 33 62 377 129
D0 0.0013 -2 -133 458 141
H0 0.0012 0 -92 99 -4
