A3 0.1367 19 -17 566 438
L0 0.1007 7 -13 571 473
D1 0.0878 7 32 544 425
R0 0.0802 58 0 562 421
G0 0.0574 2 -17 571 474
Q0 0.0357 10 -7 569 457
C3 0.0185 -21 43 568 449
D1 0.0093 -12 92 448 467
R0 0.0057 10 88 459 466
R0 0.0052 389 149 571 506
Q0 0.0039 373 83 571 493
G0 0.0033 398 160 572 561
G3 0.0029 559 122 572 517
C2 0.0021 0 418 67 477
R0 0.0017 237 2 582 483
C3 0.0017 6 156 364 489
B2 0.0017 490 286 567 520
G3 0.0015 552 179 572 456
R0 0.0013 137 113 580 475
B1 0.0012 559 141 572 483
R0 0.0010 18 -80 713 481
R0 0.0010 423 44 572 495
G0 0.0010 310 157 572 511
