B2 0.2241 312 64 547 984
D2 0.0367 -4 196 710 940
I3 0.0273 2 751 264 1026
B2 0.0250 114 29 613 1077
C2 0.0249 331 665 478 832
C0 0.0239 1 759 260 924
H3 0.0214 0 751 264 1026
D2 0.0177 313 33 560 931
B2 0.0170 179 136 570 940
N0 0.0155 282 29 563 932
M0 0.0143 296 -5 561 969
E2 0.0121 322 658 481 838
B2 0.0118 326 243 537 894
B0 0.0117 -2 171 723 993
D0 0.0107 -3 184 727 991
Q0 0.0095 -6 173 750 906
M0 0.0067 39 96 667 989
G0 0.0065 -8 169 744 1028
R0 0.0061 4 52 405 467
Q0 0.0047 186 811 769 1022
C0 0.0046 4 595 260 969
B2 0.0043 249 6 700 1055
Q0 0.0042 -4 753 271 1023
B2 0.0040 17 -73 673 1199
C2 0.0034 0 759 100 872
I3 0.0030 1 847 250 1025
Q0 0.0030 176 147 685 1018
P0 0.0029 0 748 253 1027
E2 0.0025 281 524 512 928
F3 0.0025 210 899 819 1024
B2 0.0022 278 42 629 875
C0 0.0021 2 500 285 1026
Q0 0.0017 0 207 364 846
P0 0.0015 295 -29 564 904
B2 0.0015 333 19 547 729
R0 0.0014 3 59 400 318
C3 0.0013 2 850 238 1024
B2 0.0012 189 0 287 83
G0 0.0012 221 136 736 1007
G0 0.0012 0 760 258 1021
G0 0.0012 195 802 773 1021
C3 0.0012 0 171 59 215
H0 0.0012 -71 81 603 1030
N0 0.0011 177 43 582 846
G0 0.0011 2 187 274 1010
Q0 0.0010 -4 55 410 440
