D1 0.5113 120 16 641 285
D1 0.2816 149 -21 603 94
D1 0.1088 39 -12 675 107
B0 0.0787 -7 18 526 240
D1 0.0780 32 24 593 236
B0 0.0730 -2 17 681 285
N0 0.0653 2 16 679 289
I0 0.0536 5 16 681 291
G0 0.0479 17 17 678 296
R0 0.0467 120 -7 673 266
R0 0.0299 2 22 677 323
P0 0.0213 -22 16 537 238
D1 0.0181 142 -7 556 55
D1 0.0125 55 48 666 343
D1 0.0120 55 2 664 170
D1 0.0091 175 -27 632 61
D1 0.0058 77 -15 659 74
C3 0.0055 0 27 117 127
B0 0.0048 127 -5 639 98
N0 0.0039 -4 24 239 133
C1 0.0037 138 -4 635 95
G0 0.0037 142 -20 640 97
C3 0.0035 10 26 208 132
N0 0.0031 65 22 186 139
N0 0.0029 3 -142 682 330
D1 0.0025 153 -86 611 64
B3 0.0022 3 21 114 133
B0 0.0020 -8 -136 686 319
N0 0.0019 23 20 475 249
R0 0.0016 -2 95 683 372
R0 0.0016 142 -13 639 98
B0 0.0014 -3 25 445 187
C3 0.0012 239 80 288 110
D1 0.0011 162 -129 666 77
R0 0.0011 47 -136 666 106
N0 0.0010 82 20 221 150
