D1 0.4430 37 73 689 213
D1 0.3132 82 78 576 194
B0 0.1334 30 67 653 199
C3 0.0452 33 257 112 319
D1 0.0440 -52 37 759 226
E0 0.0417 614 63 737 386
M0 0.0388 82 73 679 202
E2 0.0371 -63 149 647 561
B0 0.0335 615 64 738 383
M0 0.0320 615 -5 742 385
N0 0.0310 88 75 686 200
F0 0.0294 613 63 738 385
B1 0.0284 613 68 738 386
C2 0.0259 457 0 561 94
M0 0.0244 453 -1 561 95
P0 0.0238 458 -2 560 97
B1 0.0199 0 8 97 303
B0 0.0194 75 82 536 191
N0 0.0168 614 -4 742 387
P0 0.0159 545 -3 651 95
B0 0.0158 456 0 560 93
C2 0.0155 505 80 570 95
P0 0.0153 617 65 738 382
B3 0.0123 543 -1 652 94
O0 0.0111 610 4 742 387
C0 0.0104 34 257 114 320
B1 0.0090 642 -1 740 88
B3 0.0087 -2 -2 168 302
E3 0.0087 22 169 634 598
A3 0.0087 -78 120 714 548
O0 0.0079 643 -1 740 89
C2 0.0079 643 -2 741 86
C3 0.0078 456 -2 560 95
N0 0.0078 -7 0 97 302
L0 0.0075 617 92 738 387
B1 0.0071 0 28 49 303
O0 0.0070 544 0 652 92
E0 0.0067 616 175 738 379
C0 0.0058 0 67 138 321
C0 0.0057 20 236 115 340
B3 0.0057 641 -1 739 88
P0 0.0055 174 -7 509 241
C0 0.0053 -4 162 116 484
C0 0.0052 23 138 165 320
C3 0.0051 642 -3 740 88
R0 0.0045 390 295 740 597
E2 0.0045 506 81 568 93
B1 0.0041 542 0 651 91
C3 0.0041 617 157 739 382
B3 0.0039 -2 -5 110 291
C2 0.0038 25 150 149 261
M0 0.0036 56 65 714 248
B3 0.0036 615 78 739 390
P0 0.0036 292 -1 410 88
P0 0.0035 1 -4 91 298
E2 0.0034 -43 64 695 666
Q0 0.0031 27 162 636 593
P0 0.0031 207 -2 311 101
C2 0.0031 543 -1 653 90
B0 0.0029 56 68 701 251
G3 0.0029 85 99 317 187
B3 0.0028 303 0 410 90
F0 0.0028 26 165 626 593
C0 0.0027 32 230 147 321
C0 0.0026 32 249 117 361
C2 0.0024 34 257 109 318
R0 0.0024 24 144 161 268
R0 0.0024 398 426 743 614
C2 0.0022 627 136 742 258
Q0 0.0022 389 299 737 597
P0 0.0022 203 -4 321 223
B3 0.0022 202 -2 315 98
N0 0.0022 456 -2 560 96
M0 0.0022 46 53 743 327
N0 0.0021 546 -3 652 91
B1 0.0020 201 -14 522 253
M0 0.0020 -2 -3 100 406
C0 0.0020 -2 134 116 322
N0 0.0019 95 4 213 284
B0 0.0019 8 -54 740 599
P0 0.0019 180 -14 367 232
R0 0.0018 16 169 670 599
C0 0.0017 469 63 685 325
H3 0.0017 18 167 635 602
N0 0.0017 230 0 530 280
C3 0.0016 636 136 740 259
P0 0.0016 65 -11 735 240
N0 0.0016 -2 0 179 294
H3 0.0015 17 -13 698 602
C3 0.0015 546 -2 653 91
B3 0.0015 450 0 562 97
R0 0.0014 15 51 163 289
P0 0.0014 622 0 736 266
D1 0.0013 24 78 682 296
Q0 0.0013 406 475 725 612
M0 0.0013 293 0 408 85
C0 0.0013 31 258 169 320
N0 0.0013 171 8 328 287
N0 0.0012 167 23 458 273
G3 0.0012 722 90 739 435
C2 0.0012 647 -1 740 38
N0 0.0012 115 28 358 267
P0 0.0012 644 -5 738 148
C2 0.0011 333 19 408 86
N0 0.0011 325 0 408 87
B0 0.0011 180 -9 643 233
B3 0.0011 72 87 483 199
E2 0.0010 60 132 661 303
A3 0.0010 -75 31 765 681
C3 0.0010 0 531 37 603
B3 0.0010 609 0 739 318
C3 0.0010 0 472 44 557
B3 0.0010 639 -5 738 147
M0 0.0010 204 -1 314 97
B0 0.0010 293 0 408 86
E2 0.0010 -20 59 698 329
O0 0.0010 641 -5 738 148
B2 0.0010 506 80 569 93
K0 0.0010 464 62 640 331
