D1 0.1645 15 188 433 439
B2 0.1287 15 186 416 454
G3 0.0857 3 178 433 458
B2 0.0231 0 281 150 655
G0 0.0171 3 180 437 461
Q0 0.0097 3 177 438 463
G3 0.0097 -1 171 452 643
G3 0.0086 48 581 126 664
B0 0.0075 -5 171 468 668
L0 0.0074 -2 172 460 669
G3 0.0042 1 293 149 671
E3 0.0035 0 294 150 670
B2 0.0032 102 168 449 417
N0 0.0028 8 162 473 504
G3 0.0025 67 417 145 584
F2 0.0023 53 170 436 426
G3 0.0021 49 536 126 660
E3 0.0020 -23 193 546 664
D2 0.0019 0 286 152 616
C2 0.0013 51 584 125 665
N0 0.0013 0 299 148 656
C2 0.0012 59 430 146 493
B2 0.0011 73 434 146 490
