B1 0.3221 271 185 356 271
M0 0.1048 57 60 133 334
R0 0.0805 91 50 294 262
B1 0.0767 273 55 368 210
P0 0.0756 62 67 126 269
R0 0.0709 -1 29 426 343
B0 0.0702 62 66 127 270
N0 0.0666 58 61 134 333
G0 0.0550 27 30 395 333
O0 0.0508 272 192 355 273
G0 0.0461 57 39 373 249
B1 0.0460 68 46 304 266
P0 0.0413 59 91 130 323
B1 0.0360 276 35 369 73
R0 0.0306 44 38 347 264
D1 0.0271 274 35 369 74
R0 0.0209 115 245 367 342
B3 0.0189 59 116 130 333
D0 0.0171 275 265 350 333
B3 0.0136 57 49 134 295
J0 0.0131 274 59 368 207
B1 0.0128 273 182 357 331
E1 0.0112 59 103 130 336
R0 0.0106 -5 244 424 342
C2 0.0105 65 64 107 106
C0 0.0104 276 35 370 73
J0 0.0102 275 263 350 334
C0 0.0100 273 185 358 333
O0 0.0091 62 171 128 330
D1 0.0089 271 58 368 209
C0 0.0085 275 268 351 333
B1 0.0084 271 72 367 278
B3 0.0078 273 184 357 331
R0 0.0076 271 50 369 301
E1 0.0072 61 64 119 261
D1 0.0068 78 41 283 66
O0 0.0067 274 182 355 331
J0 0.0065 277 35 368 75
G0 0.0059 271 40 372 272
B1 0.0057 60 64 121 265
J0 0.0055 114 248 368 343
I0 0.0053 -10 239 428 346
B1 0.0038 136 81 221 245
J0 0.0035 148 309 232 341
B0 0.0034 271 42 373 279
M0 0.0031 48 152 136 327
R0 0.0030 -5 184 423 337
D1 0.0028 272 48 364 286
G0 0.0024 44 -35 381 14
R0 0.0021 79 35 291 204
R0 0.0020 23 -37 379 16
C0 0.0019 265 6 391 80
R0 0.0019 148 309 231 341
I0 0.0019 272 40 370 272
N0 0.0018 52 43 309 264
I3 0.0017 57 246 129 332
N0 0.0016 63 92 112 194
B1 0.0015 26 4 339 280
O0 0.0014 57 249 130 333
C2 0.0014 158 125 192 167
C2 0.0014 149 311 236 340
R0 0.0014 92 89 284 209
B1 0.0012 82 88 281 210
B1 0.0012 63 63 114 215
P0 0.0011 63 65 115 223
L0 0.0010 81 -34 310 46
