B0 0.1818 107 14 436 351
D1 0.1307 104 19 412 355
E0 0.1078 97 55 344 359
B0 0.0527 126 -4 330 305
C3 0.0421 97 63 329 361
L0 0.0317 93 2 460 305
M0 0.0257 100 -7 463 382
O0 0.0213 101 -9 464 384
B3 0.0195 170 94 457 379
C3 0.0157 329 323 392 382
E0 0.0139 88 -5 503 295
N0 0.0137 89 -2 471 379
K0 0.0137 177 5 495 272
B0 0.0120 155 67 466 337
B3 0.0117 96 7 399 368
C3 0.0117 121 -3 470 285
P0 0.0081 110 2 363 356
H3 0.0073 0 -10 528 388
B2 0.0073 10 -1 246 87
K0 0.0067 261 5 465 270
K0 0.0064 307 -1 549 266
C2 0.0061 527 293 551 385
E3 0.0059 298 0 549 267
F2 0.0056 2 -2 249 87
G3 0.0051 1 0 546 371
A3 0.0048 3 -2 246 85
K0 0.0045 419 16 549 234
L0 0.0044 6 0 547 365
G3 0.0039 1 1 243 85
D1 0.0038 144 88 447 369
H3 0.0037 164 -1 475 260
D2 0.0036 5 0 546 352
C2 0.0033 328 322 393 382
N0 0.0025 134 -2 252 164
P0 0.0022 123 -9 334 285
K0 0.0021 173 -2 468 97
Q0 0.0020 301 4 548 262
C2 0.0019 311 -1 437 91
C2 0.0019 196 0 245 25
N0 0.0016 7 -5 536 304
K0 0.0012 419 95 533 235
L0 0.0012 4 -2 307 216
K0 0.0012 296 0 439 94
C2 0.0012 189 83 255 149
C3 0.0012 528 293 550 387
N0 0.0011 3 0 247 86
K0 0.0010 413 82 501 231
C2 0.0010 297 48 347 89
