D1 0.3038 48 -14 174 341
B1 0.2599 -1 -15 94 295
B1 0.2136 -4 30 79 337
D1 0.1794 -4 36 75 338
B1 0.1668 -1 92 32 194
B1 0.1144 -13 -47 88 368
D1 0.1019 -2 -29 96 347
D1 0.0997 15 -18 116 318
B1 0.0838 17 16 125 310
D1 0.0785 4 -18 91 260
B1 0.0742 50 39 170 311
D1 0.0596 -3 75 39 316
B1 0.0511 4 42 70 229
N0 0.0393 33 35 171 319
D1 0.0378 -3 -24 156 365
B1 0.0356 -1 54 34 209
B0 0.0255 34 34 171 319
D1 0.0237 36 37 159 313
B1 0.0193 0 88 18 185
G0 0.0187 -3 -1 92 328
D1 0.0182 61 19 168 284
B1 0.0150 -2 61 46 342
R0 0.0129 -1 -19 90 221
B1 0.0122 0 11 57 100
B1 0.0104 0 79 64 351
D1 0.0098 0 95 33 194
H3 0.0090 0 14 57 98
B1 0.0090 12 49 102 334
B1 0.0089 0 86 18 151
B0 0.0088 68 27 168 268
B1 0.0078 -1 19 53 218
B0 0.0074 -6 -1 93 330
B1 0.0070 -1 68 28 338
D1 0.0065 -3 28 34 368
B1 0.0064 16 -21 90 248
D1 0.0063 35 -25 106 290
J0 0.0055 0 13 56 99
G0 0.0050 0 1 62 333
B1 0.0047 -2 -14 74 232
B1 0.0043 0 -1 86 108
D1 0.0041 72 40 184 326
B0 0.0030 13 10 117 330
B3 0.0029 72 22 168 273
Q0 0.0028 3 271 200 333
B1 0.0025 27 59 154 340
G0 0.0022 -3 -4 170 329
B1 0.0020 0 81 26 156
B1 0.0018 0 0 67 17
D1 0.0017 0 0 66 20
B1 0.0017 0 135 21 316
N0 0.0017 0 93 28 198
P0 0.0016 69 20 171 248
B1 0.0016 1 -10 89 179
B0 0.0012 -2 0 41 336
J0 0.0012 0 42 50 100
G3 0.0010 0 108 25 197
D1 0.0010 1 9 54 107
