D1 0.1041 102 97 176 318
K0 0.0573 5 265 165 399
B2 0.0552 1 265 166 399
B1 0.0419 57 145 218 322
I3 0.0398 101 93 177 202
B1 0.0339 149 185 215 308
G0 0.0308 102 92 175 319
B3 0.0305 83 83 195 354
D1 0.0294 25 173 111 219
C3 0.0277 191 339 221 398
B1 0.0276 24 173 112 218
C2 0.0264 243 307 265 360
D1 0.0264 36 84 190 347
A3 0.0256 1 266 165 399
C3 0.0237 39 228 82 258
G0 0.0237 21 178 215 312
K0 0.0219 80 280 163 397
G0 0.0216 51 117 203 317
B1 0.0205 24 197 111 261
B1 0.0200 102 92 178 202
B1 0.0185 157 166 230 243
O0 0.0164 102 93 178 201
J0 0.0163 25 196 110 261
J0 0.0162 24 173 111 219
D1 0.0160 24 197 111 262
C0 0.0145 158 166 231 241
B1 0.0134 21 254 109 305
J0 0.0132 22 253 108 306
C0 0.0118 60 144 110 180
C3 0.0114 108 266 155 318
C0 0.0112 65 258 164 350
C3 0.0112 59 144 110 180
D1 0.0106 67 140 230 260
D1 0.0101 21 253 109 305
N0 0.0101 99 92 178 319
D1 0.0098 103 137 162 322
J0 0.0097 59 143 110 183
C3 0.0096 152 304 202 335
C0 0.0095 25 259 168 356
I0 0.0094 10 179 217 314
B1 0.0089 154 189 215 250
B3 0.0082 101 141 165 324
R0 0.0080 2 192 111 324
R0 0.0079 21 255 109 304
D1 0.0070 55 133 183 233
C2 0.0068 108 266 155 318
I3 0.0063 100 93 179 286
J0 0.0055 155 164 230 256
D1 0.0054 -4 130 222 312
C2 0.0054 152 303 202 335
C2 0.0050 191 340 221 399
R0 0.0049 178 221 264 387
B2 0.0046 103 158 162 322
D1 0.0046 21 249 177 328
D1 0.0045 21 193 145 286
B1 0.0045 158 166 229 206
H3 0.0040 23 172 112 219
C0 0.0040 75 255 167 384
N0 0.0040 108 260 158 319
D1 0.0038 149 193 214 306
J0 0.0038 149 195 215 308
J0 0.0035 21 248 99 330
P0 0.0033 105 166 158 318
G0 0.0031 28 48 220 357
R0 0.0031 0 47 114 199
D1 0.0029 21 161 191 243
E3 0.0029 -11 2 274 203
C0 0.0027 107 260 164 318
D2 0.0026 -2 35 113 204
K0 0.0026 103 186 161 324
G0 0.0026 80 79 197 340
C3 0.0026 24 175 116 219
E3 0.0024 -5 1 274 104
B1 0.0024 27 138 251 334
B3 0.0024 100 91 179 233
D1 0.0023 65 137 187 202
D1 0.0022 158 166 229 207
E3 0.0021 165 224 267 397
Q0 0.0020 163 222 265 399
I0 0.0020 170 224 265 398
B1 0.0018 29 161 253 275
C0 0.0018 83 257 162 320
G0 0.0018 169 228 265 393
E2 0.0017 159 166 229 207
E2 0.0017 158 148 233 209
B3 0.0016 74 156 223 326
J0 0.0015 15 191 111 320
D1 0.0015 91 193 166 324
H3 0.0014 101 92 176 199
D1 0.0014 58 166 187 197
G3 0.0014 -2 393 82 400
C2 0.0014 74 352 150 398
G3 0.0013 3 265 155 396
J0 0.0013 20 293 82 330
D1 0.0013 20 273 170 344
C2 0.0013 123 308 163 351
K0 0.0012 45 298 152 398
G3 0.0012 149 259 165 298
J0 0.0012 150 153 250 296
D1 0.0012 16 178 177 324
Q0 0.0011 -2 269 164 399
G3 0.0011 134 236 160 288
C3 0.0011 18 265 104 304
B1 0.0011 131 174 225 300
E3 0.0011 -24 2 348 83
C0 0.0011 26 280 133 340
Q0 0.0011 -4 31 112 194
D1 0.0010 71 159 233 224
C3 0.0010 0 305 31 360
