D1 0.4925 53 50 413 117
D1 0.3646 47 26 413 89
D1 0.1898 11 -7 443 86
G0 0.0794 7 31 467 121
F3 0.0545 6 42 481 119
G0 0.0441 -3 17 497 224
D1 0.0363 73 29 466 72
C1 0.0310 2 35 469 119
G3 0.0298 5 42 467 120
G0 0.0246 0 -64 494 142
R0 0.0245 1 28 492 223
D1 0.0208 -80 -20 479 76
G0 0.0187 0 -107 498 35
D1 0.0132 49 75 463 115
G0 0.0117 2 -15 495 95
B0 0.0108 3 31 495 152
D1 0.0098 -13 -9 481 46
C3 0.0089 10 57 78 114
D1 0.0085 -50 21 449 84
D1 0.0069 -6 -2 375 68
J0 0.0063 12 54 78 116
D1 0.0053 21 30 484 118
R0 0.0053 -1 112 494 222
D1 0.0051 13 96 453 163
D1 0.0050 4 89 459 223
C2 0.0041 13 58 78 113
D1 0.0038 -68 -22 471 39
C3 0.0038 414 34 464 108
D1 0.0038 -9 7 362 98
F3 0.0033 -5 27 495 152
C3 0.0028 93 47 165 80
D1 0.0026 5 38 351 91
C2 0.0025 95 47 165 82
D1 0.0025 10 -9 497 24
D1 0.0020 38 86 516 182
E2 0.0018 11 54 77 113
G0 0.0017 5 -36 502 53
D1 0.0015 -56 -83 519 76
D1 0.0011 -1 -5 301 21
G3 0.0011 416 33 463 111
D1 0.0011 -29 -13 357 21
G0 0.0011 97 24 474 152
G0 0.0010 -7 -147 483 6
D1 0.0010 73 -6 482 17
J0 0.0010 412 33 464 112
