B0 0.5049 17 394 333 555
B1 0.1921 24 393 339 554
O0 0.1403 24 392 340 552
C2 0.1288 233 0 314 93
B3 0.0814 42 389 339 553
E3 0.0535 -6 1 480 627
C2 0.0369 234 0 305 63
R0 0.0279 -6 -6 484 637
C2 0.0151 222 53 292 102
C0 0.0083 -52 122 443 611
P0 0.0070 2 387 298 554
L0 0.0068 -17 110 536 637
M0 0.0068 4 335 334 626
D1 0.0059 -53 128 477 504
I3 0.0048 226 0 319 99
L0 0.0048 2 89 404 418
D1 0.0046 1 306 325 551
B0 0.0042 13 302 334 545
O0 0.0042 226 0 319 100
B3 0.0041 223 0 320 101
C0 0.0041 227 0 320 99
R0 0.0040 -5 0 476 417
N0 0.0036 1 343 335 628
C0 0.0034 -80 80 35 664
C2 0.0032 222 52 268 101
O0 0.0026 7 334 332 633
H0 0.0025 -29 125 580 665
C0 0.0025 -93 30 510 690
P0 0.0020 163 -4 469 109
L0 0.0020 -62 67 484 478
B0 0.0018 -2 -17 424 661
C3 0.0018 219 0 320 104
B1 0.0017 -79 151 13 606
L0 0.0017 168 -6 462 106
C3 0.0016 241 424 335 497
B0 0.0016 -3 351 308 572
E3 0.0015 -22 0 491 408
N0 0.0015 4 338 197 639
B0 0.0014 -81 13 50 643
H0 0.0014 -67 -39 534 520
C0 0.0014 17 173 541 635
D0 0.0013 -80 103 31 669
E3 0.0013 118 475 465 638
B0 0.0013 -75 -4 129 651
D0 0.0011 140 524 467 641
D1 0.0011 -25 218 411 578
D1 0.0011 -61 8 501 709
M0 0.0011 1 335 199 641
H3 0.0010 -1 35 486 650
I0 0.0010 112 526 445 640
