D1 0.4069 -28 188 455 333
B0 0.1046 5 195 480 335
B3 0.0947 12 194 465 334
C3 0.0133 114 597 242 640
K0 0.0132 113 597 241 640
N0 0.0100 1 192 479 334
G3 0.0075 -5 191 478 332
C2 0.0065 13 127 59 165
D2 0.0060 0 133 221 641
C3 0.0047 72 589 112 640
F0 0.0044 -1 123 221 639
G3 0.0044 81 595 246 639
H3 0.0040 -1 122 219 637
N0 0.0040 -2 123 217 635
C2 0.0040 106 599 246 638
E3 0.0038 0 114 220 642
C3 0.0037 -1 618 38 640
G3 0.0031 104 595 364 640
B2 0.0028 14 126 59 165
C2 0.0027 117 628 223 640
F3 0.0026 97 579 442 642
C2 0.0020 0 128 59 219
C0 0.0020 76 591 242 640
G3 0.0019 99 581 428 641
G3 0.0019 -24 586 235 640
B0 0.0018 -8 107 483 532
C2 0.0016 99 178 161 197
E3 0.0015 1 329 218 641
A3 0.0015 -1 299 217 653
H0 0.0013 0 301 216 654
K0 0.0013 0 314 213 644
G0 0.0013 159 577 441 640
E3 0.0012 -4 174 492 637
G3 0.0012 103 584 285 640
D1 0.0011 30 140 478 340
