D1 0.3555 139 463 597 600
R0 0.1948 170 199 627 426
D1 0.1602 181 197 636 427
C2 0.0887 202 524 304 591
G0 0.0625 29 198 656 423
D2 0.0562 206 524 303 591
G0 0.0554 79 467 631 601
C2 0.0510 108 224 246 359
I0 0.0427 83 464 632 602
G0 0.0393 53 210 306 417
I0 0.0326 221 199 659 418
D1 0.0320 21 451 671 597
I3 0.0292 89 222 255 367
G0 0.0290 2 31 662 482
B0 0.0221 80 463 643 601
H0 0.0212 86 221 255 368
R0 0.0189 12 -4 648 157
I3 0.0168 60 206 313 416
I0 0.0166 53 209 308 415
I0 0.0148 7 135 666 562
D1 0.0141 158 321 625 432
R0 0.0127 18 69 651 606
Q0 0.0124 10 -4 648 155
D1 0.0102 55 208 315 414
C2 0.0098 86 514 159 574
G0 0.0096 159 83 662 432
C3 0.0090 86 221 255 368
G0 0.0088 227 185 663 416
N0 0.0088 77 465 651 600
C2 0.0087 318 251 374 309
L0 0.0084 88 222 255 367
R0 0.0078 35 208 141 419
Q0 0.0073 309 7 644 132
D2 0.0071 319 252 375 309
B1 0.0063 69 479 481 593
I0 0.0062 55 189 445 446
P0 0.0058 85 221 258 371
B0 0.0057 89 222 253 368
D1 0.0056 94 403 628 605
A3 0.0048 87 222 252 369
J0 0.0046 35 208 140 416
E2 0.0046 88 222 256 368
D1 0.0046 242 198 671 374
B2 0.0045 219 525 300 589
G0 0.0042 58 416 663 613
G0 0.0040 9 216 663 643
B0 0.0039 49 446 653 646
R0 0.0039 265 198 668 399
G0 0.0037 0 14 652 251
Q0 0.0037 222 -4 653 53
R0 0.0035 -7 8 665 217
D1 0.0034 33 189 565 444
Q0 0.0031 120 -1 627 70
B0 0.0028 83 482 411 593
G0 0.0027 37 101 494 496
P0 0.0026 82 483 391 594
C3 0.0025 81 492 256 587
C3 0.0025 638 193 660 230
B3 0.0024 76 478 435 594
D2 0.0023 607 330 637 361
B0 0.0023 215 208 661 412
D1 0.0022 78 482 417 594
R0 0.0022 3 1 653 367
D1 0.0021 113 329 658 458
G0 0.0021 429 22 613 189
C3 0.0020 36 362 74 416
Q0 0.0020 158 4 674 115
C3 0.0017 528 246 588 309
J0 0.0017 75 206 327 418
R0 0.0017 12 245 659 639
Q0 0.0017 341 8 623 179
N0 0.0017 79 492 261 587
G0 0.0016 12 0 527 111
B2 0.0015 643 327 660 361
I0 0.0015 38 435 667 639
N0 0.0014 42 391 665 626
B2 0.0014 607 330 636 361
E2 0.0014 607 330 637 361
I0 0.0014 433 58 613 187
D2 0.0014 396 262 439 309
Q0 0.0013 308 -1 667 72
E2 0.0012 643 329 660 361
D2 0.0012 643 328 660 361
C3 0.0012 615 271 660 302
B2 0.0012 396 261 438 308
I0 0.0012 -12 8 675 233
N0 0.0011 84 464 435 620
B3 0.0011 70 218 287 384
N0 0.0011 89 487 410 597
I0 0.0010 465 31 630 191
G3 0.0010 319 296 373 307
C2 0.0010 396 263 441 309
C2 0.0010 207 557 298 591
