D1 0.5084 23 260 457 513
B0 0.1967 26 257 458 514
G3 0.0857 -1 249 474 541
R0 0.0754 -3 252 491 623
G0 0.0637 8 243 476 539
F3 0.0629 -1 244 476 540
D1 0.0387 -18 236 407 470
R0 0.0209 0 364 480 641
C3 0.0198 96 245 119 264
Q0 0.0148 -2 82 476 584
B0 0.0119 -13 244 374 453
N0 0.0097 0 235 490 532
A3 0.0090 96 247 117 263
D1 0.0085 -3 272 513 581
D1 0.0066 105 279 467 557
C3 0.0040 400 438 447 476
Q0 0.0027 87 13 481 171
D1 0.0027 184 316 480 543
E2 0.0023 -62 257 519 695
R0 0.0022 123 42 287 151
C3 0.0022 237 205 273 239
B1 0.0019 367 400 479 539
R0 0.0018 76 212 339 430
B0 0.0018 180 314 479 553
B1 0.0018 177 313 478 548
R0 0.0018 77 211 335 354
B3 0.0017 366 399 479 540
Q0 0.0017 55 4 509 113
P0 0.0015 -9 248 336 443
R0 0.0015 -14 15 497 616
B0 0.0013 37 251 308 420
H0 0.0013 95 247 117 263
B2 0.0013 238 206 273 239
D2 0.0013 -9 288 438 666
N0 0.0013 54 281 197 386
D1 0.0013 114 33 451 166
R0 0.0013 -1 513 468 637
C0 0.0012 116 43 293 153
D2 0.0012 300 558 338 577
Q0 0.0011 149 0 487 43
O0 0.0011 365 401 480 540
C3 0.0011 111 89 128 105
Q0 0.0011 38 27 391 197
R0 0.0010 17 30 500 241
E2 0.0010 93 341 458 658
Q0 0.0010 119 52 468 182
R0 0.0010 52 197 398 472
