B0 0.1581 169 291 389 693
B1 0.1537 169 291 391 693
Q0 0.1466 -3 771 356 1015
D1 0.1061 171 295 391 690
C3 0.0912 519 453 612 554
Q0 0.0785 -6 771 756 1022
R0 0.0694 -3 254 767 1021
B3 0.0595 172 299 390 691
P0 0.0507 169 296 391 688
R0 0.0490 10 766 420 1027
Q0 0.0443 172 293 401 689
I0 0.0403 170 291 406 679
G0 0.0331 172 294 400 688
R0 0.0326 -5 786 748 1026
I0 0.0299 105 268 605 801
G0 0.0285 22 200 723 988
G0 0.0174 112 275 562 742
D2 0.0154 0 984 103 1024
E3 0.0124 -9 749 366 1016
Q0 0.0104 136 293 505 701
Q0 0.0100 -3 653 372 1024
Q0 0.0087 215 856 737 1021
B2 0.0077 -4 984 106 1025
Q0 0.0066 -14 615 761 1023
R0 0.0045 95 296 487 827
C0 0.0039 504 447 616 559
N0 0.0039 205 359 378 666
R0 0.0032 -25 838 627 1004
E3 0.0030 -44 908 393 999
B2 0.0027 3 984 225 1025
C3 0.0025 326 290 384 365
G3 0.0025 -48 880 358 996
D2 0.0020 -121 911 101 1022
Q0 0.0019 37 593 444 1012
R0 0.0019 43 265 506 993
C2 0.0016 208 356 368 658
A1 0.0016 173 297 438 712
Q0 0.0016 400 959 494 1005
J0 0.0015 240 956 557 1025
P0 0.0014 206 289 385 617
B2 0.0012 -2 977 154 1026
C0 0.0012 3 977 329 1025
C0 0.0012 427 442 616 553
B2 0.0012 -12 798 122 1017
Q0 0.0011 -101 706 368 1069
F2 0.0011 6 981 305 1025
