D2 0.6035 210 86 391 324
D2 0.5941 25 75 216 328
C2 0.3142 28 77 209 334
E2 0.2293 208 97 393 321
C2 0.2286 210 86 391 319
E2 0.1414 26 79 216 329
C2 0.0442 333 43 363 78
C2 0.0265 126 43 158 77
R0 0.0144 1 247 394 397
H3 0.0080 4 45 395 391
Q0 0.0072 2 229 396 396
G0 0.0064 -2 238 396 396
L0 0.0057 2 63 392 376
R0 0.0056 0 333 396 396
F3 0.0056 -2 344 398 397
C2 0.0043 334 326 363 360
D2 0.0040 11 54 393 382
C2 0.0039 270 387 299 397
B0 0.0035 3 46 392 360
M0 0.0027 209 93 395 313
B2 0.0026 270 387 298 397
R0 0.0025 11 40 397 393
C2 0.0021 127 326 155 360
Q0 0.0019 209 94 394 313
Q0 0.0019 26 76 213 321
D0 0.0018 6 355 250 395
B1 0.0016 315 2 404 109
Q0 0.0014 0 358 290 397
D2 0.0014 270 94 391 175
K0 0.0013 260 0 425 110
C3 0.0013 269 91 288 110
F3 0.0013 151 365 389 399
D2 0.0012 272 352 400 396
F3 0.0011 89 356 396 397
C3 0.0010 271 373 394 397
R0 0.0010 25 73 217 328
G0 0.0010 0 94 398 400
