D2 0.5293 456 20 864 469
D2 0.2480 268 186 747 616
D2 0.0435 485 118 791 456
D2 0.0421 71 181 790 632
D2 0.0324 389 221 682 621
D2 0.0295 561 84 859 464
D2 0.0274 503 156 652 334
D2 0.0264 494 92 697 389
D2 0.0212 285 184 726 488
D2 0.0154 111 260 406 403
C2 0.0151 461 99 557 209
B2 0.0138 112 184 717 606
C2 0.0083 514 172 651 321
E2 0.0075 109 264 402 404
D2 0.0063 101 19 867 627
E2 0.0060 507 163 652 326
B2 0.0048 460 72 560 210
D2 0.0044 463 89 862 628
D2 0.0033 360 205 763 539
B2 0.0029 515 173 651 322
E3 0.0025 84 184 746 632
E2 0.0024 109 190 416 407
Q0 0.0024 460 21 858 461
D2 0.0021 279 114 845 501
D2 0.0020 484 18 813 357
Q0 0.0020 110 197 741 624
B2 0.0018 399 246 653 618
D2 0.0014 108 189 701 538
E2 0.0013 461 18 544 216
B2 0.0011 463 121 557 211
C3 0.0011 512 176 651 322
B2 0.0010 372 214 792 638
G3 0.0010 1 173 42 619
C2 0.0010 418 244 670 403
