D2 0.4932 29 66 187 268
C2 0.4217 31 69 181 270
D2 0.3834 168 81 271 271
C2 0.1032 169 84 270 268
E2 0.0952 29 70 178 269
Q0 0.0394 6 0 284 79
Q0 0.0258 41 8 253 76
Q0 0.0069 11 0 285 51
Q0 0.0068 30 71 184 264
C3 0.0065 169 97 269 265
D2 0.0055 9 67 292 292
Q0 0.0051 168 83 271 264
G3 0.0044 167 83 271 264
Q0 0.0030 166 14 287 77
H3 0.0023 4 63 313 314
Q0 0.0017 36 235 309 319
R0 0.0017 -2 190 310 319
R0 0.0017 -11 231 326 320
Q0 0.0015 80 0 284 35
E3 0.0012 108 231 304 320
