D2 0.4016 12 10 108 114
D2 0.3829 0 0 34 73
D2 0.3808 0 77 31 179
A2 0.2967 123 3 197 87
D2 0.2895 50 149 98 199
D2 0.2874 96 147 166 200
D2 0.2839 118 66 195 153
D2 0.2503 73 83 151 168
D2 0.1953 38 0 114 14
C2 0.1459 0 0 34 71
A2 0.0903 2 145 87 200
E2 0.0883 40 0 114 14
D2 0.0864 7 145 100 200
D2 0.0840 101 0 188 85
D2 0.0747 102 1 154 85
C2 0.0716 55 171 94 198
E2 0.0699 19 0 191 172
D2 0.0641 167 118 199 198
C2 0.0620 50 150 98 199
D2 0.0605 56 169 95 198
E2 0.0438 4 -28 209 196
D2 0.0415 25 98 95 204
D2 0.0413 28 98 68 157
G3 0.0397 45 0 103 12
D2 0.0396 165 185 194 199
C2 0.0389 39 0 114 14
C2 0.0372 0 70 31 179
C2 0.0361 124 21 151 40
C2 0.0350 170 135 199 179
C2 0.0284 176 0 200 13
E2 0.0271 40 21 210 187
E2 0.0258 120 71 194 152
C2 0.0249 1 9 31 61
E2 0.0239 4 0 111 14
A2 0.0236 107 156 193 200
E2 0.0225 101 -1 153 85
D2 0.0223 8 76 166 173
D2 0.0216 159 173 185 187
D2 0.0211 106 155 186 200
B2 0.0209 8 145 102 200
D2 0.0206 0 -2 200 199
C2 0.0191 159 173 185 187
C2 0.0181 167 120 200 197
C2 0.0166 41 0 96 11
E2 0.0160 0 70 31 180
B2 0.0157 106 156 195 200
D2 0.0151 106 16 138 53
C2 0.0144 145 6 166 31
D2 0.0136 185 174 199 198
E2 0.0131 167 120 199 197
D2 0.0127 55 175 80 197
C2 0.0122 29 99 68 157
C2 0.0112 96 147 164 199
E2 0.0111 0 1 34 72
C2 0.0111 24 145 36 170
D2 0.0108 0 0 77 73
C2 0.0106 68 90 94 125
E2 0.0105 0 0 39 15
D2 0.0104 84 144 193 200
D2 0.0096 97 157 133 200
D2 0.0091 0 0 40 15
D2 0.0090 124 21 154 40
E2 0.0087 65 82 156 169
D2 0.0087 172 51 199 84
E2 0.0086 -2 8 119 113
E2 0.0082 97 157 134 200
D2 0.0077 108 32 137 71
D2 0.0076 0 142 71 200
D2 0.0075 125 7 198 91
D2 0.0074 176 0 200 14
D2 0.0073 112 38 196 165
C2 0.0072 171 51 199 83
E2 0.0071 7 21 133 184
A2 0.0068 5 0 74 71
D2 0.0062 95 146 142 201
E2 0.0061 17 92 92 214
E2 0.0061 165 184 195 200
D2 0.0058 110 0 182 19
C2 0.0054 98 152 140 200
D2 0.0051 52 151 82 170
C2 0.0049 38 0 79 11
D2 0.0046 56 57 201 182
D2 0.0045 -15 2 120 118
D2 0.0043 143 60 158 83
D2 0.0043 38 38 233 176
D2 0.0042 26 94 84 166
C2 0.0042 164 185 193 199
D2 0.0041 12 0 39 14
D2 0.0041 0 77 15 178
D2 0.0039 2 7 32 60
C2 0.0038 78 14 105 37
C2 0.0034 0 119 26 171
D2 0.0033 2 183 26 198
D2 0.0033 27 98 113 178
D2 0.0033 165 66 200 210
E2 0.0033 28 97 67 158
D2 0.0032 34 8 109 95
E2 0.0032 14 147 100 200
B2 0.0032 129 40 148 52
D2 0.0031 146 6 166 30
D2 0.0031 121 147 194 199
C2 0.0030 174 127 199 171
D2 0.0030 0 188 20 199
C2 0.0030 141 7 166 42
D2 0.0030 117 0 185 11
C2 0.0027 172 149 199 193
D2 0.0027 33 -1 151 13
D2 0.0027 106 22 138 64
D2 0.0026 0 0 21 73
C2 0.0025 113 0 183 9
D2 0.0025 58 21 88 45
D2 0.0025 65 67 165 171
C2 0.0025 4 0 39 14
D2 0.0025 24 79 67 163
G3 0.0025 -1 0 116 16
C2 0.0025 0 7 24 69
D2 0.0024 159 169 194 199
E2 0.0024 53 159 97 200
C2 0.0024 105 36 137 78
E2 0.0024 95 64 199 168
D2 0.0023 0 73 31 147
D2 0.0023 106 38 140 79
E2 0.0022 32 136 157 202
C2 0.0022 129 11 170 41
D2 0.0022 23 141 179 202
D2 0.0021 0 182 17 199
D2 0.0021 150 112 199 197
D2 0.0021 41 143 126 202
D2 0.0020 177 56 199 82
C2 0.0019 129 147 157 170
D2 0.0019 194 41 199 84
C2 0.0019 1 1 34 38
D2 0.0019 0 175 23 200
E2 0.0019 26 0 159 15
E2 0.0019 176 0 200 16
E2 0.0018 150 185 196 200
D2 0.0018 0 2 117 189
E2 0.0018 28 -19 181 114
D2 0.0018 132 61 159 83
N0 0.0018 0 78 32 178
E2 0.0018 0 2 15 72
D2 0.0017 1 52 71 179
A2 0.0017 1 153 64 199
C2 0.0017 103 18 136 57
C2 0.0017 3 183 25 198
C2 0.0016 129 40 148 52
D2 0.0016 -18 57 176 183
D2 0.0016 0 168 28 199
D2 0.0015 19 92 128 206
D2 0.0015 81 140 117 164
D2 0.0015 74 -1 200 199
C2 0.0015 21 166 52 198
D2 0.0015 160 0 200 14
D2 0.0015 99 160 131 190
E2 0.0015 25 95 75 180
D2 0.0015 195 37 199 94
E2 0.0014 0 65 31 138
A2 0.0014 22 6 72 47
C2 0.0014 45 6 71 26
D2 0.0014 156 -2 200 135
D2 0.0014 54 21 92 55
C2 0.0013 41 0 66 11
C2 0.0013 39 8 71 31
C2 0.0013 0 143 23 177
M0 0.0013 -1 77 32 176
B2 0.0013 0 187 20 200
C2 0.0012 109 0 144 18
E2 0.0012 165 41 200 220
D2 0.0012 164 173 199 200
D2 0.0012 111 41 131 59
D2 0.0012 81 142 107 163
C2 0.0012 127 176 167 199
E2 0.0012 119 0 201 12
B2 0.0012 160 170 186 187
E2 0.0011 54 56 164 146
D2 0.0011 100 0 200 115
D2 0.0011 75 13 106 39
C2 0.0011 193 62 200 133
B2 0.0011 177 0 199 12
E2 0.0011 89 151 185 200
B2 0.0011 3 183 25 198
D2 0.0011 164 23 186 36
E2 0.0011 109 0 182 23
D2 0.0011 128 148 157 170
A2 0.0011 1 171 66 200
E2 0.0011 42 43 185 160
E2 0.0010 19 26 106 110
B2 0.0010 109 188 136 200
D2 0.0010 0 0 119 18
D2 0.0010 59 17 87 38
D2 0.0010 56 183 77 198
D2 0.0010 107 0 195 26
A2 0.0010 18 161 68 200
C2 0.0010 16 24 45 66
E2 0.0010 22 46 74 170
B2 0.0010 156 168 195 199
D2 0.0010 122 21 173 41
C2 0.0010 176 0 200 25
D2 0.0010 51 148 86 184
D2 0.0010 69 75 149 139
D2 0.0010 7 -4 92 88
C2 0.0010 22 154 52 191
