D2 0.6351 70 62 254 132
D2 0.6208 25 147 302 254
C3 0.1434 277 94 313 240
I3 0.1391 282 88 314 313
C3 0.0666 277 -2 314 307
I3 0.0640 274 0 313 131
D0 0.0531 282 78 313 314
C3 0.0257 68 55 260 135
D2 0.0159 18 156 312 312
C3 0.0155 274 0 313 181
C3 0.0071 288 89 314 232
E0 0.0059 273 0 313 148
D2 0.0057 46 0 120 74
B3 0.0044 261 89 313 312
B0 0.0044 274 -12 314 187
C3 0.0036 40 1 120 74
H3 0.0030 276 -14 314 233
I3 0.0022 279 97 313 256
I3 0.0021 275 -15 313 193
C3 0.0014 277 61 314 207
E0 0.0012 276 4 314 228
C3 0.0011 280 88 315 183
K0 0.0010 277 -15 313 233
