D2 0.0999 3 48 375 347
B2 0.0701 0 215 259 344
D2 0.0649 19 119 327 273
F2 0.0622 -6 216 248 345
E2 0.0582 7 121 324 315
D2 0.0371 -2 85 266 245
D2 0.0322 66 73 395 270
A3 0.0315 73 83 386 233
E2 0.0278 10 80 419 318
D2 0.0224 -15 134 289 240
D2 0.0206 -42 111 374 258
F2 0.0187 0 143 262 234
D2 0.0160 3 212 256 340
A3 0.0159 -2 126 352 307
C3 0.0148 92 92 215 143
E2 0.0146 3 83 255 257
A3 0.0145 84 90 313 199
B2 0.0139 2 145 260 236
Q0 0.0128 0 46 394 302
B2 0.0084 8 127 328 315
C2 0.0073 163 242 249 295
E2 0.0072 63 202 160 243
C3 0.0069 76 90 312 182
E2 0.0068 73 58 389 236
E2 0.0052 80 108 368 304
E2 0.0044 274 1 398 83
D2 0.0043 26 155 253 245
C3 0.0041 89 93 218 174
E2 0.0040 25 161 296 262
E2 0.0036 -35 114 350 363
C3 0.0034 116 132 336 303
E2 0.0033 40 34 433 278
E2 0.0032 280 1 336 83
D2 0.0031 91 94 216 175
D2 0.0028 53 200 183 243
E2 0.0027 -60 77 326 259
F2 0.0026 -12 83 261 247
K0 0.0021 0 84 67 272
C2 0.0020 66 204 154 242
K0 0.0019 4 37 113 182
D2 0.0019 32 171 204 243
C3 0.0018 293 21 397 81
F2 0.0017 92 88 215 143
K0 0.0017 91 89 214 142
A3 0.0015 92 88 215 144
C3 0.0015 330 46 390 81
D2 0.0015 0 144 204 244
Q0 0.0014 1 90 225 245
D2 0.0014 69 87 168 165
C3 0.0012 87 82 351 161
C3 0.0012 22 86 352 229
E2 0.0011 33 182 269 247
E2 0.0011 120 43 411 325
C3 0.0011 276 2 337 84
C0 0.0010 341 50 383 83
E2 0.0010 0 146 67 275
B2 0.0010 24 34 443 315
E2 0.0010 280 0 400 56
