D2 0.5931 138 54 328 225
D2 0.4938 103 144 303 340
E2 0.4615 105 143 300 347
D2 0.2510 -1 79 191 294
E2 0.0826 142 52 328 232
A2 0.0778 177 3 330 113
C2 0.0710 43 60 74 94
C2 0.0599 89 51 142 80
E2 0.0488 2 77 193 314
D2 0.0325 44 61 73 94
D2 0.0290 180 4 328 120
E3 0.0230 0 82 186 299
D2 0.0172 173 4 323 196
E3 0.0166 142 55 327 231
E2 0.0125 176 0 324 169
D2 0.0117 -2 -1 331 338
C2 0.0082 177 281 215 332
I0 0.0074 105 144 304 343
H3 0.0073 0 15 330 342
Q0 0.0071 -1 83 187 299
A2 0.0067 187 5 312 89
E2 0.0058 79 49 142 87
D2 0.0057 5 83 181 225
E2 0.0056 -6 50 234 346
E3 0.0052 104 145 304 342
R0 0.0046 -2 80 187 300
D2 0.0038 147 46 315 183
R0 0.0032 103 142 309 343
D2 0.0032 89 50 143 80
E2 0.0027 63 51 137 96
C2 0.0025 253 10 284 74
B2 0.0024 4 49 150 119
A2 0.0020 97 140 309 339
F2 0.0019 3 49 151 116
E2 0.0019 37 51 140 107
B2 0.0018 89 51 142 80
D2 0.0017 12 82 174 179
Q0 0.0017 140 57 327 229
D2 0.0016 115 82 145 94
B2 0.0016 114 82 145 94
B0 0.0014 102 147 307 340
C2 0.0014 219 295 243 320
E2 0.0013 6 49 156 138
C2 0.0013 91 55 128 78
E2 0.0012 165 34 309 162
A2 0.0012 189 5 271 76
E2 0.0012 143 56 227 140
A2 0.0011 235 7 320 90
D2 0.0010 187 59 315 215
Q0 0.0010 102 146 312 341
H3 0.0010 46 90 323 334
E2 0.0010 194 6 261 67
