D2 0.5025 28 54 153 141
C2 0.2029 59 102 97 135
C2 0.1833 118 72 146 105
C2 0.1123 98 93 134 129
C2 0.1051 82 66 116 97
C2 0.0898 35 97 70 125
C2 0.0733 82 94 101 109
C2 0.0725 51 65 87 100
D2 0.0723 59 61 128 115
E2 0.0719 51 62 88 101
D2 0.0664 58 101 97 138
D2 0.0637 77 63 122 104
D2 0.0609 51 61 89 101
E2 0.0438 59 101 97 138
D2 0.0387 82 94 101 110
A3 0.0327 24 103 153 196
D2 0.0274 97 93 135 131
D2 0.0268 24 86 156 199
E2 0.0234 97 93 136 131
D2 0.0229 81 66 119 98
E2 0.0201 23 90 164 196
D2 0.0179 37 97 69 126
D2 0.0179 64 55 149 135
D2 0.0172 50 98 113 138
C2 0.0149 92 58 127 76
E0 0.0149 26 57 150 196
C2 0.0138 90 124 114 137
C2 0.0132 40 85 65 99
B2 0.0129 82 94 101 109
C3 0.0122 25 107 151 196
E2 0.0115 117 72 147 105
C2 0.0111 82 72 105 96
E2 0.0107 36 92 69 125
C2 0.0087 0 87 18 121
D2 0.0074 117 72 147 105
Q0 0.0063 25 55 153 187
D2 0.0062 0 0 198 196
B2 0.0062 41 85 62 99
D2 0.0062 93 58 127 76
E2 0.0058 90 57 128 77
E2 0.0052 33 82 143 172
C2 0.0052 40 86 68 112
B2 0.0051 93 58 126 76
Q0 0.0047 7 17 188 197
C2 0.0046 88 68 113 95
C2 0.0046 35 98 60 123
D2 0.0043 56 71 85 100
Q0 0.0042 30 57 148 145
D2 0.0038 39 55 145 118
D2 0.0037 93 58 147 134
C2 0.0035 97 94 123 127
C2 0.0026 59 103 85 134
E2 0.0022 41 61 95 105
C2 0.0021 86 63 115 90
E2 0.0021 36 59 101 129
C2 0.0021 83 77 108 98
B2 0.0021 41 85 68 114
C2 0.0020 40 85 56 100
E2 0.0018 18 0 94 11
C3 0.0017 23 55 154 197
C2 0.0017 0 -2 12 49
D2 0.0016 34 80 145 145
B2 0.0016 42 86 68 104
C2 0.0016 89 31 109 58
C2 0.0015 54 75 86 101
B2 0.0015 38 98 69 123
C2 0.0015 0 -9 11 69
D2 0.0014 37 84 70 124
E2 0.0014 81 56 121 99
C3 0.0014 83 87 138 139
A2 0.0013 118 0 195 45
D2 0.0013 122 77 146 104
E2 0.0013 34 94 118 145
A2 0.0012 160 64 200 136
C2 0.0011 119 73 144 95
E2 0.0011 34 90 71 139
C2 0.0011 82 77 100 96
B2 0.0010 10 12 26 32
B2 0.0010 106 59 126 76
D2 0.0010 106 59 126 76
