D2 0.9166 0 49 137 166
D2 0.7743 137 5 224 150
D2 0.6752 73 18 177 154
D2 0.4878 147 150 224 225
D2 0.3403 30 177 166 225
D2 0.0282 147 80 225 225
C3 0.0233 146 144 224 224
E2 0.0162 29 177 167 225
D2 0.0148 215 -8 224 138
D2 0.0144 208 -9 224 145
D2 0.0091 194 0 223 155
J0 0.0072 148 152 225 224
D2 0.0060 19 166 220 225
D2 0.0050 219 -12 225 162
C2 0.0027 147 151 224 225
D2 0.0024 210 0 224 111
D2 0.0023 67 146 222 225
C3 0.0018 29 176 166 224
D2 0.0017 203 -1 224 121
D2 0.0016 211 0 225 72
D2 0.0012 202 0 225 81
