D2 0.3448 110 75 235 130
C3 0.1766 92 -1 219 50
D2 0.1267 92 0 218 50
C3 0.0820 108 74 233 130
D2 0.0672 113 40 248 94
C3 0.0543 113 41 245 92
D0 0.0542 112 42 246 92
Q0 0.0409 -1 -3 258 187
A3 0.0408 108 112 255 186
A3 0.0354 91 -1 218 50
D2 0.0335 107 116 256 186
B2 0.0335 116 41 247 93
D1 0.0231 110 41 247 92
D2 0.0230 16 13 93 157
D0 0.0220 71 18 143 160
G3 0.0206 12 2 97 153
D2 0.0197 71 17 145 163
B2 0.0179 113 117 256 189
Q0 0.0171 10 3 97 156
D2 0.0140 1 -6 261 193
C3 0.0138 71 28 142 158
C3 0.0132 16 16 93 155
Q0 0.0123 89 0 217 49
F2 0.0121 -2 155 121 193
A3 0.0112 12 10 96 160
D2 0.0110 111 135 161 193
D1 0.0109 69 11 137 169
D2 0.0106 65 12 179 166
Q0 0.0104 66 6 147 160
C3 0.0097 120 118 255 189
B2 0.0090 0 156 118 194
B2 0.0090 0 1 28 157
E3 0.0089 110 119 257 192
C2 0.0088 114 148 161 191
K0 0.0087 13 7 93 166
D2 0.0084 111 43 238 134
Q0 0.0080 58 3 186 168
F2 0.0080 14 9 92 165
Q0 0.0075 68 0 253 157
Q0 0.0069 109 119 257 191
E2 0.0067 107 69 245 192
E2 0.0056 111 138 161 193
D2 0.0054 6 176 47 193
A3 0.0053 98 77 262 191
J0 0.0051 109 44 234 91
E0 0.0049 59 12 210 159
B2 0.0043 35 159 119 192
C2 0.0042 95 115 143 155
B2 0.0040 0 139 16 152
Q0 0.0040 80 -1 250 110
E2 0.0039 0 155 48 194
E3 0.0038 6 0 132 174
C3 0.0038 6 175 49 193
B2 0.0037 6 175 49 193
E2 0.0037 108 38 237 134
F2 0.0035 155 169 256 193
E2 0.0034 34 20 247 171
Q0 0.0030 2 -1 140 179
R0 0.0030 106 43 237 92
B0 0.0030 6 -1 127 184
D2 0.0029 3 1 127 190
D2 0.0029 0 156 49 193
C2 0.0028 114 50 169 87
Q0 0.0027 56 0 230 55
E0 0.0027 37 5 244 179
C2 0.0027 6 175 48 193
C3 0.0027 93 -3 228 103
H3 0.0026 63 8 199 148
B2 0.0025 34 161 65 176
G3 0.0025 4 0 157 182
K0 0.0023 16 -1 135 173
E2 0.0022 2 177 48 193
R0 0.0022 110 119 260 194
F2 0.0021 0 -3 31 158
C2 0.0021 0 158 18 184
K0 0.0020 15 17 75 155
B2 0.0018 0 138 17 162
C3 0.0018 13 9 131 169
B2 0.0018 156 170 257 193
C3 0.0017 45 -2 218 169
Q0 0.0017 100 83 260 189
Q0 0.0017 15 -2 256 89
C0 0.0016 64 6 196 146
H3 0.0016 28 3 249 171
F2 0.0015 -2 126 123 192
C3 0.0015 119 49 175 89
D2 0.0015 83 21 263 196
C3 0.0014 64 3 134 178
B2 0.0014 151 126 256 192
B2 0.0014 0 148 17 160
E2 0.0013 0 158 19 193
Q0 0.0013 200 0 260 126
Q0 0.0013 101 24 260 193
B2 0.0013 0 172 23 184
B2 0.0013 62 159 121 193
D2 0.0012 150 121 255 190
Q0 0.0011 0 1 28 152
Q0 0.0010 96 28 255 127
D2 0.0010 3 73 261 194
G3 0.0010 254 104 259 206
