D2 0.3554 4 157 441 430
A3 0.1029 307 -7 622 294
C2 0.0684 24 150 431 427
L0 0.0446 6 -9 624 426
E3 0.0322 0 -6 621 424
C3 0.0279 311 -19 617 299
E2 0.0253 47 -57 621 464
B2 0.0184 319 -15 620 297
E3 0.0175 17 156 454 428
Q0 0.0080 9 -10 626 423
E3 0.0072 310 -5 615 285
E0 0.0067 619 -2 639 139
E2 0.0060 122 9 533 359
D2 0.0059 375 386 418 414
K0 0.0059 621 -5 639 132
D2 0.0056 3 -6 610 421
Q0 0.0054 31 -11 296 180
C2 0.0047 153 344 250 424
C3 0.0046 10 154 423 430
D2 0.0044 154 344 252 424
C3 0.0039 624 -22 640 143
B2 0.0038 375 386 418 414
E2 0.0034 91 -41 638 327
C2 0.0034 624 -13 640 112
D2 0.0033 78 381 122 427
E0 0.0032 598 -4 640 137
K0 0.0025 11 153 324 431
N0 0.0025 611 -1 642 134
K0 0.0023 18 238 113 408
R0 0.0022 74 -105 580 -6
K0 0.0022 602 -4 640 145
Q0 0.0021 318 0 615 287
C2 0.0019 77 380 120 426
Q0 0.0018 12 -4 332 244
C3 0.0018 593 -7 640 123
R0 0.0017 351 117 639 425
O0 0.0016 609 0 640 132
C2 0.0015 313 241 364 393
Q0 0.0015 21 -3 492 251
C3 0.0015 626 -58 640 193
D2 0.0015 77 382 153 427
D2 0.0015 164 153 434 430
Q0 0.0014 65 -107 584 -6
Q0 0.0014 346 102 638 424
C2 0.0013 591 -7 639 120
C3 0.0013 614 -9 639 136
E2 0.0013 191 -34 568 295
Q0 0.0012 5 32 250 232
O0 0.0011 540 1 639 134
R0 0.0011 467 118 638 413
K0 0.0010 623 -5 639 93
A3 0.0010 333 -6 583 225
K0 0.0010 615 0 639 167
