D2 0.2884 -6 246 354 500
D2 0.2637 149 91 463 289
D2 0.2294 77 185 373 359
D2 0.1425 53 108 414 360
B2 0.1317 0 246 337 492
D2 0.1301 130 54 463 207
D2 0.1105 141 109 475 233
E2 0.0978 27 78 431 378
D2 0.0928 144 145 456 272
D2 0.0851 157 180 453 266
D2 0.0835 17 48 479 470
D2 0.0508 100 75 494 321
E2 0.0379 10 252 331 495
E2 0.0337 150 183 446 268
E2 0.0177 134 50 450 227
B2 0.0152 36 185 382 365
D2 0.0149 145 164 458 346
D2 0.0092 151 55 434 149
D2 0.0089 144 121 500 203
D2 0.0081 93 156 428 294
E2 0.0072 31 147 461 295
D2 0.0072 15 183 392 397
C2 0.0055 120 117 165 172
D2 0.0052 95 253 347 489
D2 0.0044 -1 164 399 484
H3 0.0038 6 21 487 486
C3 0.0033 226 29 252 67
B2 0.0022 455 301 484 483
C2 0.0021 325 247 361 323
D2 0.0018 220 283 365 357
B2 0.0017 127 53 436 150
D2 0.0015 208 255 368 360
Q0 0.0013 112 55 485 263
D2 0.0012 161 215 422 329
I3 0.0012 325 0 474 103
C3 0.0010 226 284 363 359
D2 0.0010 15 288 285 497
D2 0.0010 20 249 340 433
