D2 0.1991 31 78 326 322
D2 0.1382 0 0 96 34
A3 0.1169 30 40 332 314
E2 0.1047 47 52 307 333
C2 0.0775 0 0 101 47
C2 0.0541 47 89 321 326
D2 0.0376 1 0 113 45
E2 0.0321 0 0 90 34
E3 0.0317 45 45 323 322
C3 0.0129 0 0 103 50
D2 0.0128 2 0 160 33
Q0 0.0123 43 40 334 327
R0 0.0104 38 42 335 341
C2 0.0098 -2 0 86 26
C2 0.0077 0 369 52 384
E2 0.0067 13 32 349 296
G3 0.0060 0 0 123 48
G3 0.0044 139 330 384 384
E2 0.0041 40 40 325 237
Q0 0.0032 0 321 168 384
C2 0.0032 306 373 383 384
R0 0.0031 0 287 162 383
F3 0.0031 137 346 387 384
F3 0.0031 287 345 385 385
C3 0.0030 0 0 64 50
R0 0.0029 4 245 378 383
F3 0.0027 304 282 386 392
G3 0.0026 0 320 152 383
G3 0.0026 297 294 386 389
F3 0.0026 247 348 387 387
F3 0.0025 109 318 382 382
F3 0.0025 0 343 145 383
G3 0.0025 191 316 385 387
E2 0.0024 0 -1 70 46
F3 0.0024 -1 301 52 386
H3 0.0022 9 31 382 381
F3 0.0021 -1 352 50 384
G3 0.0021 0 0 189 50
F3 0.0020 275 299 386 391
G3 0.0018 0 369 48 384
Q0 0.0017 143 294 385 387
Q0 0.0016 204 3 347 57
Q0 0.0015 -1 252 142 384
C3 0.0015 -1 368 51 384
F3 0.0015 57 339 378 384
G3 0.0014 308 259 385 383
F3 0.0014 306 323 391 398
G3 0.0013 1 306 55 383
F3 0.0012 -9 299 392 381
Q0 0.0012 185 0 352 29
H3 0.0012 0 365 50 385
D0 0.0012 32 335 359 383
D2 0.0010 4 0 186 24
Q0 0.0010 116 0 358 36
F3 0.0010 1 319 197 385
R0 0.0010 -2 277 245 383
E2 0.0010 5 125 344 332
