D2 0.5595 3 61 205 222
D2 0.2140 178 37 391 183
D2 0.2086 190 40 376 141
D2 0.1496 53 131 221 219
D2 0.1447 203 156 369 354
D2 0.1100 34 125 339 230
D2 0.0971 8 33 380 347
E2 0.0963 -25 26 387 251
D2 0.0923 -17 126 418 245
D2 0.0591 8 58 376 256
D2 0.0464 -55 110 477 273
E2 0.0453 23 76 349 240
C3 0.0382 53 129 223 219
E2 0.0369 -8 38 360 199
C2 0.0350 62 61 99 95
D2 0.0295 -18 1 423 239
C3 0.0281 62 61 99 96
C2 0.0222 341 206 390 287
D2 0.0219 181 150 365 300
Q0 0.0170 0 4 391 376
D2 0.0170 -79 -15 502 325
D2 0.0150 308 202 390 295
E2 0.0127 154 31 396 191
D2 0.0125 184 82 385 176
D2 0.0122 19 62 197 176
D2 0.0111 -134 85 574 307
C2 0.0107 323 57 388 110
D2 0.0104 188 39 352 116
E2 0.0098 -2 125 361 253
C3 0.0085 177 36 377 148
D2 0.0080 188 37 391 348
C3 0.0068 208 210 380 355
D2 0.0066 28 128 444 291
C2 0.0064 308 234 368 305
D2 0.0064 339 73 390 300
C2 0.0059 307 204 390 294
C2 0.0053 347 121 391 197
E2 0.0052 28 126 241 217
D2 0.0048 57 61 206 157
E2 0.0039 37 40 307 175
D2 0.0038 111 136 384 344
D2 0.0038 30 62 266 162
D2 0.0037 -40 98 428 327
C3 0.0037 181 88 386 178
E2 0.0030 -14 -12 493 349
Q0 0.0030 1 211 388 390
Q0 0.0029 207 77 392 349
E2 0.0029 338 73 390 300
Q0 0.0029 4 30 388 228
R0 0.0027 2 207 394 391
B2 0.0027 62 61 97 95
D2 0.0026 303 124 391 318
D2 0.0026 322 48 390 208
C3 0.0025 346 125 391 196
K0 0.0024 321 47 390 216
D2 0.0024 333 203 391 290
Q0 0.0024 2 2 389 140
E2 0.0023 -107 -60 557 397
E2 0.0022 127 15 414 221
Q0 0.0022 -1 351 373 391
Q0 0.0021 0 0 388 89
E2 0.0021 173 37 369 144
E2 0.0020 48 -1 376 31
Q0 0.0019 0 61 204 215
C2 0.0019 247 49 344 125
Q0 0.0019 -3 0 393 49
D2 0.0018 344 111 390 204
D2 0.0018 344 97 390 250
B2 0.0017 47 180 84 214
E2 0.0016 155 84 388 178
C2 0.0015 308 250 363 311
B2 0.0015 186 190 263 224
Q0 0.0014 41 360 376 392
E2 0.0014 -21 105 377 305
C2 0.0014 183 191 264 224
K0 0.0014 343 92 391 209
C2 0.0014 45 177 84 214
B2 0.0014 -2 63 222 220
Q0 0.0014 207 175 393 351
Q0 0.0013 3 321 393 390
R0 0.0013 -7 288 397 392
Q0 0.0013 190 42 387 185
D2 0.0012 46 175 85 214
D2 0.0012 117 27 428 334
E2 0.0011 66 -21 373 275
B2 0.0011 0 182 31 209
G3 0.0011 0 267 12 397
D2 0.0010 10 115 236 215
D2 0.0010 171 88 387 294
