L0 0.1768 25 13 297 291
H0 0.1184 63 13 283 193
A3 0.0844 23 17 282 264
D2 0.0767 43 26 287 227
C2 0.0425 123 16 176 47
A0 0.0407 126 73 290 257
D2 0.0279 123 15 189 97
D2 0.0238 22 12 296 291
A0 0.0131 13 9 317 314
F2 0.0128 -11 28 267 257
E3 0.0121 24 0 304 298
C3 0.0115 120 73 288 257
K0 0.0108 125 60 288 256
G0 0.0094 4 2 120 92
K0 0.0092 31 49 293 263
A3 0.0075 123 14 187 96
G0 0.0075 0 1 129 58
D2 0.0070 151 86 287 171
E2 0.0065 124 15 177 46
D2 0.0058 77 12 196 157
F2 0.0051 20 55 168 284
B2 0.0049 26 7 324 199
D2 0.0047 24 76 150 296
C3 0.0043 129 136 283 261
E2 0.0041 124 13 185 95
C2 0.0041 82 59 133 104
I0 0.0039 3 4 122 107
F2 0.0038 14 45 219 235
B2 0.0037 24 81 161 291
G0 0.0034 19 15 99 73
C2 0.0033 28 186 57 284
C3 0.0032 42 60 318 264
D2 0.0032 73 0 219 212
A3 0.0031 6 36 229 238
B2 0.0028 100 15 190 99
C2 0.0025 130 29 188 100
E0 0.0025 46 55 287 263
B2 0.0024 184 168 302 259
K0 0.0023 133 120 304 259
F2 0.0023 108 11 274 162
B2 0.0022 82 33 300 180
F2 0.0021 79 14 192 108
R0 0.0020 5 175 328 326
N0 0.0020 27 181 57 290
D2 0.0019 80 14 191 109
R0 0.0019 42 258 326 323
C3 0.0018 31 56 222 277
B2 0.0017 157 83 285 172
D2 0.0016 27 101 82 292
D2 0.0016 28 140 65 289
A3 0.0015 122 33 283 270
A3 0.0013 88 10 263 160
K0 0.0013 183 167 302 260
C0 0.0012 32 38 279 271
C2 0.0012 58 131 128 169
B2 0.0012 46 -3 309 296
E2 0.0012 156 18 237 152
I0 0.0011 106 264 324 325
C2 0.0011 253 173 301 228
D2 0.0011 28 105 115 296
F2 0.0010 35 54 243 279
D2 0.0010 117 9 192 146
