D2 0.4503 149 51 362 320
D2 0.2174 -1 59 260 310
G3 0.1706 -1 57 262 312
C2 0.0994 -1 58 262 313
C2 0.0899 145 51 362 324
G3 0.0338 144 52 361 317
D2 0.0160 355 81 360 266
D2 0.0140 352 52 360 323
C2 0.0089 351 75 360 272
E2 0.0088 145 49 362 312
B3 0.0058 0 56 262 311
E0 0.0035 352 57 360 341
D2 0.0028 341 48 360 305
R0 0.0021 145 48 361 327
D2 0.0017 351 8 360 276
D2 0.0016 351 61 359 235
D3 0.0014 139 59 364 319
D2 0.0011 355 55 360 337
D2 0.0011 355 54 360 223
C0 0.0011 351 54 360 361
