D2 0.2365 214 73 286 280
D2 0.1887 68 47 315 189
D2 0.0638 234 64 309 173
D2 0.0525 35 33 295 277
D2 0.0491 11 47 262 182
C2 0.0367 234 63 309 172
E2 0.0261 86 55 306 244
E2 0.0226 12 40 271 177
D2 0.0162 105 61 298 273
D2 0.0069 29 38 258 127
D2 0.0067 57 91 318 181
D2 0.0061 1 9 327 318
B2 0.0044 213 91 283 278
D2 0.0041 76 105 239 170
E2 0.0033 0 28 301 146
D2 0.0024 52 80 263 169
D2 0.0024 30 22 341 155
D2 0.0023 55 44 254 105
D2 0.0022 150 81 288 281
E2 0.0020 59 80 321 216
B3 0.0017 307 187 328 338
D2 0.0015 205 21 288 296
C2 0.0011 235 70 280 129
E2 0.0011 65 36 311 101
D2 0.0010 135 248 309 332
