D2 0.2937 169 74 336 295
D2 0.2233 -3 101 150 319
C2 0.1348 170 101 337 324
E2 0.1263 173 112 335 324
C2 0.0956 0 125 161 314
D2 0.0891 0 72 111 332
D2 0.0501 72 81 174 309
D2 0.0491 -7 79 181 276
D2 0.0487 178 124 338 326
D2 0.0371 175 68 339 224
E2 0.0302 -2 88 176 320
E2 0.0259 169 67 311 301
I0 0.0211 173 68 339 320
E2 0.0192 60 83 175 308
D2 0.0172 29 97 122 269
C3 0.0168 130 218 202 292
D2 0.0091 22 84 140 295
C2 0.0078 73 80 176 317
Q0 0.0057 3 -2 338 336
D2 0.0052 2 -1 335 337
E2 0.0050 0 68 102 335
H3 0.0048 2 -6 339 336
C2 0.0047 213 141 336 323
A3 0.0047 129 214 203 292
E2 0.0041 76 83 245 312
C2 0.0037 154 283 182 302
C2 0.0034 131 230 199 292
E2 0.0032 92 -30 300 402
D2 0.0030 207 38 338 325
D2 0.0028 89 83 252 308
E2 0.0027 203 42 345 323
G3 0.0025 66 142 89 197
C2 0.0025 68 192 105 246
C3 0.0021 153 282 182 303
D2 0.0020 226 132 338 319
E0 0.0019 107 87 231 306
D2 0.0019 128 214 203 291
E2 0.0018 166 22 279 376
Q0 0.0017 1 81 177 310
E2 0.0015 187 69 336 160
C2 0.0014 33 98 180 324
D2 0.0014 191 69 333 168
E2 0.0014 212 97 341 291
E2 0.0013 108 50 234 328
D2 0.0013 83 63 167 265
C2 0.0013 332 134 339 287
D2 0.0013 71 51 286 338
D2 0.0012 257 128 337 242
H3 0.0012 95 15 253 354
H3 0.0012 70 -7 292 374
C2 0.0011 259 184 303 212
B1 0.0011 88 30 272 346
C2 0.0010 281 117 325 152
E2 0.0010 1 101 80 319
