D2 0.2159 7 66 193 354
D2 0.1665 216 23 402 377
D2 0.1606 39 24 329 376
D2 0.1512 91 -8 238 391
E2 0.0935 222 46 400 370
D2 0.0919 204 45 260 238
D2 0.0910 -5 43 262 351
E2 0.0788 -15 49 475 394
E2 0.0560 39 20 290 393
E2 0.0429 204 51 260 238
D2 0.0327 17 -48 370 450
C2 0.0270 204 54 261 241
E2 0.0270 61 0 411 424
E2 0.0265 21 87 418 357
E2 0.0250 -3 -64 434 485
D2 0.0250 91 37 402 352
E2 0.0218 -41 -7 315 408
E2 0.0205 214 -21 367 410
C2 0.0204 15 107 192 350
E2 0.0184 12 105 192 350
E2 0.0168 92 14 232 358
D2 0.0161 104 81 313 352
D2 0.0144 -56 -17 315 430
E2 0.0104 104 79 301 351
D2 0.0094 224 26 356 314
D2 0.0079 232 113 401 343
D2 0.0072 95 29 230 311
C2 0.0068 210 351 257 392
E2 0.0057 199 26 360 306
E2 0.0046 102 36 277 282
C2 0.0042 197 4 362 355
E2 0.0038 1 63 164 327
D2 0.0035 241 38 357 232
D2 0.0025 300 125 400 279
Q0 0.0025 145 0 383 26
D2 0.0024 3 56 161 298
H3 0.0023 7 21 402 393
E2 0.0016 301 125 399 288
E2 0.0014 155 -47 325 446
C2 0.0014 393 123 400 309
E2 0.0011 82 12 303 321
Q0 0.0010 208 1 375 49
E2 0.0010 243 37 356 193
E2 0.0010 -4 92 277 359
