D2 0.6673 175 0 428 140
D2 0.6631 286 69 603 405
D2 0.6595 7 96 298 403
C2 0.4126 173 -2 429 140
C2 0.3512 12 102 290 401
C2 0.2447 299 65 597 404
E2 0.2296 293 76 603 404
E2 0.2280 175 -1 432 141
E2 0.1480 2 95 304 401
C2 0.0259 405 0 522 85
E0 0.0185 4 -10 597 397
L0 0.0148 3 -5 596 396
H3 0.0127 1 -7 599 398
E2 0.0116 405 0 522 85
D2 0.0090 3 -4 593 393
D2 0.0069 403 -2 601 172
C2 0.0066 399 -6 599 165
D2 0.0063 403 0 522 86
E2 0.0036 404 -4 603 172
R0 0.0027 290 72 601 395
C2 0.0026 459 453 592 500
C2 0.0022 589 90 600 348
C2 0.0020 589 154 600 419
Q0 0.0019 1 102 289 392
Q0 0.0018 291 75 600 394
C3 0.0014 499 -1 600 164
E2 0.0013 203 -6 525 146
C2 0.0012 107 113 286 395
C2 0.0011 0 127 17 460
C3 0.0010 564 313 599 398
