D2 0.2106 63 141 158 237
D2 0.2041 65 112 276 297
C3 0.0170 63 141 157 237
D2 0.0139 54 0 305 325
E2 0.0124 63 141 156 238
D2 0.0122 65 136 164 284
L0 0.0120 91 -3 316 150
D2 0.0112 134 106 272 306
D2 0.0106 93 0 233 156
D2 0.0057 154 186 198 307
L0 0.0038 67 -4 311 287
Q0 0.0038 94 1 329 151
D2 0.0035 27 91 294 267
C2 0.0034 155 200 184 303
H3 0.0032 94 0 223 149
N0 0.0029 156 200 185 305
B2 0.0028 153 180 214 310
E2 0.0027 153 183 199 308
D2 0.0027 90 0 327 162
D2 0.0025 83 130 235 307
D2 0.0024 133 135 210 313
D2 0.0022 96 115 284 260
D2 0.0021 82 0 332 255
Q0 0.0018 197 19 314 114
E2 0.0014 64 150 127 238
D2 0.0014 95 7 130 128
D2 0.0013 148 130 250 319
D2 0.0012 153 174 229 311
D2 0.0012 53 138 214 266
G0 0.0012 99 296 291 328
H3 0.0012 99 271 301 328
C2 0.0012 95 11 119 112
D2 0.0012 95 4 146 140
C2 0.0011 154 179 179 297
C3 0.0011 150 175 223 311
D2 0.0011 94 3 186 152
Q0 0.0010 68 295 290 327
K0 0.0010 133 1 257 34
