D2 0.5969 62 128 194 254
D2 0.4335 -1 0 132 51
C2 0.4283 -2 0 131 50
D2 0.2544 91 5 238 91
C2 0.2118 62 130 193 251
D2 0.1738 28 46 207 178
E2 0.1378 24 45 219 195
D2 0.0868 100 7 239 66
I0 0.0819 6 44 239 249
L0 0.0650 7 43 239 249
E2 0.0603 141 0 201 6
D2 0.0563 6 22 243 198
E2 0.0534 65 52 242 166
D2 0.0516 30 46 182 138
D2 0.0499 72 52 241 170
E2 0.0469 -6 29 251 239
D2 0.0359 11 65 87 172
E2 0.0348 -1 0 124 51
E2 0.0348 137 0 218 16
D2 0.0271 2 0 127 35
E2 0.0234 10 65 88 172
B0 0.0221 8 38 245 244
C2 0.0219 144 0 203 6
B2 0.0213 34 46 179 123
D2 0.0184 20 29 224 125
D2 0.0155 65 44 175 123
E2 0.0143 35 4 239 157
E2 0.0095 73 9 230 111
D2 0.0095 1 -7 252 251
D2 0.0090 15 9 245 143
E2 0.0088 -1 0 119 30
E2 0.0074 54 58 244 245
E2 0.0072 71 134 194 246
C2 0.0071 85 12 231 96
H3 0.0053 6 31 236 252
C3 0.0046 59 128 224 256
C2 0.0043 191 51 233 107
C2 0.0040 140 0 212 11
E2 0.0030 145 0 223 11
E2 0.0030 1 13 113 51
C3 0.0030 190 46 239 115
G3 0.0026 0 0 129 49
B0 0.0024 -1 -6 254 210
Q0 0.0023 0 0 128 49
D2 0.0023 190 48 238 116
D2 0.0022 70 0 246 123
C2 0.0022 132 0 211 7
D2 0.0022 126 0 229 35
E2 0.0021 119 0 222 21
B0 0.0020 87 0 245 120
E2 0.0020 70 70 196 132
F2 0.0020 31 43 186 123
D2 0.0018 10 0 129 24
E2 0.0015 98 -1 217 7
E0 0.0014 -5 -12 229 142
E2 0.0013 85 51 177 131
I0 0.0013 63 128 189 249
D2 0.0012 9 49 120 177
E2 0.0012 -4 84 227 205
E2 0.0012 41 106 203 211
E2 0.0011 68 117 233 258
D2 0.0010 -33 -18 272 153
E2 0.0010 66 124 185 207
C2 0.0010 1 1 74 27
E2 0.0010 -1 -1 198 56
C2 0.0010 142 1 221 14
