D2 0.6303 609 566 1079 714
D2 0.5391 177 86 750 717
E2 0.4554 600 566 1099 716
E2 0.3223 189 91 748 716
C2 0.2779 605 568 1080 718
D2 0.2314 730 29 1076 615
C2 0.2221 155 121 256 221
C2 0.1441 0 531 69 614
C2 0.1333 191 106 735 706
E2 0.0911 734 52 1080 608
C2 0.0582 122 339 207 426
C2 0.0338 120 337 244 447
C2 0.0306 0 -3 44 98
D2 0.0281 0 0 45 99
A2 0.0227 743 -8 1078 567
C2 0.0223 793 136 945 246
C2 0.0190 211 195 328 339
C2 0.0179 736 118 1079 605
C2 0.0147 994 550 1080 650
C2 0.0141 930 24 1072 151
C2 0.0138 0 371 60 486
E3 0.0122 731 1 1083 600
D2 0.0118 1 656 122 718
D2 0.0118 794 135 945 245
B2 0.0106 1 654 121 718
C2 0.0102 10 430 108 538
B2 0.0089 213 199 322 321
B2 0.0089 797 136 944 242
D2 0.0085 933 20 1074 152
C2 0.0080 991 505 1079 656
E2 0.0077 115 339 255 469
E2 0.0073 698 0 927 307
D2 0.0071 695 0 926 317
D2 0.0063 157 124 255 219
R0 0.0061 184 97 746 697
B2 0.0058 30 601 196 711
D2 0.0056 23 602 184 709
C2 0.0054 267 189 435 283
D2 0.0052 995 551 1079 650
C2 0.0051 905 6 1052 130
B2 0.0050 699 -4 927 380
C2 0.0044 736 230 843 384
Q0 0.0043 187 99 741 701
D2 0.0039 129 348 243 454
C2 0.0038 0 -8 46 149
B2 0.0036 939 14 1074 147
A2 0.0035 3 343 262 670
D2 0.0033 33 633 200 714
C2 0.0032 53 356 178 478
Q0 0.0031 738 8 1083 599
F2 0.0030 101 87 333 429
A2 0.0029 781 5 1074 386
B2 0.0028 722 -3 1077 487
C2 0.0027 777 819 1065 900
C2 0.0027 918 4 1072 90
C2 0.0027 0 315 60 498
C2 0.0025 97 85 190 248
C2 0.0025 119 86 188 225
E2 0.0025 -1 524 77 699
C2 0.0024 644 510 744 606
D2 0.0023 0 -6 47 144
E2 0.0022 145 110 259 237
D2 0.0021 990 503 1078 657
B2 0.0021 108 94 332 430
B2 0.0021 127 345 245 448
D2 0.0020 783 791 1069 899
B2 0.0020 621 0 760 72
B2 0.0020 122 671 201 719
C2 0.0020 0 -27 47 241
E2 0.0019 695 3 891 224
C2 0.0019 481 606 657 716
A2 0.0019 850 32 1073 348
B2 0.0018 10 592 141 702
C2 0.0018 118 338 251 507
A2 0.0018 84 359 255 625
D2 0.0017 502 748 1040 897
E2 0.0017 742 7 920 208
E2 0.0017 24 337 231 499
A2 0.0017 797 1 1054 242
E2 0.0017 92 99 261 234
E2 0.0017 765 4 1003 193
C2 0.0017 670 843 1034 901
B2 0.0016 629 2 760 113
A2 0.0016 857 2 1074 216
A2 0.0016 17 62 334 440
B2 0.0015 24 590 136 676
D2 0.0015 505 588 1079 901
Q0 0.0015 50 578 688 717
C2 0.0015 346 122 481 226
K0 0.0015 453 -179 891 -47
E2 0.0014 595 860 999 901
Q0 0.0014 603 548 1080 713
D2 0.0014 669 783 1047 900
B2 0.0014 2 1 51 327
A2 0.0013 751 2 995 251
B2 0.0013 122 84 187 201
C2 0.0013 620 1 760 75
B2 0.0012 3 76 94 188
E2 0.0012 100 85 269 329
B2 0.0012 721 -12 967 450
Q0 0.0011 68 578 869 779
D2 0.0011 821 15 1077 482
C2 0.0011 622 3 760 116
D2 0.0011 0 -17 47 211
E2 0.0011 2 521 166 711
C2 0.0011 767 569 1066 721
Q0 0.0011 0 480 713 723
D2 0.0011 580 867 953 901
B2 0.0011 2 0 139 391
F2 0.0010 117 45 483 444
E3 0.0010 26 94 374 476
E2 0.0010 554 871 861 900
B2 0.0010 2 613 125 718
B2 0.0010 660 14 752 111
E2 0.0010 19 821 332 901
E2 0.0010 746 165 1028 605
B2 0.0010 20 568 134 661
