D2 0.6591 310 148 716 651
C2 0.2753 315 144 704 633
E2 0.2436 309 147 713 652
D2 0.0137 -6 49 839 671
Q0 0.0072 1 35 871 673
Q0 0.0057 772 240 898 665
D2 0.0032 330 152 687 474
C2 0.0024 726 544 847 665
D2 0.0023 643 153 897 567
D2 0.0021 348 155 667 369
D2 0.0019 2 226 752 663
E2 0.0018 318 402 756 677
E2 0.0017 330 160 681 442
E2 0.0017 352 155 653 345
E2 0.0014 236 489 759 683
C3 0.0014 722 538 856 673
A3 0.0011 -10 263 444 663
C3 0.0011 321 530 379 670
E2 0.0011 641 138 898 586
Q0 0.0010 653 159 904 672
