D2 0.5434 306 11 502 298
D2 0.3619 183 30 281 334
D2 0.2723 73 6 198 341
D2 0.2358 -1 30 92 344
B2 0.1644 73 20 190 338
C2 0.1305 306 18 494 299
B2 0.1249 0 34 90 336
G3 0.1212 339 15 403 114
C2 0.0728 339 16 403 112
E2 0.0486 183 33 280 330
D2 0.0475 211 41 286 325
D2 0.0389 389 132 515 307
D2 0.0384 388 98 539 326
C2 0.0277 0 218 87 329
D2 0.0272 1 23 153 346
D2 0.0177 463 100 546 347
E2 0.0173 307 16 479 301
B2 0.0162 339 12 403 113
D2 0.0144 234 15 458 301
D2 0.0133 182 37 355 325
D2 0.0117 6 218 86 331
D2 0.0103 224 136 271 306
D2 0.0100 242 21 361 320
K0 0.0096 474 101 544 348
A3 0.0095 339 11 404 112
C2 0.0094 104 133 174 310
D2 0.0090 3 -3 546 365
D2 0.0086 187 -16 476 339
D2 0.0086 338 11 403 112
G3 0.0084 0 15 97 339
C3 0.0084 338 12 402 113
C2 0.0076 1 201 74 311
C2 0.0070 222 128 272 311
D2 0.0063 177 33 234 327
C2 0.0061 219 31 255 280
D2 0.0052 108 149 175 303
D2 0.0051 490 104 545 350
D2 0.0049 20 3 214 332
N0 0.0047 306 13 508 312
N0 0.0046 493 197 543 344
B2 0.0036 177 34 276 331
D2 0.0034 293 35 553 325
C2 0.0033 389 148 516 302
M0 0.0033 300 13 514 314
K0 0.0032 497 121 543 347
D2 0.0030 221 36 254 263
C3 0.0030 521 113 545 146
B2 0.0027 15 33 189 343
C2 0.0027 493 189 542 340
E2 0.0026 181 26 379 351
D2 0.0024 175 56 211 309
C2 0.0024 218 73 267 328
G3 0.0022 386 99 545 348
C2 0.0020 209 33 280 164
E2 0.0020 74 77 189 332
C2 0.0019 1 36 65 234
Q0 0.0018 388 103 545 347
D2 0.0018 513 126 544 246
D2 0.0017 85 -16 243 359
D2 0.0017 511 116 544 312
D2 0.0016 221 66 267 337
C2 0.0016 187 69 225 269
C2 0.0015 216 22 273 202
D2 0.0015 424 176 513 291
K0 0.0014 118 0 195 103
D2 0.0014 346 8 502 241
E3 0.0013 388 101 546 343
K0 0.0013 340 9 402 111
E2 0.0013 176 56 212 312
C2 0.0013 410 172 511 295
C2 0.0012 527 -1 545 130
D2 0.0012 3 204 74 311
E2 0.0011 389 150 509 302
Q0 0.0011 -1 14 90 340
D2 0.0011 33 6 314 334
C2 0.0010 403 148 506 272
A2 0.0010 418 415 538 460
E2 0.0010 2 205 92 333
D2 0.0010 527 12 545 120
