D2 0.4633 183 29 352 211
D2 0.1471 59 22 217 255
D2 0.0977 63 113 210 246
D2 0.0938 52 23 186 130
H0 0.0908 54 23 218 247
C3 0.0345 63 116 211 244
C2 0.0317 178 40 346 212
H0 0.0206 0 -4 373 256
C3 0.0202 51 21 192 127
E3 0.0101 52 21 218 243
A3 0.0094 51 21 188 127
C2 0.0094 212 205 257 243
H0 0.0091 29 14 274 250
R0 0.0089 310 238 346 245
E2 0.0072 59 18 203 249
D2 0.0071 38 8 323 258
A3 0.0060 67 117 212 243
E2 0.0056 51 20 188 126
C3 0.0045 311 238 346 246
Q0 0.0044 0 111 40 249
C3 0.0043 212 205 256 243
D2 0.0034 75 104 266 244
D2 0.0027 155 179 257 245
B2 0.0025 156 179 256 245
E2 0.0024 -10 -37 370 274
Q0 0.0023 50 23 234 246
C2 0.0022 310 238 346 246
E2 0.0019 155 179 254 245
C2 0.0018 156 179 256 245
C2 0.0017 181 61 207 107
Q0 0.0015 186 231 356 303
C2 0.0015 63 103 97 123
B2 0.0015 185 184 265 244
C0 0.0014 310 238 345 245
D2 0.0013 58 17 205 171
F3 0.0013 70 236 315 299
Q0 0.0013 212 131 356 238
Q0 0.0013 228 104 359 325
G3 0.0011 7 190 347 303
C2 0.0011 79 112 268 245
C2 0.0011 346 133 357 168
C0 0.0010 298 213 356 294
G3 0.0010 346 133 357 169
