D2 0.2047 4 77 963 602
D2 0.0662 81 82 860 461
D2 0.0517 361 202 846 749
D2 0.0338 405 454 644 603
D2 0.0317 300 256 868 654
D2 0.0265 337 267 753 619
D2 0.0182 259 89 963 761
C3 0.0156 406 454 642 604
D2 0.0139 118 212 857 619
D2 0.0112 590 280 803 785
B2 0.0104 99 277 712 613
B2 0.0072 601 277 802 784
D2 0.0065 220 125 982 527
D2 0.0049 -1 -231 146 460
C2 0.0037 670 108 785 178
D2 0.0034 446 123 923 514
B2 0.0033 675 110 783 176
E2 0.0032 62 78 812 428
D2 0.0026 95 287 706 612
C2 0.0024 407 458 635 589
D2 0.0024 86 77 761 330
D2 0.0022 613 114 808 840
D2 0.0019 91 233 739 538
B2 0.0018 602 310 726 784
E2 0.0014 76 148 788 503
D2 0.0014 616 220 803 625
D2 0.0013 11 -235 211 455
D2 0.0013 521 231 795 801
C2 0.0012 675 305 787 526
D2 0.0012 2 -161 137 317
E2 0.0012 438 307 781 785
D2 0.0010 396 402 740 727
