E3 0.1817 2 50 226 207
F2 0.1554 73 51 212 117
A3 0.0602 67 63 205 164
E2 0.0519 106 106 224 209
A3 0.0419 7 50 165 161
D2 0.0407 3 49 224 208
E2 0.0341 32 87 214 191
F2 0.0328 112 106 222 209
F2 0.0284 65 62 206 169
A3 0.0270 75 66 201 122
F2 0.0257 65 96 204 148
F2 0.0228 67 51 209 96
A3 0.0212 3 44 109 213
E2 0.0208 55 95 204 159
C3 0.0195 67 64 199 152
C2 0.0194 191 50 208 68
E2 0.0185 65 67 211 182
C3 0.0161 77 66 202 117
E0 0.0132 3 57 114 206
A3 0.0126 63 99 203 146
F2 0.0115 85 68 208 123
A3 0.0115 78 50 218 110
B2 0.0115 112 107 221 208
C3 0.0084 5 58 107 211
C3 0.0083 53 98 196 148
C2 0.0078 234 8 253 29
Q0 0.0061 3 48 236 209
D2 0.0058 234 8 252 28
F2 0.0055 39 119 199 187
C3 0.0050 116 106 224 208
E2 0.0049 77 84 221 213
E2 0.0045 62 59 201 149
C3 0.0044 10 47 180 168
D2 0.0040 37 118 192 187
F2 0.0032 -28 49 265 123
R0 0.0025 63 68 220 209
F2 0.0022 22 51 189 159
C2 0.0019 23 46 34 55
D2 0.0014 25 97 227 209
C2 0.0014 3 23 16 41
B2 0.0013 233 8 252 28
C3 0.0012 5 48 135 185
Q0 0.0012 98 109 226 205
E2 0.0010 158 163 201 207
C3 0.0010 245 74 253 82
