D2 0.3122 95 82 166 157
D2 0.2758 45 -6 175 119
B2 0.1522 4 126 96 169
D2 0.1421 4 126 97 168
B2 0.0842 49 -10 169 114
C2 0.0765 95 81 167 157
D2 0.0671 1 -4 99 134
B2 0.0450 1 0 100 111
G3 0.0329 48 -2 172 109
B2 0.0313 -1 1 105 160
E0 0.0310 2 -6 203 169
D2 0.0204 4 104 100 169
Q0 0.0199 50 -1 171 110
D2 0.0186 0 -6 203 167
D2 0.0158 94 -1 196 160
Q0 0.0109 0 0 98 160
Q0 0.0090 5 -8 202 163
D2 0.0089 0 -24 108 173
D2 0.0082 45 74 167 164
B2 0.0081 1 0 65 90
C3 0.0081 94 80 164 157
E2 0.0078 3 125 96 169
B2 0.0067 5 0 97 76
F2 0.0052 0 11 122 166
D2 0.0048 82 -1 176 96
D2 0.0044 42 19 173 176
D2 0.0044 155 -7 204 148
D2 0.0038 -9 68 125 177
Q0 0.0033 0 0 96 90
D2 0.0033 0 9 79 168
D2 0.0031 113 0 175 90
E2 0.0029 71 -15 194 180
A2 0.0029 1 29 119 162
B2 0.0029 0 20 80 168
E2 0.0028 0 -36 93 172
G3 0.0022 50 109 80 128
Q0 0.0022 152 1 229 169
H3 0.0022 -2 -5 208 168
E2 0.0022 -17 1 139 162
G3 0.0019 4 142 34 168
H3 0.0019 87 -26 203 173
E2 0.0018 0 10 64 170
C2 0.0017 157 -19 205 165
B2 0.0015 10 156 39 169
R0 0.0014 180 0 230 171
Q0 0.0013 209 -3 229 172
D2 0.0013 19 92 116 169
B2 0.0011 1 91 54 161
R0 0.0010 211 6 229 170
D2 0.0010 71 46 178 158
B2 0.0010 0 -1 35 70
