B2 0.4804 87 42 257 147
E2 0.3490 72 121 280 264
E2 0.2751 76 186 276 286
D2 0.2392 74 195 277 285
B2 0.1537 91 37 266 196
E2 0.1460 70 219 277 284
E2 0.1389 75 135 258 202
C3 0.1220 119 14 203 64
A3 0.1125 119 14 203 63
C2 0.1076 75 197 281 284
E2 0.0986 83 56 267 208
E2 0.0891 90 41 254 147
E2 0.0749 66 139 261 235
E2 0.0352 75 104 267 203
C2 0.0333 119 15 202 62
E2 0.0274 74 175 262 234
E2 0.0171 82 163 275 258
D2 0.0150 68 36 287 285
B2 0.0143 108 39 252 124
B2 0.0116 117 13 218 83
Q0 0.0103 85 27 264 151
B2 0.0098 111 12 249 114
Q0 0.0091 65 34 296 287
B2 0.0077 89 78 253 147
D2 0.0057 84 100 269 198
Q0 0.0050 246 62 399 199
Q0 0.0045 68 40 282 208
Q0 0.0035 92 24 401 234
E2 0.0033 87 87 256 149
Q0 0.0028 244 187 399 285
C3 0.0028 142 40 252 98
E0 0.0022 4 187 397 289
Q0 0.0020 41 5 395 285
Q0 0.0020 71 -1 348 184
Q0 0.0019 255 100 398 194
Q0 0.0017 63 178 291 285
Q0 0.0016 91 0 280 171
Q0 0.0015 1 -35 116 202
Q0 0.0015 5 186 397 287
F2 0.0014 115 13 252 99
C3 0.0014 111 -13 215 70
Q0 0.0013 245 98 401 257
Q0 0.0012 63 126 297 285
K0 0.0012 115 17 256 104
D1 0.0012 272 108 390 135
Q0 0.0011 0 -35 112 120
