D2 0.3701 44 40 95 143
D2 0.3371 128 39 171 134
D2 0.2447 46 40 136 143
D2 0.2074 81 45 133 136
C2 0.1407 44 41 93 141
D2 0.1138 142 41 171 134
E2 0.0793 44 40 94 142
D2 0.0689 75 38 167 132
D2 0.0598 126 42 152 130
C2 0.0526 84 45 133 137
C2 0.0433 47 40 136 142
C2 0.0272 144 44 171 134
E2 0.0158 87 74 133 137
D2 0.0147 87 74 132 137
Q0 0.0126 141 5 226 84
C2 0.0122 88 76 130 125
C2 0.0095 131 47 151 119
C2 0.0090 124 43 173 133
C2 0.0071 145 69 169 132
C2 0.0067 64 74 92 132
D2 0.0061 78 45 133 96
E2 0.0058 79 45 132 96
D2 0.0047 39 38 176 140
E2 0.0041 63 35 136 140
C2 0.0039 79 51 118 95
Q0 0.0038 41 38 177 142
N0 0.0031 148 46 169 123
C2 0.0027 79 55 99 94
Q0 0.0027 5 -5 220 166
C2 0.0022 133 30 144 40
E2 0.0022 146 47 170 134
Q0 0.0022 170 7 227 118
Q0 0.0018 136 -29 234 97
Q0 0.0018 22 31 212 149
D2 0.0017 12 -6 218 167
C2 0.0015 131 35 152 142
Q0 0.0014 1 -17 227 85
Q0 0.0013 185 22 229 133
C2 0.0012 127 38 146 59
B2 0.0011 212 6 229 78
Q0 0.0011 1 125 229 167
Q0 0.0011 68 -29 166 -3
Q0 0.0010 44 48 99 138
Q0 0.0010 198 12 230 113
C2 0.0010 154 -29 174 -18
