D2 0.2800 141 89 308 193
D2 0.2684 47 189 246 291
G3 0.1329 205 86 284 128
A3 0.1214 136 90 310 193
B2 0.1003 48 190 245 291
B2 0.0931 140 89 310 192
A3 0.0916 22 88 160 155
A3 0.0867 46 191 251 289
B2 0.0775 205 86 288 129
E3 0.0521 13 86 312 292
A3 0.0488 125 147 219 200
A3 0.0286 205 86 288 129
A3 0.0265 10 84 343 220
C3 0.0255 125 147 218 201
C2 0.0245 282 288 356 299
F2 0.0204 20 87 159 155
A3 0.0194 21 84 264 155
D2 0.0187 73 140 237 224
C2 0.0178 78 180 161 222
G3 0.0157 18 86 310 185
A3 0.0146 73 143 231 225
D2 0.0143 77 169 169 223
C3 0.0137 283 287 352 299
E3 0.0127 43 185 254 290
A3 0.0125 77 169 169 223
C3 0.0120 21 89 158 156
C3 0.0113 77 170 168 223
E3 0.0111 14 87 312 193
E0 0.0103 283 287 352 299
D2 0.0103 31 85 258 156
F2 0.0101 23 86 285 217
G3 0.0098 205 88 275 119
B2 0.0090 25 85 260 157
H3 0.0090 284 287 352 298
A3 0.0090 10 85 165 270
D2 0.0078 205 86 289 128
C3 0.0073 158 87 184 111
A3 0.0072 68 96 306 208
A3 0.0072 44 90 247 226
A3 0.0068 114 145 267 200
Q0 0.0066 293 140 400 296
C2 0.0066 202 86 285 128
E2 0.0065 26 85 263 224
C2 0.0061 127 147 213 198
B2 0.0058 26 84 274 218
F2 0.0058 82 188 240 286
C3 0.0058 75 142 244 225
F2 0.0058 11 85 329 163
C3 0.0057 148 89 305 193
F2 0.0055 18 81 159 254
B2 0.0054 85 205 226 287
A3 0.0053 108 87 253 174
E2 0.0045 110 144 262 202
K0 0.0042 273 281 353 299
C3 0.0042 95 144 258 203
Q0 0.0038 19 85 316 173
C3 0.0035 47 195 232 290
G3 0.0032 334 -34 375 27
B2 0.0027 269 -50 308 -32
C2 0.0025 264 -49 302 -31
A3 0.0021 48 141 170 239
K0 0.0021 129 86 301 181
D2 0.0021 267 -49 304 -32
Q0 0.0019 6 54 334 289
E3 0.0019 -2 170 65 296
A3 0.0016 -3 76 313 160
A3 0.0016 145 189 243 267
Q0 0.0016 304 67 399 302
G3 0.0016 190 281 385 348
E3 0.0016 7 73 323 228
G3 0.0016 207 88 258 115
Q0 0.0015 8 79 348 198
E2 0.0015 60 161 218 272
C2 0.0014 61 223 129 275
C3 0.0014 22 110 148 157
D2 0.0013 199 106 306 192
F2 0.0012 21 93 156 198
C3 0.0012 0 96 192 280
E2 0.0012 85 138 286 228
Q0 0.0012 104 -35 292 24
A3 0.0012 75 84 322 175
D2 0.0012 65 137 253 250
Q0 0.0011 59 -10 334 44
H3 0.0011 281 278 353 298
C3 0.0011 189 113 304 193
A3 0.0010 211 315 381 349
