B2 0.2384 99 6 947 474
D2 0.1443 93 5 929 481
D2 0.0771 217 56 1063 755
E2 0.0671 32 -60 1215 759
D2 0.0451 108 -95 1147 809
Q0 0.0348 0 -43 1022 728
R0 0.0231 654 287 1025 734
E2 0.0205 70 -21 972 452
Q0 0.0202 92 -8 938 462
Q0 0.0176 652 275 1025 728
Q0 0.0174 329 138 1024 730
D2 0.0103 323 115 896 749
B2 0.0101 20 -15 1037 620
R0 0.0085 325 131 1026 732
C3 0.0033 317 173 998 732
Q0 0.0029 1 32 69 640
G3 0.0026 427 662 1054 888
D1 0.0024 622 2 1025 326
Q0 0.0023 -3 39 139 634
F2 0.0023 619 1 1024 315
B2 0.0022 391 -16 929 399
R0 0.0019 846 209 1027 724
E2 0.0018 -30 -135 952 955
A3 0.0017 1 56 36 613
K0 0.0015 1 45 32 588
N0 0.0015 323 6 1019 731
Q0 0.0012 638 24 1023 725
Q0 0.0011 -32 479 544 720
R0 0.0011 768 286 1020 771
K0 0.0011 0 50 28 466
R0 0.0010 24 514 507 724
Q0 0.0010 1 50 216 651
