D2 0.4614 6 281 654 779
D2 0.2915 38 659 481 854
B2 0.2706 179 68 451 216
D2 0.1329 179 68 453 216
D2 0.1325 -21 455 661 855
A3 0.0971 179 68 455 216
D2 0.0824 351 404 592 655
C2 0.0728 37 659 478 853
D2 0.0604 -55 483 666 744
E2 0.0493 33 657 486 854
D2 0.0488 11 596 663 850
D2 0.0401 107 265 601 706
G3 0.0365 182 77 414 200
C2 0.0291 377 442 532 621
D2 0.0200 105 271 563 569
D2 0.0162 114 275 409 561
D2 0.0143 301 399 659 737
Q0 0.0116 -55 7 481 212
Q0 0.0111 -86 0 524 85
D2 0.0101 98 386 703 747
Q0 0.0080 48 4 856 234
G3 0.0076 118 909 623 1021
Q0 0.0069 -105 -1 708 110
Q0 0.0059 -129 2 759 191
K0 0.0055 90 906 690 1027
Q0 0.0054 24 2 840 157
D2 0.0053 -13 530 561 760
C3 0.0051 350 407 601 611
C2 0.0048 414 411 577 543
D2 0.0045 481 408 595 606
F2 0.0043 123 0 1001 242
Q0 0.0040 37 39 453 216
F2 0.0039 170 65 454 219
Q0 0.0038 160 47 767 235
E2 0.0037 114 277 378 562
C2 0.0037 110 554 495 650
R0 0.0037 153 42 570 483
Q0 0.0032 -220 -2 494 236
G3 0.0031 168 73 889 242
Q0 0.0030 -27 4 418 60
D2 0.0028 57 632 233 720
Q0 0.0028 -208 3 502 108
G3 0.0026 6 898 458 1020
G3 0.0025 126 922 852 1025
G3 0.0025 239 944 888 1027
F2 0.0022 109 272 579 578
K0 0.0021 138 911 320 1024
Q0 0.0021 -23 144 654 906
C3 0.0020 140 909 309 1025
D2 0.0020 304 524 655 726
B2 0.0019 116 67 447 283
G3 0.0018 122 883 1092 1027
G3 0.0017 4 881 307 1016
C2 0.0016 182 553 484 620
F2 0.0016 25 59 451 219
Q0 0.0016 340 17 406 52
Q0 0.0015 141 64 449 220
D2 0.0015 303 592 643 739
D2 0.0015 623 940 884 1025
K0 0.0015 0 971 152 1026
C3 0.0014 487 411 592 607
B2 0.0014 514 508 589 606
B2 0.0014 219 551 419 579
B2 0.0013 179 60 472 323
G3 0.0013 91 62 449 218
D2 0.0013 10 204 693 988
K0 0.0012 117 268 314 571
B2 0.0012 471 479 545 567
A3 0.0012 93 905 606 1020
D2 0.0012 130 53 851 517
C2 0.0012 0 623 83 785
B2 0.0012 132 908 495 1026
K0 0.0012 135 911 500 1024
B2 0.0011 475 481 543 534
C3 0.0011 477 483 542 533
D2 0.0011 -90 53 474 224
C2 0.0011 166 76 403 193
L0 0.0011 101 -13 1069 252
Q0 0.0010 158 63 787 469
G3 0.0010 69 870 715 1025
D2 0.0010 0 550 454 795
D2 0.0010 36 672 447 792
