D2 0.3936 248 74 386 200
B2 0.2621 97 8 322 108
B2 0.1527 80 13 323 170
F2 0.0798 4 5 385 200
D2 0.0550 93 8 325 108
A3 0.0447 25 5 298 169
C3 0.0368 249 73 389 199
F2 0.0267 68 18 337 189
D2 0.0231 2 6 386 201
F2 0.0197 60 53 404 201
B2 0.0151 26 27 289 164
C2 0.0104 263 64 323 107
F2 0.0080 100 9 318 106
Q0 0.0078 -1 2 402 202
D2 0.0070 104 72 408 201
B2 0.0062 21 70 288 180
Q0 0.0029 100 14 322 133
Q0 0.0028 58 11 342 181
F2 0.0026 249 54 385 202
D2 0.0023 197 72 373 205
F2 0.0022 35 63 300 166
F2 0.0021 -1 20 273 192
C3 0.0019 282 107 383 198
B2 0.0015 5 72 226 194
D2 0.0015 229 76 344 202
D2 0.0014 320 117 343 156
A3 0.0012 191 68 379 204
F2 0.0011 5 52 226 191
C2 0.0010 264 66 307 102
