D2 0.9586 43 84 277 315
D2 0.7925 297 279 467 460
B2 0.7659 296 279 468 462
D2 0.6399 0 98 108 465
C3 0.0511 296 280 467 462
C3 0.0363 228 341 343 393
D2 0.0319 12 224 276 427
C3 0.0174 413 217 543 304
C0 0.0123 433 338 562 376
J0 0.0113 274 34 641 476
C0 0.0081 431 318 555 379
C3 0.0061 384 230 433 290
D2 0.0057 0 32 642 475
C3 0.0057 454 319 574 381
D2 0.0032 0 198 9 363
D2 0.0030 192 38 605 319
C3 0.0028 495 339 568 375
D2 0.0024 10 290 279 419
B2 0.0024 -1 38 643 474
C2 0.0022 417 204 542 305
D2 0.0017 -1 116 19 456
C3 0.0016 439 337 565 376
J0 0.0014 30 36 636 477
C3 0.0011 346 202 542 305
D2 0.0011 228 339 339 393
