D2 0.2788 -2 192 522 702
D2 0.1306 15 198 511 547
C0 0.0649 271 14 513 378
D2 0.0589 3 276 368 932
A2 0.0469 271 15 513 379
C2 0.0208 62 635 142 852
A0 0.0149 103 -2 492 268
K0 0.0136 122 0 510 286
K0 0.0124 213 0 511 364
D2 0.0118 0 307 444 741
C0 0.0111 111 -3 483 273
D2 0.0098 61 573 160 900
A3 0.0096 102 -2 491 270
C3 0.0091 366 -1 457 92
D2 0.0076 5 343 214 907
N0 0.0070 63 620 152 866
B2 0.0067 0 254 514 847
E2 0.0065 7 355 194 893
C3 0.0061 106 -4 474 264
D2 0.0055 -6 324 405 574
R0 0.0051 7 475 511 1037
P0 0.0050 99 -6 478 266
D2 0.0049 13 198 468 414
C3 0.0048 307 22 394 93
C0 0.0047 151 -12 512 409
E2 0.0043 62 595 159 899
E3 0.0043 3 787 192 1012
C0 0.0041 182 -2 489 94
D2 0.0038 8 356 344 721
E3 0.0036 -28 757 218 1022
Q0 0.0033 100 2 505 273
Q0 0.0031 7 162 506 998
B2 0.0029 8 356 397 907
D2 0.0027 36 444 165 896
C3 0.0023 0 779 188 1023
C0 0.0022 435 -1 510 81
D2 0.0020 6 362 325 598
E3 0.0018 6 459 505 1015
G3 0.0017 73 881 537 1028
C0 0.0017 279 20 340 67
C2 0.0016 0 974 117 1024
D2 0.0016 107 268 502 501
R0 0.0015 62 718 511 1010
C2 0.0015 2 836 154 1013
D2 0.0015 12 409 197 660
D2 0.0015 11 369 287 501
G0 0.0014 100 0 510 368
E3 0.0013 -3 799 484 1024
C0 0.0013 167 1 417 84
E2 0.0011 8 368 282 553
R0 0.0011 81 793 457 1026
D2 0.0011 5 162 495 919
N0 0.0011 273 25 511 379
E2 0.0010 14 403 198 670
C2 0.0010 178 103 267 175
C3 0.0010 434 0 510 80
E3 0.0010 -136 802 254 1041
C0 0.0010 354 17 514 376
C0 0.0010 277 -1 504 92
