D2 0.3963 279 66 513 555
D2 0.2246 25 144 354 924
D2 0.0947 -28 -43 358 1001
C3 0.0246 283 111 508 567
B2 0.0179 426 75 512 458
A3 0.0157 425 74 511 457
D2 0.0138 357 70 512 480
C3 0.0134 427 74 512 458
D2 0.0133 59 115 228 760
D2 0.0131 6 23 232 939
D2 0.0123 29 142 280 770
K0 0.0112 424 73 510 443
D2 0.0110 164 683 328 880
C3 0.0107 162 683 328 880
D2 0.0098 83 -1 346 819
E2 0.0093 26 45 215 898
D2 0.0062 425 75 511 458
C2 0.0057 163 686 312 866
D2 0.0036 19 241 190 904
C2 0.0030 430 121 511 387
E2 0.0028 55 -48 404 983
D2 0.0025 -8 32 466 912
E3 0.0024 -7 828 483 1019
E2 0.0022 136 679 341 892
K0 0.0018 426 70 510 317
Q0 0.0017 280 56 515 563
C2 0.0017 425 75 511 272
D2 0.0016 142 59 522 714
C3 0.0015 456 268 511 449
B2 0.0014 52 32 209 724
C3 0.0013 433 132 510 382
E3 0.0012 2 706 491 1022
M0 0.0011 -12 894 441 1027
