D2 0.2286 30 56 185 162
D2 0.2091 44 93 198 160
B2 0.1725 24 87 198 158
E2 0.1109 33 66 183 160
C2 0.0953 49 64 86 99
C2 0.0722 67 1 107 54
D2 0.0492 9 80 211 160
C2 0.0279 45 92 198 159
C3 0.0261 68 1 106 54
L0 0.0258 29 61 195 159
G3 0.0219 29 61 194 159
G3 0.0175 67 0 107 58
P0 0.0163 67 -1 106 58
B1 0.0160 67 0 105 57
E2 0.0147 49 63 87 100
K0 0.0124 68 -1 105 58
D2 0.0123 49 63 86 100
G3 0.0096 65 -2 111 81
O0 0.0093 68 -1 106 57
B1 0.0090 153 -1 224 45
D2 0.0077 67 0 105 57
C3 0.0060 153 -1 222 44
E3 0.0051 152 0 220 47
E2 0.0041 -1 72 221 161
P0 0.0031 153 0 223 44
Q0 0.0030 61 0 226 57
Q0 0.0029 58 0 226 101
C2 0.0024 54 72 85 100
Q0 0.0024 2 -1 226 163
G3 0.0023 61 0 224 53
L0 0.0021 37 -2 177 95
C2 0.0021 162 0 218 31
Q0 0.0019 28 64 203 161
E3 0.0019 40 -3 133 97
G3 0.0018 61 0 135 60
G3 0.0018 141 0 221 45
B0 0.0018 59 0 228 95
L0 0.0017 3 -3 224 164
D2 0.0017 16 28 208 168
A3 0.0016 152 0 223 45
C3 0.0016 63 91 198 159
P0 0.0014 64 -7 111 99
E2 0.0014 32 62 87 139
G3 0.0012 24 -3 203 94
Q0 0.0011 93 32 226 98
C3 0.0011 165 0 219 33
