B2 0.2649 84 17 531 291
A3 0.1134 366 139 741 488
B2 0.0502 115 14 550 426
D2 0.0486 262 47 575 447
B2 0.0407 262 39 573 448
D2 0.0326 382 145 740 485
M0 0.0307 69 16 759 494
C3 0.0269 372 141 734 493
D2 0.0224 73 19 751 492
D2 0.0213 112 44 503 441
G3 0.0171 73 10 779 495
O0 0.0161 64 12 764 497
A3 0.0112 285 -2 744 498
E0 0.0088 463 159 781 504
Q0 0.0078 75 24 749 491
K0 0.0069 299 20 735 517
D2 0.0057 170 82 431 447
C3 0.0048 460 155 774 512
D2 0.0046 267 129 426 441
G3 0.0046 74 25 637 375
G3 0.0045 78 29 555 295
A2 0.0043 468 206 777 499
K0 0.0043 275 110 544 445
C2 0.0031 358 170 473 366
K0 0.0030 341 140 539 476
K0 0.0027 427 59 579 183
C2 0.0027 415 104 565 194
Q0 0.0026 77 20 719 327
D2 0.0026 270 165 378 436
C2 0.0026 437 69 581 178
Q0 0.0026 375 157 797 495
Q0 0.0026 80 29 546 295
K0 0.0025 320 78 601 485
G3 0.0024 140 123 395 236
G3 0.0024 414 91 573 192
K0 0.0023 569 154 740 255
A3 0.0023 157 -87 800 553
K0 0.0023 271 136 466 441
B2 0.0019 184 28 584 310
D2 0.0019 308 -2 619 496
B2 0.0019 449 70 581 173
C3 0.0019 271 180 405 436
E3 0.0018 4 258 365 485
K0 0.0018 379 121 731 405
D2 0.0017 466 146 785 511
C3 0.0017 415 100 572 193
G3 0.0016 175 95 413 220
B2 0.0014 83 87 432 290
C2 0.0014 273 220 354 373
K0 0.0014 493 153 726 262
K0 0.0013 0 309 33 498
Q0 0.0012 22 249 323 475
C2 0.0011 525 171 686 268
D2 0.0011 414 142 728 393
C3 0.0011 375 142 592 496
B2 0.0011 222 2 615 391
C3 0.0010 755 276 800 568
B2 0.0010 505 70 578 118
B2 0.0010 227 22 510 250
G3 0.0010 103 129 369 257
