D2 0.1414 -22 5 398 839
D2 0.1361 377 60 747 812
R0 0.1194 223 755 744 999
Q0 0.0810 220 762 739 995
E2 0.0396 1 114 388 935
C3 0.0189 617 710 728 820
C2 0.0185 616 710 728 818
C2 0.0184 381 122 740 816
Q0 0.0182 -11 -6 405 904
C3 0.0133 695 686 751 751
C3 0.0115 375 82 727 833
Q0 0.0114 376 -3 754 805
D2 0.0077 3 258 383 895
D2 0.0069 69 -214 528 1044
E2 0.0055 85 174 308 764
D2 0.0051 101 -148 433 971
E2 0.0049 -134 -378 822 1202
Q0 0.0049 -26 784 268 998
Q0 0.0048 207 603 758 1006
D2 0.0048 511 275 595 451
D2 0.0046 345 -4 548 305
Q0 0.0043 364 0 736 322
D2 0.0042 1 -4 757 919
D2 0.0042 365 -155 703 925
R0 0.0041 431 861 500 964
C2 0.0037 293 2 383 127
D2 0.0037 379 -1 722 321
B2 0.0036 333 -1 547 309
Q0 0.0029 -128 722 287 1030
Q0 0.0028 -9 2 756 968
C3 0.0027 348 -162 688 1003
E2 0.0025 -20 -228 380 984
F3 0.0023 -38 807 257 998
E2 0.0023 83 -186 511 1071
R0 0.0021 452 878 544 924
G3 0.0021 740 900 800 1006
C3 0.0019 325 -1 544 307
E2 0.0018 308 -2 544 310
C3 0.0018 1 796 265 1000
C3 0.0017 211 748 786 1006
Q0 0.0017 226 622 751 896
C3 0.0017 705 606 750 711
C3 0.0015 698 600 750 772
Q0 0.0015 129 -3 765 325
D2 0.0013 10 -18 392 556
D2 0.0012 88 0 439 144
Q0 0.0011 -3 -3 713 257
D2 0.0010 393 -7 754 614
