D2 0.7315 442 218 692 464
D2 0.6758 509 128 725 310
C2 0.5776 509 127 725 308
C2 0.5757 446 217 692 462
D2 0.5679 201 250 446 494
E2 0.5179 203 249 451 494
D2 0.5092 206 61 414 230
E2 0.4965 281 143 514 324
D2 0.4651 281 143 513 325
D2 0.4376 80 156 287 374
E2 0.4115 81 155 290 373
E2 0.3957 206 60 416 231
E2 0.3198 444 218 696 464
C2 0.2171 203 246 445 492
C2 0.1935 281 141 512 321
C2 0.1547 205 60 413 227
E2 0.1443 508 128 730 310
C2 0.0184 508 135 703 257
E2 0.0089 226 111 744 377
E2 0.0053 278 122 636 346
C2 0.0016 539 141 712 286
C2 0.0013 298 149 490 267
C2 0.0011 560 130 681 163
E2 0.0010 196 55 360 247
D2 0.0010 12 -33 795 481
