D2 0.1308 84 29 398 424
D2 0.0903 234 100 400 494
D2 0.0774 53 5 369 558
D2 0.0470 125 61 409 517
D2 0.0336 102 88 343 551
D2 0.0230 70 107 228 593
F2 0.0225 91 60 356 706
D2 0.0191 178 142 305 505
D2 0.0178 68 26 280 571
D2 0.0163 125 113 239 513
D2 0.0160 133 208 224 498
D2 0.0139 80 134 369 633
E0 0.0096 253 108 401 474
D2 0.0092 98 6 350 732
D2 0.0074 151 73 330 494
F2 0.0062 117 153 376 631
D2 0.0056 169 26 317 654
D2 0.0031 123 208 237 582
D2 0.0026 76 245 222 560
D2 0.0023 108 37 393 296
C2 0.0019 136 284 216 480
C2 0.0019 261 286 334 465
B2 0.0016 78 323 155 551
D2 0.0013 349 495 484 594
D2 0.0012 78 277 154 559
D2 0.0011 259 54 396 409
