D2 0.3667 110 54 687 448
D2 0.3629 63 109 341 330
D2 0.0907 394 168 654 469
D2 0.0688 59 105 387 450
D2 0.0656 176 131 709 478
B2 0.0437 131 72 675 462
D2 0.0196 27 85 538 460
C3 0.0069 62 114 327 328
D2 0.0054 147 54 757 341
C3 0.0052 205 198 619 483
C3 0.0049 356 168 654 468
D2 0.0041 25 108 475 361
C3 0.0029 673 308 740 375
B2 0.0028 60 107 421 449
B2 0.0019 387 170 655 471
D2 0.0016 294 38 733 446
B1 0.0016 668 388 791 639
K0 0.0015 65 129 253 328
C3 0.0015 65 143 238 327
B2 0.0014 674 304 739 374
K0 0.0014 71 105 338 315
D2 0.0013 378 57 746 390
N0 0.0013 563 224 651 459
D2 0.0013 317 126 673 458
C3 0.0010 630 231 738 359
Q0 0.0010 60 114 343 420
