D2 0.4232 122 16 342 108
D2 0.2896 93 92 287 366
D2 0.2448 131 93 391 185
D2 0.1365 126 64 368 123
E2 0.0964 43 107 293 347
D2 0.0867 88 80 384 246
D2 0.0755 116 9 222 106
D2 0.0725 230 165 397 224
D2 0.0676 63 101 209 334
B2 0.0555 116 11 342 109
D2 0.0553 66 65 398 304
D2 0.0536 26 4 396 375
E2 0.0523 107 102 281 374
E2 0.0476 66 61 395 313
C2 0.0471 45 99 294 348
D2 0.0289 37 97 145 236
D2 0.0208 39 4 263 202
E2 0.0197 44 9 414 423
D2 0.0194 33 8 390 240
D2 0.0193 79 93 394 382
E2 0.0165 118 84 420 236
E2 0.0141 231 165 394 224
C2 0.0126 283 336 317 371
D2 0.0121 283 336 317 372
C2 0.0116 238 0 296 20
D2 0.0113 218 83 393 228
D1 0.0103 143 0 337 37
D2 0.0099 132 8 244 96
C2 0.0094 67 114 229 330
D2 0.0088 162 17 340 87
D2 0.0086 134 10 222 67
E2 0.0079 201 85 397 229
E2 0.0074 31 3 243 198
D2 0.0063 123 60 365 187
C2 0.0061 38 98 147 238
J0 0.0058 148 0 336 36
E2 0.0053 147 0 336 37
D2 0.0050 148 0 345 36
C2 0.0047 0 335 15 376
Q0 0.0044 148 0 345 37
D2 0.0036 0 334 15 376
B2 0.0035 239 0 293 19
D2 0.0034 122 49 400 223
C3 0.0033 148 0 341 36
E0 0.0031 145 0 347 35
E2 0.0026 103 5 329 109
C3 0.0025 384 -1 400 31
E2 0.0022 38 97 125 238
E2 0.0021 116 9 218 106
K0 0.0020 148 0 318 25
C3 0.0018 150 0 176 15
D2 0.0018 224 18 339 85
B2 0.0017 283 335 318 370
H3 0.0016 149 -4 345 39
C3 0.0016 282 1 345 36
F2 0.0015 113 12 352 108
C3 0.0015 19 165 81 285
E2 0.0014 -9 -30 349 243
E2 0.0013 62 93 169 335
H3 0.0012 279 0 345 36
Q0 0.0012 272 255 395 376
D2 0.0012 141 132 285 376
Q0 0.0011 36 102 145 237
Q0 0.0011 16 89 337 379
D2 0.0011 22 34 297 228
D2 0.0011 120 2 329 87
C2 0.0010 0 230 19 317
C2 0.0010 38 141 70 232
