D2 0.6142 184 -1 361 143
C2 0.4820 186 -2 361 139
D2 0.3647 44 193 242 286
D2 0.3624 70 75 254 198
D2 0.2446 29 121 257 254
E2 0.2268 180 -2 365 142
D2 0.1564 32 76 261 281
D2 0.1488 39 149 246 291
C2 0.1146 43 195 246 285
E2 0.0843 39 65 263 301
D2 0.0517 123 286 309 356
E2 0.0470 35 135 247 292
D2 0.0396 76 79 230 164
D2 0.0343 88 106 250 203
D2 0.0234 172 98 223 128
E2 0.0133 47 78 255 237
D2 0.0115 79 79 221 138
Q0 0.0114 11 -2 211 89
G3 0.0113 0 236 312 358
C3 0.0095 132 286 307 357
D2 0.0074 43 284 333 359
C2 0.0074 188 157 254 211
C2 0.0070 125 287 309 357
H3 0.0069 2 0 364 357
D2 0.0057 -4 269 351 354
E2 0.0056 47 199 239 292
B2 0.0055 173 98 222 128
D2 0.0052 4 0 361 355
C2 0.0050 40 137 109 176
Q0 0.0049 234 119 364 355
Q0 0.0047 266 122 363 278
Q0 0.0046 0 233 310 358
D2 0.0037 71 157 129 178
D2 0.0036 181 148 256 212
E2 0.0034 59 76 239 199
Q0 0.0034 5 0 362 360
J0 0.0034 127 286 311 357
Q0 0.0033 182 0 361 139
R0 0.0032 1 232 315 359
D2 0.0030 43 137 110 175
Q0 0.0029 28 76 266 290
E2 0.0026 76 78 219 138
A3 0.0025 -11 272 347 358
C3 0.0024 6 281 342 359
C3 0.0023 181 149 256 212
D2 0.0023 337 0 362 88
C2 0.0022 126 116 219 184
C2 0.0021 168 131 245 194
D2 0.0021 3 230 300 357
Q0 0.0020 0 235 170 354
Q0 0.0020 143 284 312 355
E2 0.0019 20 190 266 361
D2 0.0017 71 119 96 142
Q0 0.0016 178 0 366 361
C2 0.0014 334 0 363 92
D2 0.0014 40 -1 203 101
B2 0.0014 1 232 195 359
C2 0.0013 119 143 200 192
D2 0.0013 115 137 192 191
D2 0.0012 292 -1 362 21
C2 0.0012 355 -18 363 116
D2 0.0012 0 168 322 357
E3 0.0011 233 132 363 367
D2 0.0011 254 0 361 15
C2 0.0011 -4 283 371 361
B2 0.0011 0 232 48 348
D2 0.0011 90 158 126 176
Q0 0.0010 0 -1 315 88
C3 0.0010 0 232 51 287
B2 0.0010 0 229 49 305
Q0 0.0010 0 99 83 262
D2 0.0010 176 -4 364 349
D2 0.0010 141 78 179 106
