D2 0.3581 172 109 657 426
D2 0.0753 177 128 647 309
B2 0.0533 160 152 679 406
E2 0.0137 133 145 653 374
D2 0.0088 199 134 566 228
D2 0.0062 165 164 574 292
D2 0.0061 55 150 696 403
D2 0.0044 504 156 680 406
D2 0.0030 1 -132 208 284
E2 0.0027 141 177 584 293
D2 0.0024 293 153 682 412
K0 0.0024 500 157 682 405
B2 0.0024 341 155 670 407
O0 0.0021 1 -158 183 280
Q0 0.0017 63 127 708 404
B2 0.0015 215 178 610 393
C3 0.0013 507 164 660 407
B2 0.0013 496 162 673 406
B2 0.0010 63 277 369 364
D2 0.0010 57 275 423 359
