D2 0.4281 -2 515 396 872
D2 0.3915 49 3 417 675
D2 0.3327 56 569 539 971
C2 0.1118 252 233 359 375
E2 0.1000 42 540 541 978
D2 0.0865 -60 328 577 898
D2 0.0863 252 233 358 376
E2 0.0731 0 506 403 878
B2 0.0676 2 519 398 870
D2 0.0503 206 238 546 669
B2 0.0452 52 598 532 974
D2 0.0405 209 298 403 490
D2 0.0281 -11 -2 562 998
C2 0.0240 209 358 371 484
D2 0.0229 199 140 403 559
D2 0.0225 152 288 565 743
C2 0.0211 374 472 537 635
E2 0.0206 -60 239 570 948
B2 0.0193 253 232 357 378
D2 0.0145 54 19 271 666
E2 0.0141 248 225 361 383
D2 0.0125 380 464 542 647
D2 0.0116 343 368 455 661
D2 0.0109 340 338 548 668
C2 0.0106 78 117 132 195
C3 0.0095 6 529 404 873
D2 0.0091 10 420 559 984
D2 0.0063 210 274 434 548
D2 0.0062 78 116 132 196
K0 0.0048 55 26 232 664
D2 0.0044 140 33 431 542
D1 0.0041 521 920 890 1020
C0 0.0040 559 911 885 1020
D2 0.0038 79 0 413 431
D2 0.0033 0 263 640 815
B2 0.0028 330 295 405 411
C2 0.0027 214 384 345 481
C3 0.0024 333 295 405 411
B2 0.0022 209 325 388 494
C2 0.0022 343 348 428 699
C2 0.0022 212 388 297 483
G3 0.0021 331 297 405 412
E2 0.0019 54 8 221 659
B2 0.0015 78 117 132 195
D0 0.0013 -24 947 780 1024
C2 0.0012 221 420 355 603
C2 0.0012 383 470 507 591
B2 0.0012 424 488 540 644
Q0 0.0011 55 0 400 649
D2 0.0011 230 149 405 438
D1 0.0011 499 926 834 979
B1 0.0011 561 923 886 1012
F3 0.0011 -7 943 798 1023
C0 0.0010 522 934 858 1024
D2 0.0010 421 511 537 646
E2 0.0010 51 67 182 625
