D2 0.5047 447 360 725 616
D2 0.4696 186 327 469 583
D2 0.4678 406 174 665 411
D2 0.4589 173 120 446 350
D2 0.4470 642 320 890 572
E2 0.4164 641 319 893 572
E2 0.3584 407 173 670 411
E2 0.3468 14 301 244 538
E2 0.3295 189 327 473 582
E2 0.2850 448 360 725 618
D2 0.2699 13 301 243 540
E2 0.2252 175 120 447 350
C2 0.0937 187 323 468 581
G3 0.0057 439 625 907 770
E2 0.0051 336 142 940 611
F2 0.0051 450 640 786 741
F3 0.0050 430 649 906 768
E2 0.0049 402 230 910 585
E2 0.0035 357 125 871 501
E2 0.0034 67 67 770 677
E2 0.0030 519 312 896 579
B1 0.0023 434 596 901 780
E2 0.0017 19 310 216 464
E2 0.0017 -7 123 452 566
F2 0.0017 447 627 884 766
B0 0.0016 0 70 917 621
L0 0.0014 2 7 909 615
E2 0.0014 408 149 788 426
