D2 0.7122 647 124 940 377
D2 0.6650 221 252 556 572
E2 0.6286 352 125 649 373
D2 0.6120 350 125 649 376
D2 0.5753 546 304 849 584
E2 0.5726 225 250 562 572
D2 0.5379 85 140 357 421
E2 0.5206 84 139 361 421
C2 0.5020 647 123 939 375
E2 0.5001 646 123 943 377
E2 0.4504 547 305 851 584
C2 0.3201 350 126 645 372
C2 0.2945 87 137 355 420
C2 0.2686 226 247 555 570
C2 0.1433 544 305 847 584
E2 0.0031 101 143 357 291
E2 0.0026 235 266 441 571
E2 0.0018 319 241 549 355
E2 0.0018 91 142 253 423
C2 0.0016 363 133 614 292
Q0 0.0013 92 154 351 426
O0 0.0013 82 151 360 414
E2 0.0013 551 306 705 584
E2 0.0012 649 126 825 341
E2 0.0011 320 181 624 370
