C2 0.4136 310 79 392 156
D2 0.3593 310 79 392 156
D2 0.3160 289 136 400 325
C2 0.1024 289 138 399 329
C2 0.0762 0 300 60 382
D2 0.0639 260 0 401 156
D2 0.0606 0 300 60 381
D2 0.0533 122 11 307 386
E2 0.0486 122 7 306 380
C2 0.0455 0 305 49 369
C2 0.0432 91 0 134 42
C3 0.0430 287 135 400 331
D2 0.0265 2 -1 383 395
A0 0.0241 1 -1 377 396
C2 0.0227 265 0 398 161
E2 0.0204 68 41 440 416
D2 0.0184 312 0 398 155
E2 0.0164 262 -1 396 163
D2 0.0134 93 1 135 42
E2 0.0114 62 -58 322 402
D2 0.0114 206 -4 408 334
Q0 0.0107 -4 4 410 403
D2 0.0103 0 68 148 462
Q0 0.0102 288 291 402 397
E2 0.0101 106 -17 357 461
E2 0.0095 307 78 394 158
E2 0.0093 286 104 402 331
E2 0.0091 123 110 349 420
D2 0.0083 44 -21 328 344
B2 0.0081 92 0 132 42
H3 0.0075 1 3 383 403
N0 0.0070 57 0 398 390
E2 0.0069 51 -62 457 505
Q0 0.0061 279 258 404 418
Q0 0.0057 262 1 399 156
C2 0.0055 79 68 125 102
D2 0.0055 113 15 401 399
C3 0.0052 127 101 306 353
C3 0.0051 250 285 334 401
D2 0.0046 -17 -31 249 440
B2 0.0045 -4 -45 240 438
F2 0.0041 9 -13 337 331
B2 0.0041 0 18 151 440
E2 0.0034 -40 -48 242 438
D2 0.0032 252 286 334 399
C2 0.0032 261 0 344 84
F2 0.0029 -10 -78 249 445
E2 0.0029 2 79 145 453
E2 0.0029 164 107 419 386
E2 0.0029 -31 -88 385 432
D2 0.0027 271 21 408 365
E2 0.0026 77 -4 364 154
F2 0.0026 43 -34 330 233
F2 0.0025 109 -2 343 133
D2 0.0024 217 -5 322 166
Q0 0.0022 288 138 400 321
D2 0.0022 161 -46 432 360
E2 0.0022 1 299 73 401
F2 0.0021 -31 -40 207 342
F2 0.0021 81 0 284 59
C2 0.0021 248 42 315 116
E2 0.0021 204 9 400 176
D2 0.0021 12 127 170 422
E2 0.0020 222 8 321 165
C2 0.0020 254 351 297 398
C3 0.0019 72 0 288 60
C3 0.0019 176 284 332 399
E2 0.0019 76 75 314 367
E3 0.0019 275 270 415 407
C2 0.0018 311 82 367 145
B2 0.0018 145 0 285 55
D2 0.0017 229 28 322 136
F2 0.0017 -13 134 262 419
F2 0.0017 35 0 239 36
E2 0.0016 7 -20 152 398
E2 0.0014 69 -85 421 378
E2 0.0013 0 369 76 400
E2 0.0013 118 -59 346 264
F2 0.0013 25 -1 245 69
B0 0.0013 104 -2 398 374
C2 0.0013 78 68 130 119
F2 0.0012 47 -12 387 176
F2 0.0012 61 0 217 51
C2 0.0012 18 382 79 399
E2 0.0012 0 296 116 401
B2 0.0011 -1 135 189 421
E2 0.0011 263 0 344 83
C3 0.0011 130 0 282 54
F2 0.0011 51 -1 203 82
E2 0.0011 187 -9 327 176
F2 0.0011 0 -44 162 380
C2 0.0010 294 301 332 376
F2 0.0010 51 -4 286 139
F2 0.0010 47 120 192 431
