D2 0.7147 197 302 464 558
D2 0.6922 275 47 564 329
D2 0.6639 56 158 283 382
D2 0.6386 376 587 600 810
D2 0.5911 131 561 351 775
C2 0.5541 377 589 601 809
C2 0.5202 58 159 283 381
C2 0.4152 202 302 465 557
C2 0.4031 279 44 567 325
E2 0.2772 201 303 467 558
E2 0.1555 56 157 284 384
E2 0.1150 275 46 573 332
C2 0.0965 135 560 348 774
E2 0.0928 136 559 348 775
E2 0.0717 376 585 601 813
C2 0.0161 155 565 331 722
D2 0.0050 639 5 680 70
H3 0.0033 -8 -4 684 861
E2 0.0028 12 20 573 515
C2 0.0026 186 570 338 762
D2 0.0022 -9 -7 684 872
C2 0.0020 235 585 341 754
Q0 0.0018 -3 -5 678 869
D2 0.0018 201 565 348 762
E2 0.0016 373 584 516 814
B2 0.0014 632 0 680 69
B2 0.0013 257 611 340 749
E2 0.0013 41 0 336 73
E2 0.0012 26 104 520 461
E2 0.0010 40 0 384 52
