D2 0.2568 174 44 318 181
A2 0.2232 189 -1 319 93
B2 0.1864 21 -5 184 183
B2 0.1473 272 0 320 91
D2 0.1280 18 -5 192 174
E2 0.1248 17 -4 187 182
A2 0.1150 183 0 277 68
B2 0.0826 184 0 277 68
B2 0.0826 174 44 318 180
A2 0.0726 172 42 323 180
A2 0.0667 271 -1 320 91
D2 0.0304 271 -1 320 91
B2 0.0285 273 36 319 90
A2 0.0236 19 -1 190 150
C2 0.0226 274 0 319 35
H3 0.0198 208 13 317 108
L0 0.0184 207 27 320 108
F2 0.0169 21 -2 189 176
E2 0.0167 174 36 321 178
B2 0.0150 181 -1 322 86
A2 0.0136 34 -1 191 99
C3 0.0133 207 29 318 108
B2 0.0102 273 14 320 58
C2 0.0101 274 44 320 91
C2 0.0094 272 15 319 60
G3 0.0092 0 -38 10 65
B2 0.0091 36 0 191 111
B2 0.0088 274 0 319 36
D2 0.0079 273 15 320 60
B2 0.0072 36 77 181 176
D2 0.0062 274 44 320 91
E0 0.0055 208 22 319 108
E2 0.0053 273 0 319 34
G3 0.0048 0 -55 13 84
Q0 0.0047 173 42 319 178
Q0 0.0040 19 0 188 178
E2 0.0039 272 0 319 53
G3 0.0033 87 -1 214 8
D2 0.0031 183 0 320 93
F2 0.0031 183 0 319 90
D2 0.0029 273 0 318 36
B2 0.0028 113 0 209 9
B2 0.0022 294 3 317 91
B2 0.0021 279 0 319 17
E2 0.0020 114 0 208 9
D2 0.0019 184 -1 276 61
E2 0.0018 273 44 319 93
B2 0.0018 275 10 307 35
E2 0.0018 198 39 315 117
E0 0.0017 4 -2 320 180
D2 0.0016 3 -4 320 179
G3 0.0015 103 0 192 8
Q0 0.0015 5 -19 316 171
A2 0.0014 50 0 180 74
Q0 0.0013 0 -49 323 86
A2 0.0012 180 90 313 178
D2 0.0011 2 -51 320 111
B2 0.0010 258 59 277 79
E2 0.0010 184 0 276 64
Q0 0.0010 3 -11 313 45
B2 0.0010 309 34 319 92
