D2 0.2933 30 136 335 626
E2 0.2154 33 157 336 617
Q0 0.0353 24 20 348 593
D2 0.0140 19 33 389 596
D2 0.0050 61 -3 307 462
D2 0.0030 249 124 403 589
E2 0.0029 47 -29 307 482
D2 0.0026 89 113 419 590
F2 0.0024 246 126 402 591
P0 0.0022 220 74 422 538
B2 0.0019 246 94 419 515
E2 0.0019 46 316 334 604
D2 0.0019 5 -118 340 647
B0 0.0016 249 125 404 594
D2 0.0015 -88 219 16 617
N0 0.0015 97 114 417 596
F2 0.0014 21 97 426 589
M0 0.0014 247 128 400 597
F2 0.0013 270 128 399 316
N0 0.0011 235 123 407 595
K0 0.0011 261 106 409 524
R0 0.0011 -90 242 15 610
E3 0.0010 21 22 370 567
B2 0.0010 168 23 254 196
