G0 0.1536 0 -1 500 499
H3 0.1200 0 0 501 501
F0 0.0941 -4 -2 500 497
E0 0.0473 0 0 500 498
C1 0.0269 179 320 498 500
C1 0.0223 97 358 500 499
F3 0.0080 14 387 503 498
C0 0.0080 1 0 194 102
C0 0.0060 3 284 321 498
F2 0.0060 0 396 497 497
C0 0.0052 0 393 497 500
C0 0.0048 183 331 502 501
F3 0.0040 148 358 504 500
F2 0.0031 -3 0 498 119
D2 0.0027 74 131 216 294
C0 0.0026 226 268 499 500
F3 0.0020 2 267 305 500
F2 0.0016 333 348 502 500
J0 0.0014 -5 42 502 501
H3 0.0014 0 0 224 223
C0 0.0014 1 337 426 498
C2 0.0013 223 154 389 334
C0 0.0012 -2 0 295 131
F2 0.0012 -1 0 500 77
