D2 0.4764 138 53 221 213
D2 0.2981 -3 81 175 262
C2 0.1750 139 48 221 217
E2 0.1201 139 52 221 213
C2 0.1106 59 9 114 54
C2 0.0829 191 1 221 59
E2 0.0751 -1 82 170 261
C3 0.0633 61 10 112 57
L0 0.0632 61 10 113 56
I3 0.0607 0 0 27 47
I3 0.0568 60 10 113 56
F0 0.0497 60 10 113 56
B1 0.0491 191 1 221 62
O0 0.0472 0 0 27 48
B3 0.0427 23 0 67 29
O0 0.0387 192 0 220 62
O0 0.0380 22 0 68 28
B0 0.0298 22 0 68 28
B0 0.0293 0 0 27 47
H3 0.0285 60 9 113 56
C2 0.0281 0 0 27 46
P0 0.0278 23 0 67 29
B3 0.0277 0 0 27 48
H3 0.0277 0 26 17 115
N0 0.0260 0 0 28 47
I3 0.0253 0 27 17 113
E2 0.0195 60 9 114 57
P0 0.0168 192 0 220 62
B3 0.0144 191 0 221 62
C2 0.0131 21 0 69 28
M0 0.0117 21 0 68 28
C2 0.0112 -1 30 18 110
L0 0.0107 0 27 17 113
E0 0.0090 0 80 180 272
C3 0.0061 0 30 17 111
B3 0.0054 0 26 17 113
N0 0.0051 0 28 17 113
C3 0.0050 25 0 68 28
C2 0.0049 62 11 111 43
H3 0.0040 1 82 181 272
P0 0.0024 61 10 113 55
D2 0.0023 3 0 221 271
C0 0.0019 66 0 144 20
B3 0.0019 61 10 110 55
M0 0.0017 0 30 18 114
C2 0.0017 111 0 144 20
D2 0.0017 -1 84 160 207
H3 0.0016 4 0 206 271
O0 0.0016 0 28 16 113
N0 0.0016 25 0 68 27
D2 0.0015 22 117 173 275
C3 0.0014 191 14 221 61
C0 0.0013 67 0 113 17
P0 0.0013 170 0 217 40
P0 0.0012 67 0 112 16
B3 0.0012 67 0 116 18
E2 0.0011 1 136 175 273
B1 0.0011 169 0 218 42
C2 0.0010 0 53 17 112
C3 0.0010 54 7 116 73
