D2 0.4639 91 7 247 66
E0 0.2718 59 37 212 124
L0 0.2539 58 35 213 123
D2 0.1949 58 38 210 125
D2 0.1179 60 39 206 94
C2 0.1080 91 6 250 66
C3 0.0725 88 5 250 67
B2 0.0597 264 117 301 169
C2 0.0315 264 117 302 168
C3 0.0193 60 44 213 123
E2 0.0186 264 73 302 169
E2 0.0159 265 116 301 169
E2 0.0157 90 7 232 55
A3 0.0154 264 116 301 168
A3 0.0123 263 73 301 170
C3 0.0059 266 75 302 93
B2 0.0056 263 76 301 169
Q0 0.0049 89 7 250 65
K0 0.0048 60 39 198 91
A3 0.0043 266 76 301 123
H3 0.0036 1 -16 303 166
D2 0.0034 93 7 236 49
C3 0.0032 262 118 302 168
Q0 0.0029 264 75 302 167
G3 0.0025 264 82 302 170
M0 0.0023 74 7 258 72
D2 0.0022 1 -14 299 163
C3 0.0022 61 8 243 82
E0 0.0020 1 -18 298 163
C3 0.0020 86 6 223 53
C2 0.0018 267 75 302 94
C3 0.0016 207 62 231 80
C3 0.0013 60 43 179 96
Q0 0.0013 8 -20 293 145
C3 0.0012 208 62 231 70
D2 0.0012 104 7 231 30
E2 0.0011 267 75 301 137
E2 0.0010 248 89 299 169
