D2 0.5873 53 104 242 288
C2 0.4105 57 100 237 288
C2 0.2412 276 110 297 136
D2 0.2384 276 111 297 135
D2 0.2237 0 52 14 77
D2 0.1889 281 64 301 83
C2 0.1845 281 64 301 83
A2 0.1834 24 27 123 81
D2 0.1680 253 96 279 111
C2 0.1637 24 150 42 170
C2 0.1536 35 70 53 86
E2 0.1523 275 111 297 137
C2 0.1478 0 51 14 77
D2 0.1413 35 70 53 86
D2 0.1292 248 75 271 94
C2 0.1113 0 274 32 303
D2 0.1050 209 54 236 69
C2 0.0986 209 54 237 69
D2 0.0938 15 73 37 92
C2 0.0916 273 203 292 220
D2 0.0864 6 92 34 116
D2 0.0833 284 265 309 286
D2 0.0748 258 50 273 63
C2 0.0745 6 92 34 116
C2 0.0727 236 36 250 50
E2 0.0713 252 96 279 111
D2 0.0713 24 151 42 170
D2 0.0709 10 130 33 147
C2 0.0707 284 265 309 286
E2 0.0671 281 64 301 84
E2 0.0570 257 50 273 63
A2 0.0541 19 67 124 139
D2 0.0541 265 22 283 40
D2 0.0535 266 177 286 200
D2 0.0509 0 150 10 165
C2 0.0499 265 174 287 200
C2 0.0470 257 50 272 63
D2 0.0454 217 14 244 32
C2 0.0450 274 238 298 263
C2 0.0434 265 22 283 40
C2 0.0429 294 218 310 244
E2 0.0422 193 46 206 59
E2 0.0421 208 54 237 69
C2 0.0386 178 25 193 40
E2 0.0383 246 75 271 95
D2 0.0382 11 44 30 62
D2 0.0344 273 203 292 221
D2 0.0309 236 36 250 50
E2 0.0296 220 251 245 273
D2 0.0295 6 32 30 61
C2 0.0293 193 46 206 59
E2 0.0287 236 37 250 50
D2 0.0282 189 8 207 22
E2 0.0271 0 151 10 165
C2 0.0262 220 251 245 272
C2 0.0256 0 241 33 265
E2 0.0244 216 14 246 32
D2 0.0240 267 137 285 152
E2 0.0236 13 70 53 92
D2 0.0232 295 217 310 244
A2 0.0230 23 27 125 124
C2 0.0222 175 76 192 91
E2 0.0217 263 21 284 41
D2 0.0207 19 68 124 137
D2 0.0204 265 171 289 201
C2 0.0203 253 95 279 111
C2 0.0202 247 75 271 94
D2 0.0201 176 76 191 91
E2 0.0189 25 30 116 80
C2 0.0186 184 66 244 100
E2 0.0185 263 169 295 203
C2 0.0175 14 70 54 93
C2 0.0169 76 72 117 103
C2 0.0154 282 249 310 288
E2 0.0153 272 202 310 245
D2 0.0153 297 18 309 34
E2 0.0145 0 51 15 78
E2 0.0143 246 73 284 112
C2 0.0138 194 27 211 45
D2 0.0135 166 37 183 53
D2 0.0132 274 238 298 263
D2 0.0132 295 250 310 271
C2 0.0128 166 37 183 53
C2 0.0123 60 9 74 20
E2 0.0121 60 9 74 20
D2 0.0120 178 25 193 40
C2 0.0120 221 251 235 265
C2 0.0118 295 250 310 271
C2 0.0109 0 189 26 217
E2 0.0105 0 18 34 79
D2 0.0102 11 19 32 40
D2 0.0099 193 46 206 59
E2 0.0098 168 18 217 63
D2 0.0097 281 249 309 286
B2 0.0096 22 73 92 138
E2 0.0095 24 25 126 126
E2 0.0092 265 108 298 151
E2 0.0092 247 78 262 94
E2 0.0091 283 247 310 287
E2 0.0091 176 25 194 41
E2 0.0090 279 60 305 85
E2 0.0090 163 23 192 56
D2 0.0089 60 9 74 20
C2 0.0088 172 52 196 75
C2 0.0087 10 130 33 147
E2 0.0087 189 8 207 21
B2 0.0087 167 0 189 21
C2 0.0086 273 206 300 231
C2 0.0086 220 251 237 271
B2 0.0084 171 52 196 75
E2 0.0081 169 56 191 92
D2 0.0080 167 0 189 21
D2 0.0079 38 0 58 17
A3 0.0076 170 54 246 101
E2 0.0075 268 103 298 139
E2 0.0074 22 70 108 138
D2 0.0073 231 19 243 31
C2 0.0073 84 25 124 49
Q0 0.0071 54 108 238 285
E2 0.0070 263 168 299 217
C2 0.0069 9 195 29 215
E2 0.0067 5 19 33 62
E2 0.0065 0 41 17 79
E2 0.0065 229 19 243 30
E2 0.0063 208 32 250 70
D2 0.0063 6 21 32 63
E2 0.0062 168 54 248 101
D2 0.0062 266 178 295 202
C2 0.0062 273 202 310 247
C2 0.0061 0 149 10 166
D2 0.0061 6 32 23 54
E2 0.0057 26 32 86 80
E2 0.0056 166 3 246 69
C2 0.0055 109 1 145 32
E2 0.0055 250 88 298 142
E2 0.0054 170 60 178 70
E2 0.0052 167 4 220 52
C2 0.0052 266 182 283 199
E2 0.0051 165 36 184 55
E2 0.0051 21 150 42 170
C2 0.0051 167 0 189 21
D2 0.0050 142 0 161 15
E2 0.0049 175 12 229 66
E2 0.0047 261 161 307 239
E2 0.0046 24 74 81 137
E2 0.0045 6 109 34 148
C2 0.0045 142 0 161 15
C2 0.0045 5 113 33 146
D2 0.0045 304 28 310 45
E2 0.0044 108 0 156 58
C2 0.0043 189 8 207 22
C2 0.0043 63 124 87 145
D2 0.0043 251 80 261 90
E2 0.0043 230 34 248 50
E2 0.0042 4 90 36 148
D2 0.0042 246 0 261 12
C2 0.0042 38 0 58 17
D2 0.0042 270 53 285 69
D2 0.0042 224 48 237 60
C2 0.0041 24 263 61 300
D2 0.0041 282 26 299 44
C2 0.0041 81 267 112 290
B2 0.0041 57 0 83 10
E2 0.0041 174 46 240 73
D2 0.0041 6 113 33 146
C2 0.0040 8 232 31 250
R0 0.0039 52 107 242 286
E2 0.0039 170 31 211 66
D2 0.0039 260 256 287 277
E2 0.0039 247 64 300 110
E2 0.0037 223 48 239 58
A3 0.0037 107 0 155 58
D2 0.0037 194 27 210 45
E2 0.0036 0 17 41 96
F2 0.0036 63 66 137 126
C2 0.0036 74 71 121 115
C2 0.0035 163 272 196 290
E2 0.0035 171 50 209 74
E2 0.0035 184 52 244 94
E2 0.0035 275 55 302 84
D2 0.0034 107 0 153 46
E2 0.0034 0 149 43 170
D2 0.0034 275 210 300 229
D2 0.0034 9 232 31 251
E2 0.0034 170 51 203 81
D2 0.0033 69 103 100 127
E2 0.0032 275 238 310 287
L0 0.0032 108 0 157 71
E2 0.0032 83 24 124 57
E2 0.0031 25 68 54 90
D2 0.0031 0 79 11 102
D2 0.0030 241 21 254 34
C2 0.0030 258 286 283 309
E2 0.0030 175 76 191 90
E2 0.0029 251 94 284 118
E2 0.0029 295 213 310 246
D2 0.0029 221 254 245 272
E2 0.0029 181 8 254 75
B2 0.0029 85 25 121 46
B2 0.0028 108 0 156 60
E2 0.0028 3 66 55 117
D2 0.0028 7 18 31 50
E2 0.0028 260 0 310 68
D2 0.0028 18 73 36 87
C2 0.0027 259 255 288 277
E2 0.0027 25 34 67 81
D2 0.0027 218 14 238 28
Q0 0.0027 -1 241 310 310
C2 0.0027 41 170 55 183
C3 0.0027 169 58 191 91
C2 0.0027 23 209 47 228
C2 0.0027 0 267 40 303
E2 0.0026 19 54 121 132
C2 0.0026 169 53 193 91
E2 0.0026 169 53 189 75
E2 0.0026 294 214 310 272
E2 0.0026 264 201 309 288
A3 0.0025 72 67 139 122
E2 0.0025 162 18 210 73
C2 0.0025 266 185 279 200
E2 0.0025 164 1 211 34
D2 0.0025 294 34 309 53
E2 0.0024 277 204 293 220
E2 0.0023 0 149 11 172
D2 0.0023 232 257 244 271
L0 0.0023 100 -1 176 101
E2 0.0023 255 166 292 203
E2 0.0023 140 72 191 111
E2 0.0023 255 47 285 70
E2 0.0023 253 56 305 87
D2 0.0023 4 66 22 87
C2 0.0023 0 189 18 211
C2 0.0022 258 297 276 310
E2 0.0022 0 126 24 166
E2 0.0022 1 40 55 98
E2 0.0022 264 181 278 200
C2 0.0022 264 208 275 222
E2 0.0021 249 46 276 73
C2 0.0021 0 187 18 221
L0 0.0021 79 8 197 116
E2 0.0021 293 3 310 48
A2 0.0020 74 17 200 120
C2 0.0020 275 103 302 141
F2 0.0020 107 -1 173 88
E2 0.0020 182 27 233 72
E2 0.0020 278 24 311 90
E2 0.0020 1 19 56 107
C2 0.0020 276 213 300 232
E3 0.0020 119 248 301 309
E2 0.0020 212 11 260 50
C2 0.0020 30 224 68 253
C2 0.0019 2 69 53 115
E2 0.0019 0 47 30 96
E2 0.0019 139 0 197 67
E2 0.0019 238 37 277 67
E2 0.0019 172 53 286 165
A2 0.0019 103 -1 191 105
E2 0.0019 278 60 304 100
C2 0.0019 210 47 237 68
D2 0.0018 17 22 31 39
E2 0.0018 0 147 43 190
E2 0.0018 212 15 236 33
C2 0.0018 67 103 99 126
E2 0.0018 255 46 303 83
D2 0.0018 292 -1 310 36
C2 0.0018 0 237 22 262
C2 0.0017 273 238 309 275
E2 0.0017 -1 127 14 170
E2 0.0017 13 68 31 89
E2 0.0017 260 5 305 52
E2 0.0017 19 36 62 93
E2 0.0017 224 3 295 48
E2 0.0017 142 16 190 93
D2 0.0017 293 0 310 20
E2 0.0016 -1 135 41 172
D2 0.0016 4 91 35 148
E2 0.0016 264 209 276 222
E3 0.0016 165 240 294 304
Q0 0.0015 10 7 289 308
E2 0.0015 243 47 303 92
E2 0.0015 255 -1 312 94
B2 0.0015 260 255 287 277
D2 0.0015 86 1 115 29
E2 0.0015 264 202 291 226
B2 0.0015 83 24 125 62
Q0 0.0015 2 270 311 310
C2 0.0015 252 167 281 196
E2 0.0015 304 31 310 45
C2 0.0015 33 70 53 93
D2 0.0015 6 33 21 46
E2 0.0015 300 215 310 236
E2 0.0014 263 199 298 235
C2 0.0014 267 137 285 152
A2 0.0014 41 65 154 132
E2 0.0014 0 126 10 139
E2 0.0014 261 232 309 284
B2 0.0014 34 70 54 87
C2 0.0014 288 250 310 275
E2 0.0014 269 193 294 219
C2 0.0014 6 232 34 260
D2 0.0013 53 108 69 119
D2 0.0013 42 170 55 183
E2 0.0013 106 0 191 61
A2 0.0013 1 181 95 304
E2 0.0013 264 147 309 197
E2 0.0013 80 4 127 62
E2 0.0013 275 6 309 71
C2 0.0013 203 68 246 98
E2 0.0013 16 66 81 112
E2 0.0013 217 16 254 34
D2 0.0013 203 69 246 99
B2 0.0013 0 0 34 18
E2 0.0013 2 64 54 141
C2 0.0013 110 0 150 48
F2 0.0013 82 8 199 120
E2 0.0013 0 119 35 175
F2 0.0013 70 22 172 127
E2 0.0013 105 -1 193 99
E2 0.0012 141 57 194 95
B2 0.0012 86 1 114 28
D2 0.0012 249 78 273 107
A2 0.0012 60 27 126 104
A2 0.0012 169 49 289 161
E2 0.0012 0 186 30 224
E2 0.0012 190 44 260 93
C2 0.0011 297 87 310 139
C2 0.0011 170 54 192 80
E3 0.0011 221 255 237 269
D2 0.0011 64 124 86 146
D2 0.0011 1 275 33 303
F2 0.0011 66 38 146 124
E2 0.0011 134 107 145 115
E2 0.0011 254 32 288 70
C2 0.0011 0 196 15 220
C2 0.0011 0 224 26 267
B2 0.0011 0 78 11 101
E2 0.0011 274 99 304 141
E2 0.0011 264 139 309 253
C2 0.0011 218 136 239 149
E2 0.0011 18 71 67 141
C2 0.0011 127 69 160 106
E2 0.0011 248 151 292 204
E2 0.0011 216 15 232 27
E2 0.0011 179 48 260 105
F2 0.0011 83 24 125 59
E2 0.0011 246 68 304 143
F2 0.0011 105 0 153 38
D2 0.0010 81 268 112 290
D2 0.0010 0 126 11 139
E2 0.0010 258 11 291 43
C2 0.0010 254 97 273 110
E3 0.0010 181 217 285 304
D2 0.0010 230 34 250 50
C2 0.0010 22 193 50 228
B2 0.0010 276 111 297 134
E2 0.0010 139 0 186 51
E2 0.0010 280 46 312 107
C2 0.0010 0 241 18 260
D2 0.0010 250 82 259 93
E2 0.0010 112 0 159 38
C2 0.0010 169 59 178 71
F2 0.0010 69 63 160 118
L0 0.0010 95 17 160 86
D2 0.0010 15 71 55 95
C2 0.0010 257 168 286 199
E2 0.0010 -1 141 42 256
C2 0.0010 109 0 139 24
