E2 0.2316 64 39 304 510
D2 0.1933 71 43 303 495
C3 0.0151 222 423 326 535
E2 0.0090 80 195 303 516
A3 0.0076 221 423 322 532
B0 0.0067 64 21 306 515
K0 0.0042 221 423 322 532
E3 0.0039 75 427 395 539
K0 0.0038 221 422 383 537
E3 0.0037 207 417 395 539
C3 0.0036 78 -2 109 64
C2 0.0033 222 427 285 525
D2 0.0033 41 7 361 523
G3 0.0033 63 21 99 145
Q0 0.0032 54 12 322 517
D2 0.0030 64 -83 310 573
H3 0.0028 65 13 315 517
B2 0.0026 304 21 405 398
B0 0.0024 299 11 405 511
C3 0.0021 73 420 379 543
C0 0.0020 219 415 403 539
G3 0.0020 77 -1 109 63
E2 0.0017 69 20 307 360
C3 0.0016 81 320 301 516
A2 0.0016 83 296 297 516
B0 0.0016 21 0 387 522
B0 0.0015 218 420 403 540
P0 0.0014 219 421 403 540
B0 0.0014 2 -2 116 539
Q0 0.0014 -3 -2 120 543
B3 0.0013 -10 -78 121 500
C2 0.0013 349 478 405 495
E2 0.0013 281 0 463 29
C2 0.0012 177 17 239 47
D2 0.0012 307 21 405 376
Q0 0.0011 45 410 397 539
A2 0.0011 80 29 297 274
Q0 0.0011 285 8 407 506
E2 0.0011 83 313 297 516
H3 0.0011 -1 -9 105 549
C0 0.0010 289 9 406 496
C3 0.0010 349 478 405 495
E2 0.0010 315 15 404 286
