D2 0.2460 101 228 725 768
D2 0.1103 70 232 737 578
D2 0.0675 20 88 738 976
D2 0.0413 117 336 694 566
D2 0.0244 153 354 603 523
D2 0.0220 151 101 592 388
C2 0.0141 555 657 709 942
D2 0.0106 531 282 718 991
D2 0.0095 98 83 686 573
C3 0.0058 314 599 529 743
B2 0.0045 147 348 743 758
D2 0.0039 314 601 530 742
D2 0.0038 246 328 715 773
Q0 0.0037 -1 890 800 1020
Q0 0.0036 -46 772 853 1034
E2 0.0034 102 339 599 527
Q0 0.0032 0 954 782 1025
E2 0.0028 60 269 620 540
H3 0.0026 0 29 773 1012
D2 0.0025 141 230 708 472
Q0 0.0023 20 92 781 755
D2 0.0017 380 321 715 977
D2 0.0017 218 99 470 375
B2 0.0017 544 390 715 971
Q0 0.0016 -2 533 800 1035
D2 0.0013 235 103 535 265
C2 0.0012 233 377 536 503
G3 0.0011 90 912 818 1024
E2 0.0010 242 105 473 261
C3 0.0010 97 989 269 1024
