D2 0.5331 497 -2 640 210
E2 0.3837 99 264 469 541
D2 0.3598 92 271 475 541
D2 0.3314 130 66 532 407
C2 0.3035 499 -2 640 206
E2 0.2696 115 70 533 407
E2 0.2154 -6 58 569 597
E2 0.1582 45 121 513 551
C2 0.1366 45 221 119 317
C2 0.1006 113 276 473 539
E2 0.0585 497 -3 640 212
E2 0.0457 46 221 120 319
D2 0.0374 510 168 640 337
E2 0.0306 510 166 640 337
C2 0.0242 510 168 640 337
C2 0.0110 15 501 82 559
L0 0.0100 124 65 520 367
D2 0.0077 28 53 562 543
L0 0.0076 33 38 621 543
D2 0.0057 14 501 82 560
I0 0.0051 132 70 516 363
E2 0.0050 386 -2 650 214
B2 0.0039 15 502 82 558
D2 0.0032 374 0 648 211
D2 0.0029 66 162 504 537
E2 0.0027 501 -1 638 59
F2 0.0021 361 -2 655 206
Q0 0.0020 54 73 597 403
Q0 0.0018 117 74 516 363
E2 0.0017 46 218 158 318
E2 0.0016 495 -2 638 103
E2 0.0013 124 354 464 533
B2 0.0013 2 350 110 562
Q0 0.0011 552 333 641 565
Q0 0.0010 71 235 507 545
Q0 0.0010 492 6 646 202
E2 0.0010 474 94 644 353
C2 0.0010 366 509 417 535
D2 0.0010 418 -34 635 -10
