D2 0.2707 20 230 493 950
B2 0.0638 113 279 499 1065
B2 0.0625 20 155 502 1133
E2 0.0561 100 261 497 1078
D2 0.0211 52 202 469 690
D2 0.0170 318 314 501 896
C2 0.0170 0 612 118 731
B2 0.0145 305 299 503 1009
D2 0.0129 78 190 252 585
B2 0.0121 117 580 210 660
C2 0.0104 117 579 210 660
D2 0.0095 235 209 369 590
D2 0.0074 204 210 385 666
D2 0.0071 53 188 395 598
C3 0.0067 357 327 417 448
B2 0.0059 226 211 380 644
D2 0.0058 112 162 450 881
D2 0.0054 118 580 209 660
Q0 0.0051 12 424 475 1017
B2 0.0039 3 458 208 1042
C3 0.0039 35 208 237 624
D2 0.0037 173 176 501 992
D2 0.0035 1 468 460 1024
E3 0.0034 275 677 783 1023
B2 0.0033 359 328 416 450
C2 0.0030 42 234 186 561
G3 0.0030 -1 464 457 1025
E3 0.0028 -6 479 210 1029
K0 0.0027 34 195 240 626
E3 0.0027 0 463 459 1025
E3 0.0026 260 650 982 1039
D2 0.0024 3 610 118 732
Q0 0.0022 347 2 802 75
D2 0.0017 37 194 292 615
C3 0.0015 394 714 437 771
K0 0.0015 2 480 123 989
C2 0.0014 0 750 93 1000
K0 0.0014 0 599 98 1019
C2 0.0013 235 205 301 620
C2 0.0013 114 223 251 529
B2 0.0012 163 990 283 1024
G0 0.0011 287 914 854 1028
E2 0.0010 36 219 237 630
C2 0.0010 166 997 278 1024
C2 0.0010 0 646 92 961
E3 0.0010 -43 547 291 1032
