E2 0.2914 42 100 434 436
D2 0.2531 402 42 717 190
E2 0.2457 95 167 346 324
E2 0.2449 434 71 854 449
E2 0.2107 400 42 720 188
D2 0.2046 431 82 855 449
E2 0.1155 33 82 340 225
B2 0.1152 433 140 856 440
B2 0.1044 400 43 713 191
E2 0.0831 62 108 410 348
A3 0.0817 34 82 341 225
F2 0.0332 33 81 360 226
D2 0.0277 9 41 857 455
D2 0.0216 51 102 442 442
C3 0.0139 25 193 428 437
C2 0.0094 240 209 331 287
Q0 0.0066 399 45 858 438
E2 0.0064 24 75 362 373
Q0 0.0064 20 86 432 441
E2 0.0052 18 206 426 438
E2 0.0052 38 80 434 283
E2 0.0046 462 154 850 416
C2 0.0043 107 173 336 298
A2 0.0030 82 93 441 445
E2 0.0022 353 18 796 503
E2 0.0022 111 15 744 367
C2 0.0020 276 151 391 268
B2 0.0018 223 270 280 316
E2 0.0018 419 24 794 358
E2 0.0016 44 81 421 191
F2 0.0016 76 79 453 295
E2 0.0013 19 218 177 335
D2 0.0013 511 164 853 442
E2 0.0012 32 81 187 230
E2 0.0012 266 139 428 277
L0 0.0011 390 -125 403 -114
C2 0.0011 473 53 673 179
B2 0.0011 223 264 298 318
C2 0.0010 22 225 127 322
