D2 0.4725 70 90 344 306
D2 0.4028 322 157 502 332
A2 0.2852 77 90 343 296
E2 0.2568 320 157 502 334
B2 0.2034 73 90 338 305
B2 0.1750 322 157 501 329
C2 0.0548 391 174 481 255
Q0 0.0209 60 92 337 304
D2 0.0202 389 159 486 277
E2 0.0122 68 90 340 304
E2 0.0074 390 160 483 263
F2 0.0070 77 93 345 279
Q0 0.0054 319 159 500 331
B2 0.0044 396 274 496 331
R0 0.0040 61 87 340 302
E2 0.0040 341 157 492 294
C2 0.0031 397 277 486 330
C2 0.0030 0 0 52 74
D2 0.0029 164 153 203 193
B2 0.0028 459 273 499 331
Q0 0.0028 44 0 418 310
A2 0.0027 178 92 339 284
E2 0.0027 396 275 498 331
D2 0.0024 459 276 499 332
D2 0.0022 395 274 499 331
B2 0.0021 164 152 203 193
B2 0.0021 16 208 83 333
B2 0.0021 191 92 339 288
D2 0.0021 423 209 475 254
D2 0.0020 406 193 476 254
C2 0.0020 212 225 253 276
D2 0.0019 9 -73 499 328
A2 0.0017 94 91 329 231
B2 0.0017 329 261 496 331
E2 0.0016 378 162 500 329
C3 0.0015 395 171 483 254
B2 0.0014 380 271 411 309
C2 0.0014 163 152 202 194
D2 0.0013 380 271 411 309
F2 0.0011 92 90 326 197
F3 0.0010 0 8 56 192
C3 0.0010 0 -2 52 75
