D2 0.3861 146 87 627 372
D2 0.2907 41 171 290 450
E2 0.2790 188 233 704 496
B2 0.2512 150 89 611 366
B2 0.1862 205 232 699 495
D2 0.1016 192 208 698 498
E2 0.0853 146 110 723 512
D2 0.0347 20 88 768 541
E2 0.0262 41 167 286 456
E2 0.0146 149 89 607 375
Q0 0.0138 137 91 615 372
C3 0.0109 187 267 634 499
D2 0.0102 118 87 665 487
D2 0.0082 20 424 619 539
C3 0.0076 63 411 575 543
C3 0.0073 41 254 282 449
C2 0.0057 1 -86 167 270
E2 0.0052 4 -109 139 263
Q0 0.0041 191 246 713 495
Q0 0.0034 61 86 692 470
E2 0.0032 74 18 802 588
G3 0.0028 101 431 257 508
Q0 0.0028 39 172 292 451
E2 0.0027 2 -76 215 264
L0 0.0026 76 407 636 537
B2 0.0025 378 242 713 487
E2 0.0023 47 210 228 454
D2 0.0023 174 273 601 500
E0 0.0022 77 412 646 547
D2 0.0022 114 393 653 542
G3 0.0021 75 407 640 537
C2 0.0020 0 -83 103 241
C3 0.0019 539 244 709 441
K0 0.0019 540 245 710 440
E2 0.0015 86 417 205 482
C2 0.0015 88 428 263 507
B0 0.0015 71 410 650 548
G3 0.0015 442 439 599 528
D2 0.0014 356 244 717 493
D2 0.0012 534 244 708 449
D2 0.0011 4 -79 269 270
C2 0.0011 87 423 206 488
