E2 0.1722 265 90 600 362
E2 0.1350 6 65 365 362
H3 0.1092 279 -1 481 122
B2 0.0677 0 73 353 357
E2 0.0655 -44 68 597 394
F2 0.0631 -57 44 730 402
B0 0.0615 279 -1 478 121
E2 0.0550 111 89 642 362
E0 0.0534 280 -2 479 120
A3 0.0501 -95 37 675 421
D2 0.0495 315 92 600 366
C3 0.0421 279 -1 476 119
D2 0.0401 4 65 597 357
D2 0.0382 3 70 401 363
B2 0.0356 276 98 588 358
L0 0.0332 279 -2 477 121
K0 0.0312 278 -1 477 119
B2 0.0280 34 90 673 377
A2 0.0229 311 91 602 362
E2 0.0224 -115 19 665 456
F2 0.0173 316 91 594 323
B2 0.0150 -90 45 790 434
F2 0.0141 -5 68 364 353
F2 0.0132 28 67 341 273
F2 0.0076 46 65 334 192
C3 0.0073 575 -8 600 97
I3 0.0054 576 -4 599 167
C2 0.0045 6 240 58 296
C3 0.0041 559 53 600 140
K0 0.0039 575 2 599 201
C2 0.0037 0 185 40 223
C3 0.0037 0 184 39 223
F2 0.0037 -28 18 626 311
B2 0.0036 314 93 589 258
H3 0.0032 576 -4 599 140
B2 0.0032 321 94 586 200
C3 0.0031 5 268 54 297
C2 0.0031 575 -4 600 87
K0 0.0025 280 -2 371 114
Q0 0.0023 313 95 598 348
F0 0.0021 325 0 476 104
C3 0.0021 577 -19 600 174
K0 0.0021 564 -1 600 205
O0 0.0020 575 -1 601 201
F2 0.0020 -19 124 663 430
K0 0.0019 321 0 474 100
Q0 0.0019 1 66 338 349
D2 0.0017 5 -20 591 432
F2 0.0017 -3 47 437 285
O0 0.0017 299 4 478 130
C3 0.0017 575 246 599 308
C3 0.0016 320 -1 466 92
B2 0.0016 95 65 361 196
F2 0.0015 17 185 708 383
E0 0.0015 280 -2 382 117
B2 0.0013 8 141 455 351
H3 0.0013 5 30 600 438
E2 0.0013 29 65 339 181
C3 0.0012 0 149 49 231
E2 0.0012 21 135 470 355
B0 0.0012 570 -1 599 240
H3 0.0011 582 -3 599 94
B0 0.0010 559 -6 599 285
E2 0.0010 323 93 590 196
C3 0.0010 585 18 600 174
