A2 0.4965 264 -2 400 88
D2 0.4493 151 92 340 245
A2 0.2768 308 0 399 81
D2 0.1537 87 76 349 247
B2 0.1368 76 0 314 89
C2 0.1068 150 90 340 244
G3 0.0760 77 74 398 136
E0 0.0691 260 -1 401 88
C2 0.0480 81 61 160 134
D2 0.0447 112 67 251 161
D2 0.0429 210 6 239 34
C3 0.0400 82 83 350 246
C3 0.0400 262 -3 401 88
D2 0.0395 71 60 269 238
D2 0.0380 71 0 182 80
F2 0.0343 75 67 350 181
A2 0.0331 156 0 317 78
B2 0.0297 69 -1 327 129
B2 0.0297 155 0 316 78
C2 0.0240 109 2 178 65
E2 0.0215 314 0 399 82
E2 0.0213 63 -2 331 146
F2 0.0208 61 41 360 120
D2 0.0190 0 -4 398 259
K0 0.0187 260 76 398 117
G3 0.0185 52 64 401 163
F2 0.0174 88 80 401 147
C2 0.0159 313 22 365 73
H3 0.0147 0 -7 397 262
D2 0.0147 57 35 365 167
F2 0.0135 51 -1 333 82
D2 0.0134 71 62 163 165
G3 0.0130 58 6 398 231
H3 0.0125 261 -2 400 89
D2 0.0125 84 67 334 169
F2 0.0118 46 3 398 242
D2 0.0092 60 -3 324 153
D2 0.0087 102 67 302 224
C2 0.0086 72 62 164 166
E2 0.0084 70 1 180 81
F2 0.0080 197 65 328 94
D2 0.0075 71 37 324 117
C3 0.0072 220 72 400 118
C3 0.0066 306 0 400 81
F2 0.0062 171 53 330 95
G3 0.0061 210 70 325 95
F2 0.0060 224 71 399 118
Q0 0.0058 12 -3 389 255
H3 0.0058 0 44 73 161
F2 0.0051 97 76 443 123
B2 0.0050 337 0 399 25
F2 0.0047 149 0 365 91
A2 0.0045 0 46 72 159
C2 0.0044 80 64 165 112
A2 0.0043 162 -1 378 88
J0 0.0043 0 45 74 161
Q0 0.0042 0 44 74 212
F2 0.0040 38 57 396 167
L0 0.0038 70 63 402 194
G3 0.0038 261 77 399 117
B2 0.0037 238 0 296 15
C2 0.0034 210 6 239 36
G3 0.0033 298 72 408 119
C2 0.0032 311 19 394 74
G3 0.0032 319 76 398 117
C2 0.0029 335 0 400 27
C2 0.0028 87 -1 188 67
Q0 0.0027 0 68 72 260
D2 0.0027 52 0 311 78
Q0 0.0025 268 -1 402 89
F2 0.0025 64 0 359 177
C2 0.0024 112 78 163 160
C2 0.0024 216 139 287 188
D2 0.0023 232 38 257 68
Q0 0.0023 0 9 71 171
D2 0.0022 140 8 180 65
C2 0.0022 116 80 186 157
F2 0.0022 112 51 348 100
C2 0.0021 72 58 143 145
C2 0.0021 128 7 181 65
C2 0.0021 179 55 215 69
C3 0.0021 183 93 341 245
A2 0.0018 39 -1 317 74
B0 0.0018 99 72 400 182
F2 0.0017 130 57 450 120
D2 0.0017 71 57 266 172
D2 0.0017 130 76 355 208
C2 0.0016 50 0 124 30
R0 0.0015 1 105 392 265
C3 0.0015 51 0 122 31
C2 0.0015 194 2 257 71
C3 0.0014 0 47 72 159
E2 0.0013 70 60 163 163
Q0 0.0013 0 82 100 271
C2 0.0013 232 39 257 68
F2 0.0013 62 1 328 129
F2 0.0013 135 75 361 205
E2 0.0012 328 0 397 27
Q0 0.0012 0 103 189 270
D2 0.0011 179 54 214 69
C3 0.0011 70 57 164 170
D2 0.0010 102 24 399 250
C3 0.0010 64 58 282 242
R0 0.0010 1 11 86 165
P0 0.0010 51 0 121 31
B2 0.0010 165 0 196 24
H3 0.0010 261 40 397 118
