D2 0.6819 226 160 372 301
D2 0.6758 131 39 276 177
D2 0.6584 28 148 190 302
C2 0.4411 131 37 276 176
C2 0.4192 228 160 373 299
C2 0.4092 29 148 190 301
E2 0.1601 28 149 197 301
E2 0.1401 130 41 280 178
E2 0.1119 226 161 374 301
H3 0.0182 2 -25 400 298
E0 0.0153 2 -23 400 298
Q0 0.0122 2 -13 397 297
C2 0.0084 31 276 69 288
C2 0.0049 215 276 262 299
Q0 0.0033 26 149 191 298
B2 0.0030 31 273 68 288
Q0 0.0026 225 164 369 297
H0 0.0012 329 -25 417 280
G3 0.0012 0 158 9 314
C3 0.0011 214 276 263 299
C2 0.0010 30 277 83 301
