B2 0.0097 203 203 425 896
F2 0.0085 201 187 428 836
L0 0.0068 197 193 432 796
D2 0.0066 285 871 322 900
C2 0.0065 285 871 322 901
A3 0.0059 200 201 429 822
E2 0.0046 205 318 419 857
C2 0.0045 281 655 328 705
D2 0.0044 0 253 73 326
C2 0.0040 0 799 62 895
D2 0.0036 0 651 48 746
D2 0.0034 214 884 257 900
C2 0.0031 0 247 72 326
L0 0.0030 -5 7 451 899
C2 0.0030 8 0 125 43
D2 0.0030 1 6 451 897
E2 0.0029 103 75 404 666
E3 0.0029 5 -6 472 904
C2 0.0029 0 846 58 894
B2 0.0027 206 385 414 819
D2 0.0026 542 829 599 898
L0 0.0026 206 376 415 818
D2 0.0025 282 655 327 705
C0 0.0025 246 326 411 864
B2 0.0024 1 799 62 895
C2 0.0024 214 884 259 900
B2 0.0023 320 746 381 801
C2 0.0021 490 596 562 686
L0 0.0020 196 292 416 712
B2 0.0020 99 16 416 694
Q0 0.0019 1 -11 470 909
L0 0.0019 119 91 395 676
D2 0.0019 8 279 72 323
C2 0.0019 394 76 503 201
G3 0.0017 39 289 73 321
D2 0.0017 250 629 292 673
C2 0.0017 249 629 293 674
C2 0.0015 0 849 39 896
D2 0.0015 354 887 390 900
B2 0.0015 235 279 411 756
B2 0.0015 313 725 384 800
B2 0.0014 159 298 235 365
B2 0.0014 146 297 235 389
C2 0.0013 477 114 542 213
E2 0.0013 262 870 337 900
E2 0.0013 197 839 417 900
C2 0.0012 22 847 62 888
D2 0.0012 401 868 485 899
C2 0.0011 207 477 263 549
G3 0.0011 338 412 392 576
D2 0.0011 384 594 412 621
C2 0.0011 542 770 600 903
R0 0.0011 -163 458 -54 909
D2 0.0011 1 654 80 752
E3 0.0010 176 30 430 893
E2 0.0010 215 856 446 903
B2 0.0010 542 829 598 898
B2 0.0010 282 653 327 705
E2 0.0010 0 242 72 333
B2 0.0010 5 801 53 862
B0 0.0010 155 28 424 886
