E2 0.1769 37 22 406 297
D2 0.1423 63 24 393 297
E2 0.1082 -22 -41 331 348
E2 0.0833 6 -3 305 295
E2 0.0452 -2 -67 437 375
D2 0.0389 22 29 245 314
D2 0.0304 18 -43 415 345
E2 0.0105 -13 -27 431 257
H3 0.0069 20 4 376 311
D2 0.0065 129 11 373 263
E2 0.0053 26 61 274 298
D2 0.0046 160 15 365 211
C2 0.0038 26 73 271 308
E2 0.0033 74 14 283 245
E2 0.0033 111 -3 378 224
E2 0.0021 270 39 369 261
R0 0.0019 15 -6 394 315
E2 0.0015 32 121 293 318
E2 0.0015 22 13 229 284
R0 0.0014 -2 -39 106 -13
Q0 0.0013 0 289 385 356
E2 0.0013 96 33 271 209
E2 0.0012 270 101 369 237
E2 0.0012 123 160 345 288
B0 0.0010 23 5 376 301
D2 0.0010 96 4 313 239
C3 0.0010 0 -41 111 -4
R0 0.0010 -1 240 392 360
D2 0.0010 268 24 370 265
