D2 0.4595 734 286 1029 614
D2 0.4222 114 318 415 653
D2 0.3618 135 264 790 669
D2 0.1579 407 271 745 663
E2 0.1241 734 285 1032 615
C2 0.1103 732 282 1029 615
D2 0.0972 577 283 682 357
E2 0.0972 116 316 423 653
E2 0.0796 88 255 758 671
D2 0.0687 408 271 606 422
C2 0.0557 730 423 902 604
D2 0.0310 328 254 955 673
D2 0.0222 404 266 684 431
C2 0.0213 404 285 550 449
D2 0.0183 689 351 916 609
D2 0.0163 406 275 557 452
C2 0.0150 723 378 868 605
C2 0.0144 118 315 415 657
E2 0.0101 685 346 918 607
D2 0.0090 583 346 719 409
D2 0.0073 531 283 679 362
C2 0.0071 722 428 837 591
E2 0.0067 414 291 741 666
D2 0.0054 417 341 543 561
D2 0.0053 415 274 645 391
E2 0.0048 402 268 684 426
E2 0.0048 762 283 1001 525
D2 0.0041 469 368 654 549
C2 0.0041 773 324 965 503
D2 0.0039 644 369 733 597
D2 0.0038 730 444 923 607
D2 0.0037 778 323 979 505
C2 0.0037 699 366 851 559
D2 0.0035 455 378 670 605
C2 0.0035 453 377 655 600
E2 0.0025 661 289 969 622
D2 0.0024 817 346 1009 556
E3 0.0022 749 334 1023 600
D2 0.0021 602 364 732 614
D2 0.0020 578 337 706 398
D2 0.0020 386 264 729 522
D2 0.0019 584 294 721 407
D2 0.0019 415 326 577 598
D2 0.0018 534 267 941 652
C2 0.0018 416 360 687 668
E2 0.0017 383 296 651 670
D2 0.0017 446 346 680 519
C2 0.0017 514 283 676 363
E2 0.0016 127 316 387 554
D2 0.0016 32 266 1077 708
D2 0.0015 419 351 537 492
D2 0.0014 508 377 709 598
E2 0.0013 119 320 311 638
L0 0.0013 0 471 1098 718
D2 0.0012 438 330 674 468
D2 0.0012 737 493 943 610
D2 0.0011 419 345 627 540
C2 0.0011 407 286 527 411
