D2 0.5598 102 176 682 843
E2 0.3105 103 188 670 843
A3 0.0223 235 0 623 192
D2 0.0201 568 541 766 932
C2 0.0201 707 603 768 689
D2 0.0197 605 282 766 562
E2 0.0157 -78 733 821 1027
C3 0.0149 614 276 768 560
D2 0.0119 707 602 768 690
C2 0.0099 17 16 157 197
C3 0.0083 245 0 620 189
E2 0.0082 612 278 766 565
E2 0.0076 197 179 650 372
I0 0.0062 -6 2 624 437
R0 0.0059 -4 0 636 431
C2 0.0055 640 327 765 554
E2 0.0054 -45 548 676 1049
E3 0.0052 -4 5 622 434
D2 0.0050 4 339 309 951
E2 0.0047 1 353 302 953
F2 0.0043 44 0 615 190
D2 0.0042 -16 315 784 1020
E2 0.0040 567 535 766 927
B2 0.0036 54 0 604 190
H3 0.0035 -13 313 774 1023
D2 0.0034 18 11 768 950
E2 0.0026 253 -4 619 190
C2 0.0026 611 1002 761 1023
E2 0.0026 163 180 644 470
E2 0.0025 -199 632 946 1064
B2 0.0023 277 62 378 167
F2 0.0020 -129 732 876 1032
C2 0.0020 275 62 384 171
R0 0.0019 -14 330 792 1030
E2 0.0018 16 -2 583 187
Q0 0.0018 -4 0 626 439
D2 0.0018 723 677 768 760
C2 0.0017 708 598 767 758
E2 0.0017 156 732 675 1036
B2 0.0015 622 1003 764 1023
C2 0.0014 622 331 759 469
E3 0.0013 145 0 621 197
E2 0.0012 589 993 760 1025
C2 0.0012 3 728 123 867
D2 0.0012 19 747 867 1031
D2 0.0011 124 173 652 627
C2 0.0010 724 677 767 760
Q0 0.0010 -22 272 811 1022
E2 0.0010 573 117 766 566
E2 0.0010 26 -7 639 327
