D2 0.9552 265 109 312 156
D2 0.9419 226 152 274 199
D2 0.9180 292 53 329 85
C2 0.8752 128 1 165 33
D2 0.8750 170 86 215 131
C2 0.8710 165 6 200 33
C2 0.7725 209 18 241 55
D2 0.7592 128 1 165 32
D2 0.7260 190 125 239 176
C2 0.6278 242 10 282 56
D2 0.6078 166 178 238 259
D2 0.5921 199 54 245 101
C2 0.5747 292 53 329 86
C2 0.5737 277 22 311 62
D2 0.5421 257 59 296 101
D2 0.5126 288 81 331 123
D2 0.5120 243 11 282 53
C2 0.4707 188 20 214 59
D2 0.4446 277 22 311 62
D2 0.3645 219 215 261 258
C2 0.3533 199 53 245 102
D2 0.3151 139 25 193 65
C2 0.3063 107 27 142 65
D2 0.2923 107 27 142 65
D2 0.1853 209 18 242 53
C2 0.1267 256 58 297 101
C2 0.1166 147 26 190 67
D2 0.0981 188 20 214 59
C2 0.0795 243 1 291 24
C2 0.0749 226 151 274 202
D2 0.0619 236 89 276 126
D2 0.0442 97 99 136 138
D2 0.0353 195 179 237 224
D2 0.0324 119 65 165 110
C3 0.0313 0 182 41 298
D2 0.0304 134 102 173 142
D2 0.0268 114 133 157 177
D2 0.0140 243 0 297 24
C2 0.0136 135 103 173 143
D2 0.0111 230 123 266 158
C2 0.0081 236 89 276 127
D2 0.0074 157 126 195 169
C2 0.0053 190 125 239 177
C3 0.0032 326 -48 400 53
P0 0.0030 288 217 402 391
C2 0.0029 209 1 232 24
C3 0.0026 242 288 313 343
C3 0.0021 237 330 373 350
D2 0.0019 0 135 43 295
D2 0.0016 323 -47 398 52
D2 0.0016 138 26 161 62
C2 0.0014 144 0 177 16
C3 0.0013 246 0 304 26
C3 0.0013 0 125 43 301
C2 0.0012 119 62 166 112
D2 0.0012 173 164 212 202
D2 0.0011 331 -2 395 50
D2 0.0010 162 64 209 109
C3 0.0010 0 147 42 197
