A2 0.2185 100 50 319 268
B2 0.0658 104 43 308 279
E3 0.0461 105 2 326 273
Q0 0.0416 103 2 329 274
A2 0.0391 111 17 313 217
A2 0.0040 109 41 296 184
Q0 0.0038 128 272 354 335
C2 0.0037 209 25 241 62
B2 0.0029 209 25 240 62
F2 0.0027 114 8 319 243
A2 0.0026 116 2 308 148
C3 0.0026 271 58 296 72
C3 0.0023 209 25 240 62
C2 0.0021 143 42 186 64
C3 0.0020 107 77 316 274
A2 0.0012 126 4 301 107
F2 0.0011 138 4 287 70
C2 0.0011 140 9 188 65
D1 0.0011 165 286 256 319
Q0 0.0010 256 244 390 334
A2 0.0010 136 3 293 74
C2 0.0010 139 30 185 63
D2 0.0010 149 42 186 65
