D2 0.5754 228 131 407 284
D2 0.5729 98 41 268 218
C2 0.2627 230 128 408 283
C2 0.2165 99 40 269 218
D2 0.0484 296 161 406 283
D2 0.0428 63 36 410 298
C2 0.0324 288 156 405 283
E2 0.0309 103 54 207 218
D2 0.0238 99 71 186 218
C2 0.0169 330 165 405 258
A3 0.0158 55 48 429 296
C2 0.0147 100 62 191 218
D2 0.0126 150 84 407 291
G3 0.0119 94 42 407 286
D2 0.0097 111 38 339 238
E2 0.0068 64 56 405 291
E0 0.0064 60 60 415 292
C2 0.0034 335 73 411 162
D2 0.0031 105 78 187 177
E2 0.0030 100 70 183 209
D2 0.0028 153 37 294 227
C2 0.0028 234 143 332 259
C2 0.0027 299 167 377 242
C3 0.0023 232 125 308 283
C2 0.0023 319 172 406 280
C2 0.0021 182 75 249 124
E2 0.0021 98 60 265 221
C2 0.0017 104 76 182 181
C2 0.0016 234 130 342 234
E2 0.0016 86 53 315 239
H3 0.0016 0 15 496 321
H0 0.0015 108 38 417 299
C2 0.0015 156 39 220 175
C3 0.0015 110 81 415 296
E2 0.0015 266 155 407 285
L0 0.0014 16 31 488 301
C2 0.0012 144 38 246 179
E2 0.0012 109 43 228 187
E3 0.0011 98 41 430 300
D2 0.0010 339 164 405 244
