D2 0.1159 67 86 312 325
E3 0.0878 60 69 335 383
A3 0.0715 55 84 325 337
Q0 0.0462 58 70 338 389
C3 0.0415 74 111 305 321
A2 0.0375 60 75 323 316
D2 0.0328 92 225 318 384
E2 0.0312 88 212 318 385
E2 0.0312 70 90 291 321
E2 0.0137 94 48 358 372
B2 0.0133 77 239 328 383
E2 0.0030 160 106 333 398
R0 0.0029 56 69 341 390
D2 0.0028 56 68 344 390
B2 0.0028 65 73 293 308
E2 0.0026 113 67 319 332
F3 0.0023 15 388 337 424
C3 0.0023 57 69 349 395
C2 0.0023 124 164 178 242
A2 0.0021 98 68 311 272
E2 0.0019 77 158 327 328
G3 0.0018 14 386 298 424
E3 0.0017 6 359 311 423
C2 0.0016 253 234 292 309
E3 0.0016 330 25 410 426
R0 0.0012 353 -6 411 431
C2 0.0012 179 205 257 258
E2 0.0011 232 95 335 388
K0 0.0011 266 95 335 345
E3 0.0010 0 317 301 434
E2 0.0010 57 101 196 404
G3 0.0010 401 88 413 324
E3 0.0010 354 112 409 404
