E2 0.4101 19 -3 457 340
D2 0.0645 28 11 469 327
K0 0.0253 0 79 48 164
E2 0.0219 53 83 437 345
K0 0.0160 0 31 48 163
F2 0.0153 -1 9 433 318
D2 0.0146 346 27 498 83
K0 0.0127 0 75 48 248
H3 0.0112 10 0 497 375
E2 0.0105 21 12 470 225
C2 0.0070 307 92 385 126
C3 0.0068 0 74 50 156
C3 0.0059 0 160 35 248
Q0 0.0057 17 7 477 333
H3 0.0047 21 -3 498 110
F2 0.0046 0 156 36 395
D0 0.0045 22 -1 236 106
B2 0.0044 0 151 39 419
C3 0.0043 356 28 495 84
D2 0.0040 23 -2 498 104
E2 0.0037 22 25 365 309
D0 0.0035 21 -1 498 106
F2 0.0035 11 12 480 231
C3 0.0031 459 -1 500 29
C2 0.0030 0 76 50 162
K0 0.0026 0 -1 65 164
Q0 0.0025 19 -9 494 105
F2 0.0024 321 -1 496 38
D2 0.0023 322 1 497 87
D0 0.0023 23 6 136 102
B0 0.0022 -2 159 31 371
B1 0.0021 0 -2 66 164
C0 0.0021 0 -3 67 168
R0 0.0021 25 0 240 105
B0 0.0020 21 -7 499 140
F2 0.0019 315 -1 498 87
E0 0.0017 0 75 48 252
E3 0.0017 -2 0 68 164
F0 0.0017 0 -3 67 163
B2 0.0017 459 -1 499 28
Q0 0.0016 318 -3 504 99
C3 0.0016 27 0 240 104
C3 0.0016 0 74 50 260
D2 0.0015 16 7 498 221
Q0 0.0015 255 -2 500 84
Q0 0.0015 15 3 230 101
J0 0.0015 24 3 143 103
C0 0.0014 427 77 499 169
C0 0.0014 426 80 500 113
O0 0.0013 -1 2 68 163
D2 0.0012 3 167 499 374
B0 0.0012 -1 0 64 251
C3 0.0011 0 37 27 82
D0 0.0011 0 -4 65 165
E2 0.0010 291 -1 500 84
C0 0.0010 445 110 500 171
B0 0.0010 -1 99 38 384
