A2 0.0992 82 22 630 473
A3 0.0968 61 -3 645 522
C2 0.0913 484 214 574 276
G3 0.0865 254 218 323 325
C3 0.0833 430 -6 580 139
D2 0.0827 485 214 573 275
B2 0.0804 408 -2 578 181
B2 0.0594 111 19 555 282
A2 0.0582 20 -36 695 544
B0 0.0555 407 0 578 182
C2 0.0404 431 -2 581 137
O0 0.0385 89 6 639 524
B2 0.0372 82 16 635 507
F2 0.0344 108 25 598 432
E0 0.0333 128 96 614 522
F2 0.0301 110 18 531 269
F2 0.0297 11 -47 726 570
E0 0.0277 406 -2 578 182
G3 0.0268 432 -1 581 135
D2 0.0265 115 199 204 274
E3 0.0231 83 7 645 532
G3 0.0229 406 33 529 186
B2 0.0215 483 214 572 276
C3 0.0202 -1 -2 67 47
D2 0.0185 200 112 317 229
Q0 0.0184 19 -14 781 591
D2 0.0140 92 12 640 531
D2 0.0138 186 91 250 186
C3 0.0130 134 152 603 524
D2 0.0112 311 53 382 156
F2 0.0111 32 10 739 413
C2 0.0101 115 196 205 273
H3 0.0093 33 -14 765 586
K0 0.0084 -1 0 66 52
C3 0.0072 776 -6 800 103
D2 0.0066 128 151 186 205
I3 0.0061 498 -8 798 386
E2 0.0059 407 -3 576 183
C2 0.0059 191 106 314 236
D2 0.0056 232 111 321 204
C2 0.0054 475 357 552 414
D2 0.0053 121 145 594 526
K0 0.0052 -1 -3 65 123
B2 0.0050 475 145 590 229
G3 0.0047 476 143 546 189
C2 0.0047 477 147 591 231
B2 0.0045 475 143 547 188
R0 0.0044 483 -7 796 393
D2 0.0043 105 20 429 273
G3 0.0042 255 225 299 300
B1 0.0033 778 36 800 256
C2 0.0032 308 54 380 155
B2 0.0031 180 90 249 180
B2 0.0028 113 181 205 271
C0 0.0027 0 -4 64 140
C3 0.0027 780 168 799 248
B1 0.0026 779 108 799 253
D2 0.0026 233 42 322 122
C3 0.0026 778 -90 800 391
C2 0.0026 484 148 598 276
I0 0.0025 773 14 797 254
B1 0.0024 780 156 799 251
A2 0.0023 101 104 579 533
B2 0.0023 467 248 562 301
D2 0.0022 191 137 289 241
C2 0.0021 285 186 358 294
B0 0.0021 772 5 799 253
B2 0.0020 128 149 186 205
C2 0.0019 486 225 552 274
A2 0.0018 308 137 583 439
C2 0.0018 442 296 541 377
E3 0.0017 538 334 795 619
C2 0.0017 445 297 526 346
D2 0.0017 198 165 280 239
C3 0.0016 782 107 800 353
G3 0.0016 778 33 800 324
C3 0.0016 779 115 800 256
B2 0.0016 126 20 429 220
B2 0.0016 446 296 529 343
C2 0.0016 441 289 558 394
B2 0.0016 87 120 448 508
B2 0.0015 145 84 255 206
B2 0.0015 446 285 551 349
B2 0.0014 698 539 781 564
C2 0.0014 472 302 604 397
C3 0.0013 778 25 800 231
B2 0.0012 96 26 502 389
G3 0.0012 257 218 312 303
D2 0.0012 124 150 195 232
F2 0.0012 161 -30 656 483
C3 0.0012 786 222 800 327
E3 0.0012 544 406 788 599
C2 0.0012 111 158 205 273
G3 0.0011 778 -86 800 400
B2 0.0011 481 279 605 390
F2 0.0011 296 149 586 420
B2 0.0011 49 109 569 534
B2 0.0011 495 156 596 235
D2 0.0011 479 143 551 188
C2 0.0011 697 539 783 563
C3 0.0011 786 221 800 277
B0 0.0010 -1 10 44 363
D2 0.0010 315 54 381 125
E2 0.0010 109 22 348 264
C0 0.0010 779 148 800 322
F2 0.0010 67 117 575 540
B2 0.0010 145 147 431 434
C2 0.0010 178 139 286 239
A2 0.0010 309 71 620 482
