D2 0.6880 80 0 224 135
A3 0.2797 310 33 474 195
D2 0.2594 1 91 142 255
E2 0.2371 39 244 371 373
D2 0.1824 137 104 316 278
D2 0.1744 218 268 367 372
D2 0.1634 39 245 228 372
D2 0.1093 309 36 473 193
D2 0.0988 333 194 477 353
E2 0.0847 39 244 230 372
E2 0.0619 309 35 474 193
A3 0.0614 332 193 478 355
E2 0.0385 137 103 316 278
E2 0.0382 0 90 142 257
A3 0.0331 79 0 225 137
D2 0.0244 77 267 228 374
A2 0.0126 0 90 143 257
A3 0.0095 216 266 370 373
E2 0.0077 331 195 477 354
E2 0.0077 217 266 371 373
D2 0.0076 220 49 316 159
A3 0.0076 136 100 311 278
E2 0.0029 78 0 225 136
D2 0.0018 39 244 164 364
D2 0.0010 0 103 6 253
