D2 0.6374 73 79 200 208
C2 0.5943 74 79 200 208
D2 0.5402 152 268 279 398
D2 0.5114 343 318 477 448
D2 0.5007 232 387 361 517
C2 0.4271 232 387 361 517
C2 0.4184 153 268 279 397
E2 0.4109 322 530 447 610
D2 0.4008 69 445 199 576
C2 0.3978 344 317 476 448
C2 0.3879 -1 5 59 124
C2 0.3321 323 530 446 610
D2 0.3313 322 531 447 609
D2 0.3206 -1 -1 60 125
C2 0.3044 70 444 199 576
E2 0.2853 152 267 280 398
E2 0.2726 70 444 199 577
E2 0.2624 74 79 200 208
C2 0.2356 126 579 247 610
E2 0.2355 232 387 362 516
C2 0.1676 0 325 32 432
E2 0.1660 342 316 478 450
C2 0.1575 0 173 27 280
E2 0.1464 0 -1 60 125
E2 0.0885 130 578 243 610
E2 0.0463 0 319 33 434
E2 0.0311 0 173 27 281
E2 0.0131 59 437 249 605
K0 0.0109 333 122 417 359
E3 0.0105 320 92 565 569
C2 0.0095 92 96 172 180
A3 0.0087 362 96 566 315
C3 0.0085 360 432 563 518
C2 0.0077 175 276 261 385
C2 0.0067 356 145 417 278
C2 0.0065 411 161 477 186
C2 0.0062 95 104 152 163
C2 0.0057 74 93 174 197
B2 0.0056 410 161 476 186
C2 0.0055 -13 167 25 286
K0 0.0055 355 125 415 285
C2 0.0054 96 399 147 463
C2 0.0054 360 594 401 611
C2 0.0046 358 283 414 330
Q0 0.0041 1 -4 565 604
C2 0.0039 239 484 283 578
E2 0.0038 177 292 508 554
C2 0.0037 271 331 364 375
H3 0.0035 4 -8 569 610
K0 0.0034 315 118 448 390
C3 0.0031 347 93 571 332
F2 0.0030 327 108 565 355
E3 0.0028 353 100 568 352
E2 0.0028 74 572 257 613
E2 0.0027 341 285 543 516
E2 0.0024 301 496 450 611
E2 0.0023 339 132 565 427
C2 0.0022 132 580 202 611
K0 0.0022 459 271 563 425
K0 0.0022 311 118 517 389
C2 0.0021 350 321 465 413
C2 0.0020 365 328 450 432
K0 0.0020 349 117 450 347
C2 0.0020 0 0 43 118
C3 0.0020 518 513 564 609
C2 0.0019 277 505 357 556
C2 0.0019 191 300 251 367
C2 0.0018 261 408 336 494
C3 0.0018 383 97 560 208
E2 0.0017 258 310 497 468
E2 0.0017 309 553 445 608
D2 0.0017 354 426 563 613
K0 0.0017 358 270 562 426
C3 0.0016 374 94 561 267
D2 0.0016 361 430 563 517
C3 0.0015 361 423 561 601
D2 0.0015 97 400 146 461
C2 0.0015 329 556 435 610
C2 0.0015 316 593 415 610
C2 0.0014 130 257 370 413
B2 0.0014 332 108 548 364
E2 0.0014 67 375 198 587
C2 0.0013 519 512 563 608
E2 0.0013 230 366 365 582
C3 0.0013 235 476 363 594
D2 0.0012 346 142 561 428
A0 0.0012 354 269 559 429
C2 0.0012 262 332 357 395
F2 0.0011 350 154 562 332
E0 0.0011 355 271 559 460
C2 0.0011 75 449 195 528
C0 0.0011 358 271 563 450
E0 0.0011 90 373 376 626
R0 0.0010 315 114 566 543
H3 0.0010 361 248 559 547
D2 0.0010 3 273 162 610
C2 0.0010 341 591 453 610
B2 0.0010 97 399 147 459
C2 0.0010 -11 -11 61 164
C2 0.0010 515 335 563 422
C2 0.0010 9 4 58 52
C3 0.0010 351 101 514 305
E3 0.0010 312 476 564 608
D2 0.0010 9 182 205 492
