D2 0.7651 380 141 640 327
D2 0.7313 83 198 392 357
D2 0.7200 223 53 473 233
D2 0.6689 0 87 156 250
C2 0.5612 81 198 393 357
C2 0.5101 381 141 642 324
C2 0.4635 0 86 156 249
E2 0.2568 0 87 158 250
C2 0.2222 225 49 473 232
E2 0.1752 379 140 649 327
E2 0.1255 223 51 476 232
E2 0.1126 69 199 389 358
D2 0.0086 221 47 475 358
E2 0.0065 219 44 475 360
D2 0.0046 25 49 640 359
D2 0.0034 321 53 473 231
Q0 0.0023 383 144 637 337
E2 0.0021 0 85 88 250
C2 0.0020 71 229 117 315
D2 0.0019 225 199 393 358
E2 0.0018 177 43 513 429
E2 0.0016 3 83 122 109
E2 0.0014 3 74 156 320
D2 0.0014 219 58 639 339
D2 0.0013 493 143 640 321
C2 0.0013 315 51 482 233
C2 0.0013 491 142 639 321
E2 0.0012 2 0 168 94
Q0 0.0011 340 207 641 351
E2 0.0011 1 0 231 138
D2 0.0010 52 71 451 361
