D2 0.3458 183 59 402 257
C2 0.2697 147 157 229 248
C2 0.2552 114 43 201 126
C2 0.2178 308 119 391 211
C2 0.1762 75 95 170 165
C2 0.1588 17 200 71 256
E2 0.1434 54 35 376 265
C2 0.1420 121 223 177 281
C2 0.1376 57 151 152 240
D2 0.1295 148 143 228 255
C2 0.1060 269 232 325 270
D2 0.0963 41 33 235 265
D2 0.0761 123 223 176 282
D2 0.0760 307 117 395 215
C2 0.0727 70 234 134 282
E2 0.0698 56 150 152 241
D2 0.0582 56 150 151 241
C2 0.0563 211 233 259 267
D2 0.0563 211 233 258 268
E2 0.0537 112 37 202 129
E2 0.0482 308 116 394 216
D2 0.0462 10 42 435 263
E2 0.0418 29 37 234 262
D2 0.0417 112 37 202 129
E2 0.0401 73 86 173 171
C2 0.0369 236 149 323 234
C2 0.0362 251 123 316 168
D2 0.0362 255 124 317 168
D2 0.0339 75 85 173 169
C3 0.0295 322 -4 488 133
E2 0.0271 64 72 190 194
D2 0.0210 273 56 421 229
L0 0.0200 323 -1 488 133
D2 0.0195 59 35 208 209
D2 0.0183 272 232 334 271
D2 0.0179 17 203 68 256
E2 0.0176 149 142 228 256
E2 0.0171 269 46 423 234
D2 0.0152 215 88 338 249
B2 0.0135 212 232 257 269
D2 0.0132 225 124 332 245
E2 0.0130 121 85 274 267
C2 0.0121 230 171 296 243
C3 0.0116 242 0 487 134
C2 0.0111 76 93 150 153
C2 0.0110 326 -1 487 132
D2 0.0097 195 62 315 159
B2 0.0093 271 230 336 271
B2 0.0092 306 54 356 81
E2 0.0091 94 75 337 281
C2 0.0090 78 92 121 153
C2 0.0085 308 141 381 213
D2 0.0082 71 121 233 257
E2 0.0072 194 62 314 159
E2 0.0071 73 36 199 186
C2 0.0066 40 5 91 72
E2 0.0061 32 62 207 230
L0 0.0060 5 32 430 278
G3 0.0059 6 33 426 278
C2 0.0059 235 90 317 168
C2 0.0057 13 92 82 180
C2 0.0053 151 145 223 228
E2 0.0052 228 142 326 246
C2 0.0044 114 47 176 113
C2 0.0043 306 128 363 206
C2 0.0042 195 74 250 150
H3 0.0042 327 0 486 132
C2 0.0039 2 154 37 216
E2 0.0037 127 55 399 273
B2 0.0036 247 103 315 167
C2 0.0034 246 0 483 134
C2 0.0033 372 149 421 228
E2 0.0032 173 46 317 218
E0 0.0031 246 0 484 136
C2 0.0030 41 137 171 273
C2 0.0030 255 159 325 231
C2 0.0028 353 204 395 235
C2 0.0026 112 65 194 130
C2 0.0026 441 124 490 176
C2 0.0025 231 188 287 243
C2 0.0025 165 142 221 174
C2 0.0024 148 166 209 243
C2 0.0024 153 14 198 47
G3 0.0023 214 119 310 185
E2 0.0022 280 223 472 279
C2 0.0021 209 84 328 177
D2 0.0020 268 164 325 229
Q0 0.0019 257 1 485 134
C2 0.0019 316 122 392 181
C2 0.0019 438 115 491 207
C2 0.0019 214 123 303 182
H0 0.0018 4 28 458 279
B2 0.0018 317 213 356 235
D2 0.0018 353 204 395 235
D2 0.0017 23 0 488 136
D2 0.0017 102 108 169 165
D2 0.0017 168 143 220 173
D2 0.0017 372 158 421 228
B0 0.0016 5 31 444 283
E2 0.0016 54 102 158 250
D2 0.0016 316 213 356 235
Q0 0.0016 29 -1 479 139
L0 0.0016 22 0 486 134
H3 0.0015 244 0 484 136
C2 0.0015 263 8 325 58
C2 0.0015 211 120 260 176
E2 0.0015 234 0 479 135
C2 0.0015 16 170 70 254
B2 0.0015 268 162 325 227
C2 0.0015 284 68 389 131
C2 0.0014 371 112 421 225
C2 0.0014 228 135 316 223
B2 0.0014 168 142 220 172
L0 0.0013 11 -1 487 209
C2 0.0013 305 77 409 145
C3 0.0012 67 223 173 281
C2 0.0012 94 117 167 167
E2 0.0012 266 212 355 275
D2 0.0012 301 77 399 130
E3 0.0011 259 9 486 267
E2 0.0011 72 133 260 261
C2 0.0011 261 266 349 284
B2 0.0010 262 121 316 167
D2 0.0010 121 69 197 128
B2 0.0010 272 217 347 269
C2 0.0010 308 149 359 210
