D2 0.5375 275 65 499 304
E2 0.4261 273 62 500 307
D2 0.2775 -3 59 287 315
E2 0.2167 -7 57 286 314
C2 0.0274 67 115 176 183
C2 0.0182 103 147 200 218
E2 0.0104 -5 96 277 264
G3 0.0073 0 73 305 307
E2 0.0071 54 111 194 193
D2 0.0060 28 89 250 253
E2 0.0053 -17 76 290 218
A2 0.0048 287 63 488 266
C2 0.0034 97 158 182 224
O0 0.0026 272 63 501 304
Q0 0.0024 275 65 500 303
Q0 0.0019 2 76 311 305
B2 0.0018 269 77 307 113
B3 0.0017 1 -61 65 127
B1 0.0016 11 -30 79 101
C2 0.0016 348 163 442 229
D2 0.0014 3 64 500 329
B2 0.0013 126 151 198 216
C2 0.0012 97 173 150 223
B0 0.0011 4 78 322 305
C2 0.0011 128 144 204 210
C2 0.0010 492 105 500 266
