D2 0.5661 200 201 407 383
D2 0.5070 167 43 356 152
D2 0.5030 38 105 279 291
D2 0.4069 380 58 575 240
D2 0.3864 276 98 439 290
E2 0.3166 167 43 356 150
C2 0.2477 380 57 575 238
C2 0.2132 166 44 353 150
B2 0.0821 201 201 408 382
A2 0.0815 14 27 195 206
D2 0.0671 236 59 578 282
A2 0.0479 409 184 632 346
B2 0.0431 40 105 286 301
D2 0.0321 42 46 451 304
C2 0.0319 331 47 386 108
A2 0.0275 74 47 456 322
C2 0.0225 277 94 438 289
D2 0.0189 237 57 454 295
R0 0.0163 88 39 448 312
E2 0.0151 45 62 461 353
B2 0.0097 331 48 385 108
D2 0.0083 5 10 634 377
C2 0.0078 300 146 424 274
A2 0.0070 54 27 194 166
B2 0.0068 221 20 272 45
C2 0.0062 16 127 86 195
Q0 0.0061 1 19 615 356
E2 0.0060 160 38 405 241
C2 0.0058 407 113 481 224
C2 0.0054 379 81 446 183
C2 0.0051 513 204 626 304
E2 0.0047 134 21 493 297
A2 0.0044 15 36 196 286
C2 0.0044 52 61 140 149
E2 0.0042 39 105 291 300
D2 0.0038 43 73 357 283
D2 0.0038 78 83 444 374
D2 0.0036 118 13 541 300
D2 0.0035 332 49 385 108
B2 0.0035 432 186 633 344
C2 0.0033 116 35 191 120
E2 0.0032 277 103 437 290
E2 0.0031 202 64 253 81
A2 0.0030 87 28 195 143
A2 0.0030 17 54 132 203
D2 0.0030 219 27 591 370
E2 0.0029 157 41 448 168
D2 0.0028 62 99 313 328
C2 0.0027 205 215 307 341
E2 0.0024 57 29 391 211
B2 0.0024 152 26 193 64
D2 0.0024 144 82 472 309
C2 0.0023 313 103 416 193
B2 0.0023 204 202 312 373
Q0 0.0022 15 49 356 332
E2 0.0022 16 40 205 307
E2 0.0022 252 52 584 301
D2 0.0018 21 27 204 298
D2 0.0018 199 191 336 371
D2 0.0017 244 246 400 380
E2 0.0016 17 53 135 241
C2 0.0016 220 20 293 47
A2 0.0016 492 195 634 308
C2 0.0015 117 261 206 330
C2 0.0015 59 59 173 143
C2 0.0015 279 124 343 218
Q0 0.0013 8 -22 530 111
C2 0.0013 226 52 358 146
E2 0.0012 404 64 577 239
B2 0.0012 38 96 347 342
C3 0.0012 355 158 427 191
B2 0.0011 326 104 416 194
A2 0.0011 400 107 633 356
E2 0.0011 95 26 194 127
