D2 0.6571 3 71 202 286
D2 0.5740 186 33 378 252
C2 0.5243 5 73 198 289
C2 0.4667 190 35 374 246
E2 0.1522 3 69 199 286
E2 0.1186 186 32 372 250
C2 0.0839 162 0 191 56
C2 0.0817 360 117 382 174
D2 0.0815 361 117 382 175
C2 0.0491 160 203 267 288
D2 0.0424 160 203 267 288
D2 0.0380 365 117 382 165
C2 0.0302 0 229 49 286
C2 0.0293 365 117 382 165
A2 0.0231 254 -1 389 99
D2 0.0077 160 -1 241 142
D2 0.0064 3 30 381 286
Q0 0.0060 191 34 368 242
D2 0.0050 246 255 290 288
A2 0.0048 3 -2 146 113
D2 0.0041 0 231 53 286
D2 0.0035 2 -2 142 112
C2 0.0033 0 65 21 122
D2 0.0032 366 113 386 176
A2 0.0027 250 -41 386 71
A2 0.0025 159 -2 229 144
C2 0.0024 0 168 8 304
A2 0.0022 253 -2 386 66
C2 0.0022 362 85 389 153
C2 0.0021 54 269 96 288
Q0 0.0019 0 230 173 286
C2 0.0018 246 255 282 287
C2 0.0016 131 270 172 289
E3 0.0016 208 240 383 331
C2 0.0015 378 72 389 167
E2 0.0015 153 200 268 289
A2 0.0014 275 16 372 94
A2 0.0014 301 0 389 101
C3 0.0013 0 69 21 120
C2 0.0013 0 52 15 126
C2 0.0013 0 66 13 223
C2 0.0013 0 52 7 158
B2 0.0012 132 270 172 289
C2 0.0010 0 0 49 32
C2 0.0010 359 86 389 131
C2 0.0010 378 115 389 196
