D2 0.2883 147 102 285 340
A2 0.1864 147 102 286 340
B2 0.1848 252 -17 445 359
B2 0.1400 339 84 621 297
D2 0.1176 328 77 621 300
D2 0.1160 247 -4 466 358
D2 0.1018 203 -9 627 321
B2 0.0686 148 104 286 339
A2 0.0535 246 -6 441 340
B2 0.0451 209 16 627 313
G3 0.0325 241 -4 620 302
Q0 0.0101 2 0 643 356
A2 0.0063 143 -14 440 352
C2 0.0057 152 166 253 317
B2 0.0056 150 161 263 341
Q0 0.0043 24 45 301 344
Q0 0.0040 233 5 625 302
B2 0.0037 144 -10 433 354
D2 0.0034 280 87 446 356
B2 0.0029 364 154 612 295
C2 0.0024 146 200 245 329
Q0 0.0022 32 16 468 355
D2 0.0020 279 26 620 276
D2 0.0019 138 13 383 351
C2 0.0017 147 232 230 331
B2 0.0016 279 111 446 354
Q0 0.0016 283 72 626 291
Q0 0.0012 48 166 297 351
L0 0.0011 286 -100 297 -93
D2 0.0011 161 72 296 282
