D2 0.5965 2 53 216 232
D2 0.4388 166 13 354 283
D2 0.4290 279 15 440 207
C2 0.2444 167 32 357 283
C2 0.1340 293 10 439 202
C2 0.1266 4 52 214 229
D2 0.0397 2 3 444 286
D2 0.0381 203 4 446 216
D2 0.0337 221 6 291 137
L0 0.0333 1 2 448 286
K0 0.0196 219 5 291 137
E2 0.0178 155 -15 358 295
C2 0.0146 191 7 450 212
C2 0.0135 223 12 283 120
E2 0.0120 195 7 440 220
Q0 0.0070 15 9 391 283
Q0 0.0051 -1 56 216 229
G3 0.0050 168 9 359 283
D2 0.0039 80 55 210 221
E2 0.0037 224 2 285 138
C2 0.0034 167 63 284 280
D2 0.0030 319 38 440 200
R0 0.0027 5 8 449 287
C3 0.0026 218 6 300 136
E2 0.0025 166 59 291 281
G3 0.0021 1 46 229 231
Q0 0.0021 223 10 439 202
Q0 0.0018 162 9 372 285
G3 0.0016 221 9 442 202
D2 0.0015 5 -14 67 115
D2 0.0015 13 -29 104 89
D2 0.0014 5 -43 83 121
E2 0.0014 207 183 444 286
E2 0.0014 217 6 327 142
R0 0.0013 224 182 456 288
Q0 0.0010 12 29 273 243
