D0 0.1969 234 172 364 407
R0 0.1289 100 86 320 274
R0 0.1032 235 163 366 407
C3 0.0828 110 88 322 269
Q0 0.0807 327 143 492 372
C0 0.0722 99 87 315 147
R0 0.0560 103 86 368 415
D1 0.0510 101 85 319 147
Q0 0.0355 241 142 495 393
Q0 0.0306 341 71 493 410
C3 0.0268 157 153 203 215
J0 0.0175 230 166 361 408
C3 0.0143 102 93 253 269
R0 0.0140 220 159 495 408
R0 0.0133 61 75 398 477
L0 0.0118 101 94 252 269
C3 0.0110 101 87 323 147
C0 0.0107 109 90 373 411
R0 0.0101 98 96 255 268
Q0 0.0096 98 91 367 404
H3 0.0094 100 87 365 405
Q0 0.0090 101 90 317 271
Q0 0.0077 226 155 381 406
Q0 0.0066 113 95 475 416
E3 0.0046 102 91 311 270
H3 0.0043 245 161 366 402
Q0 0.0041 188 108 368 404
C0 0.0037 243 170 368 399
C0 0.0034 130 88 319 267
C0 0.0034 144 87 310 112
R0 0.0032 352 141 492 470
C0 0.0027 107 82 315 121
D1 0.0025 113 81 310 110
R0 0.0025 239 358 492 488
K0 0.0024 258 160 366 400
Q0 0.0023 206 182 482 359
H3 0.0020 113 85 315 268
Q0 0.0019 365 107 491 475
C3 0.0019 234 171 361 408
Q0 0.0019 352 45 490 326
C2 0.0017 157 152 203 213
C1 0.0017 91 86 489 282
B0 0.0016 93 91 494 246
R0 0.0014 234 263 490 446
R0 0.0014 11 73 298 486
Q0 0.0013 87 100 499 269
Q0 0.0011 214 106 505 341
