D3 0.9597 101 97 498 593
F3 0.1722 459 11 894 519
D3 0.0724 -6 13 505 281
D3 0.0397 4 0 887 587
D3 0.0175 345 12 890 589
D3 0.0116 0 6 356 320
D3 0.0071 -29 2 902 290
B3 0.0049 428 19 895 578
D3 0.0048 -2 9 738 221
J0 0.0040 -176 670 1081 760
R0 0.0040 428 5 896 548
F3 0.0035 556 136 891 583
D3 0.0031 4 14 317 440
D3 0.0028 94 102 513 336
J0 0.0028 427 19 898 589
B3 0.0027 698 -167 995 138
D3 0.0016 -7 -130 638 145
D3 0.0011 6 -142 308 192
D3 0.0011 -7 42 455 458
H3 0.0010 179 181 814 480
F3 0.0010 585 145 813 571
R0 0.0010 432 -3 899 301
F3 0.0010 435 246 751 592
