E0 0.1621 187 251 600 661
A3 0.1063 751 272 1206 662
L0 0.0774 180 254 609 663
A2 0.0678 752 271 1205 653
C3 0.0617 185 255 611 659
G0 0.0536 -3 -182 1327 934
R0 0.0444 1 -193 1305 943
C2 0.0347 301 380 460 547
C2 0.0196 708 430 788 505
C3 0.0150 747 267 1182 654
D0 0.0137 902 -185 1288 476
K0 0.0126 175 239 609 667
C2 0.0125 107 430 191 506
C3 0.0101 757 274 988 647
G0 0.0097 0 -150 867 854
C2 0.0094 1009 731 1087 806
C1 0.0078 -3 -171 1296 758
A3 0.0077 835 425 1189 642
C2 0.0068 15 865 87 944
C2 0.0065 406 130 490 207
C3 0.0065 1115 511 1200 580
C0 0.0064 905 -187 1305 480
C3 0.0059 15 865 88 944
G0 0.0056 -13 -164 1260 401
K0 0.0055 829 305 1200 648
R0 0.0051 883 -198 1272 419
C2 0.0049 1006 130 1090 208
K0 0.0043 770 275 978 586
C3 0.0040 676 94 823 241
G0 0.0040 22 -141 903 274
R0 0.0036 1 -154 876 930
E3 0.0032 675 200 1269 806
G3 0.0028 676 95 824 239
C3 0.0027 406 131 489 207
C0 0.0026 849 435 1196 642
F3 0.0024 1124 28 1301 508
G0 0.0024 -13 -159 1206 133
C3 0.0024 1009 731 1087 806
D1 0.0023 20 30 811 303
C2 0.0023 678 96 823 237
G0 0.0022 -3 -103 203 538
F3 0.0022 939 -45 1301 493
L0 0.0022 758 346 1205 864
D0 0.0021 926 22 1293 455
C3 0.0018 1006 131 1088 209
C3 0.0018 107 430 190 505
E3 0.0018 461 153 1294 840
C0 0.0018 907 -18 1302 410
G0 0.0017 -5 -95 906 572
D1 0.0015 3 -182 206 540
F3 0.0015 994 31 1300 619
R0 0.0015 934 32 1302 486
B0 0.0014 70 -127 1290 814
K0 0.0014 61 121 637 677
E3 0.0014 898 198 1279 859
C2 0.0013 235 353 458 571
D1 0.0012 793 841 1304 949
E3 0.0012 1025 239 1290 896
D1 0.0012 -13 -80 914 339
C0 0.0011 -83 -98 994 343
G0 0.0011 910 -101 1288 383
C1 0.0010 18 102 764 729
R0 0.0010 748 604 1298 954
E3 0.0010 63 4 1334 928
B1 0.0010 1 -138 155 502
G0 0.0010 273 -70 1264 316
C3 0.0010 825 864 891 906
