D3 0.9295 14 12 456 488
D3 0.7232 23 -1 289 190
D3 0.3515 416 1 502 252
D3 0.1192 426 1 499 154
D3 0.0429 10 0 394 212
D3 0.0332 -3 -2 86 189
D3 0.0327 5 0 450 295
D3 0.0209 0 -1 126 158
D3 0.0176 1 0 71 77
D3 0.0175 363 -1 502 244
C3 0.0170 426 0 499 139
D3 0.0163 408 2 502 360
D3 0.0127 -1 1 264 82
D3 0.0078 0 0 85 121
D3 0.0077 1 0 211 111
N0 0.0051 415 1 499 148
D3 0.0048 -1 -3 102 254
D3 0.0046 341 -3 501 177
B2 0.0041 0 382 125 499
D3 0.0039 5 -1 153 79
D3 0.0032 0 -2 141 311
D3 0.0031 -2 0 90 362
D3 0.0025 253 0 501 156
D3 0.0023 455 2 498 235
C2 0.0018 427 0 499 138
Q0 0.0013 426 -3 499 250
C3 0.0013 0 0 70 74
D3 0.0013 20 5 278 347
B3 0.0012 399 0 499 143
D3 0.0010 421 -3 502 497
D3 0.0010 118 0 503 157
