C3 0.3544 217 7 449 275
E0 0.2480 216 7 447 277
A3 0.1369 215 6 447 277
C2 0.1201 290 60 376 121
Q0 0.0262 518 26 725 392
Q0 0.0212 4 0 168 380
C2 0.0073 404 143 496 275
E2 0.0072 378 137 498 282
Q0 0.0052 -2 -10 236 404
C3 0.0045 251 2 518 281
R0 0.0045 537 31 728 396
Q0 0.0043 50 -11 680 390
Q0 0.0036 170 -53 553 384
E3 0.0034 529 25 723 396
Q0 0.0023 646 30 725 392
E2 0.0022 190 128 539 395
Q0 0.0020 0 -2 118 408
G3 0.0020 702 100 729 396
E2 0.0018 300 0 584 346
R0 0.0017 206 184 540 390
E3 0.0014 185 5 605 389
E2 0.0014 195 226 525 387
J0 0.0014 199 244 515 389
H3 0.0013 1 -115 726 388
A2 0.0013 563 41 724 410
C3 0.0012 281 0 591 323
C3 0.0011 222 12 394 205
E2 0.0010 230 8 438 216
E3 0.0010 7 0 737 389
