B3 0.3415 117 148 226 378
B3 0.3250 12 146 133 386
B3 0.1905 221 143 331 377
R0 0.1395 3 138 660 376
D0 0.0565 119 150 223 377
D0 0.0443 14 149 128 382
B3 0.0389 325 147 437 375
B3 0.0286 424 144 549 374
B3 0.0260 48 146 237 380
B3 0.0259 514 141 652 375
B3 0.0229 416 138 655 376
R0 0.0134 238 140 659 372
D3 0.0125 15 136 659 380
D0 0.0105 417 142 649 375
R0 0.0075 393 141 657 373
J0 0.0053 119 147 224 381
D1 0.0018 5 0 667 233
C2 0.0015 222 145 328 371
J0 0.0012 323 145 432 372
B3 0.0012 -2 211 44 602
D3 0.0010 413 140 657 371
