R0 0.4167 488 14 993 408
J0 0.1066 496 23 982 404
Q0 0.0264 489 16 986 398
R0 0.0257 2 -3 991 706
Q0 0.0215 190 235 771 697
A0 0.0203 -8 7 1015 694
R0 0.0163 203 278 732 702
H3 0.0148 41 2 1015 700
C0 0.0123 491 51 939 564
Q0 0.0107 52 15 989 709
C3 0.0085 289 272 720 695
H3 0.0077 463 34 930 625
E2 0.0070 145 -21 888 724
L0 0.0063 153 -21 902 674
K0 0.0054 232 271 701 700
Q0 0.0049 556 623 1018 869
K0 0.0044 -11 -67 559 779
Q0 0.0043 0 205 178 697
A0 0.0039 0 212 183 594
A0 0.0038 241 269 717 698
K0 0.0038 1 213 182 593
J0 0.0035 354 282 724 694
R0 0.0035 629 312 906 541
J0 0.0034 633 316 902 539
Q0 0.0033 3 -29 696 699
C3 0.0031 1 216 182 620
L0 0.0029 508 5 972 318
L0 0.0029 100 -14 857 458
C0 0.0026 551 283 921 540
Q0 0.0025 484 5 1008 665
Q0 0.0024 -7 -141 1026 255
A0 0.0024 -1 -108 318 237
Q0 0.0021 -4 -103 302 239
P0 0.0020 0 208 188 621
R0 0.0020 484 13 1018 691
E3 0.0018 -3 201 181 707
J0 0.0017 -5 -124 314 244
H3 0.0017 3 -121 300 244
H3 0.0016 327 12 958 722
J0 0.0016 502 4 978 258
K0 0.0016 -103 -168 713 762
R0 0.0016 -30 651 1028 866
R0 0.0016 4 -3 568 700
Q0 0.0015 1 -178 1012 623
C0 0.0015 69 -6 905 385
R0 0.0012 90 268 891 718
K0 0.0011 0 169 254 691
J0 0.0011 479 -10 950 595
C3 0.0011 5 -121 295 247
J0 0.0010 496 290 728 685
K0 0.0010 -1 -17 299 243
