F2 0.1287 228 -4 542 74
E0 0.0861 188 42 479 456
B0 0.0506 188 27 479 467
A3 0.0336 212 15 440 228
E0 0.0275 215 13 440 228
C3 0.0223 218 15 441 231
M0 0.0206 141 7 592 456
L0 0.0183 137 7 591 455
P0 0.0162 197 8 453 456
F0 0.0161 189 7 510 445
Q0 0.0139 0 7 632 468
E0 0.0137 158 31 601 465
F2 0.0129 241 -2 504 53
F2 0.0105 151 27 606 441
C3 0.0100 152 226 447 458
G3 0.0091 241 -1 533 75
C3 0.0090 153 79 458 465
E0 0.0085 143 228 450 455
H3 0.0083 0 42 638 478
K0 0.0083 444 0 532 45
D2 0.0069 123 41 626 465
Q0 0.0069 6 96 233 330
K0 0.0069 452 196 581 286
K0 0.0059 427 0 534 78
F0 0.0059 141 53 607 467
R0 0.0058 431 69 637 316
K0 0.0056 214 14 434 224
N0 0.0048 164 11 552 454
L0 0.0045 145 234 443 455
C3 0.0044 144 44 622 486
C3 0.0043 429 9 531 78
R0 0.0035 3 91 237 386
E0 0.0034 215 4 451 368
C3 0.0033 425 32 534 76
Q0 0.0030 433 0 640 82
E2 0.0030 188 -4 570 435
Q0 0.0027 432 69 638 328
R0 0.0026 0 -66 52 95
C2 0.0025 241 0 307 46
C3 0.0024 241 -1 474 54
C2 0.0023 426 32 535 75
F2 0.0022 187 154 605 448
C3 0.0021 188 136 414 455
C3 0.0020 212 10 446 347
K0 0.0019 217 16 384 178
P0 0.0018 145 164 448 448
K0 0.0018 241 -1 472 52
R0 0.0017 434 75 639 452
B0 0.0017 143 114 595 452
Q0 0.0015 139 183 606 459
A3 0.0015 240 0 467 49
K0 0.0015 426 -1 592 79
Q0 0.0014 90 173 133 211
Q0 0.0014 432 74 641 456
F2 0.0014 154 96 616 364
G3 0.0013 428 3 635 74
Q0 0.0011 474 -29 636 87
F2 0.0011 208 -4 545 121
E0 0.0011 189 -1 554 383
C3 0.0010 434 67 615 357
F3 0.0010 428 0 639 83
