R0 0.2524 -1 -2 296 346
E0 0.2137 109 54 606 574
B1 0.1276 112 430 455 668
E0 0.1174 52 146 556 736
C0 0.1062 103 421 454 668
J0 0.0870 0 1 296 344
D0 0.0798 103 420 459 668
A3 0.0702 91 57 619 532
B0 0.0298 101 413 452 670
C3 0.0282 103 38 624 540
C3 0.0228 80 358 152 392
C0 0.0196 92 418 411 796
C0 0.0191 236 498 456 664
E0 0.0172 100 220 505 684
B3 0.0170 115 526 278 810
H3 0.0154 100 397 460 669
B2 0.0151 114 518 286 805
C3 0.0151 60 112 610 723
C0 0.0143 93 299 471 671
H3 0.0117 10 19 615 802
N0 0.0112 124 566 246 789
P0 0.0107 114 522 282 807
B0 0.0106 107 408 334 807
O0 0.0105 41 18 617 795
D1 0.0091 113 415 321 800
B0 0.0091 115 480 295 804
B1 0.0074 219 482 451 666
L0 0.0063 80 132 509 755
R0 0.0052 -3 0 108 99
O0 0.0051 134 56 611 520
K0 0.0050 0 703 79 816
C0 0.0045 207 440 550 770
N0 0.0045 143 528 264 768
K0 0.0041 173 48 619 537
G0 0.0040 0 2 285 348
C0 0.0036 115 447 318 808
E0 0.0035 -45 65 695 842
Q0 0.0034 130 56 613 519
D2 0.0033 136 55 608 519
J0 0.0030 -2 0 108 100
P0 0.0029 -1 701 80 818
Q0 0.0029 0 4 285 344
H3 0.0028 100 43 617 543
E0 0.0027 59 258 508 452
R0 0.0024 2 137 184 562
E0 0.0023 80 357 156 394
E3 0.0022 3 682 340 816
F3 0.0021 8 704 370 815
R0 0.0021 264 439 618 808
K0 0.0020 239 718 353 781
G3 0.0020 3 697 331 814
R0 0.0020 -110 1 104 77
C0 0.0019 7 162 183 559
R0 0.0018 -53 -1 98 97
C3 0.0017 -1 702 79 814
C3 0.0016 474 60 611 149
E3 0.0016 308 443 616 801
F3 0.0014 -9 711 559 818
C0 0.0014 173 401 633 803
C0 0.0012 -93 0 64 26
C0 0.0012 240 718 356 777
O0 0.0012 101 418 435 766
H3 0.0011 40 253 599 512
M0 0.0011 -2 696 319 810
D1 0.0011 315 300 613 821
Q0 0.0011 259 439 607 802
E0 0.0011 125 27 456 530
C3 0.0010 342 1 605 81
C0 0.0010 286 570 322 612
