E0 0.9425 12 11 275 283
B0 0.0169 301 2 310 282
F0 0.0089 294 1 310 286
C3 0.0072 0 226 41 295
B0 0.0055 26 0 264 296
C3 0.0049 0 152 38 294
M0 0.0043 293 -10 310 285
F0 0.0042 25 -6 263 302
E0 0.0038 295 0 310 269
C0 0.0034 0 243 40 295
F0 0.0034 303 -20 311 234
B3 0.0031 282 -7 310 292
M0 0.0028 12 10 279 286
I3 0.0023 292 0 310 297
B0 0.0022 293 3 310 288
C3 0.0022 -1 240 63 295
B0 0.0021 307 46 311 220
B0 0.0015 302 40 310 227
H3 0.0015 292 6 310 298
I3 0.0013 307 31 311 258
E0 0.0011 286 5 311 298
F0 0.0011 307 30 311 266
