B0 0.3443 283 143 656 448
A2 0.3401 -1 175 48 339
A2 0.2220 27 24 502 431
E0 0.2196 276 140 671 463
E0 0.1062 40 26 536 451
B2 0.0690 267 136 680 465
A2 0.0641 95 175 546 453
C2 0.0434 266 462 336 489
E0 0.0421 72 18 646 340
G3 0.0378 271 146 636 453
A2 0.0260 0 172 68 363
C3 0.0249 475 431 638 489
B2 0.0215 375 0 631 55
A2 0.0213 14 -2 582 347
A2 0.0196 17 245 38 278
D2 0.0191 32 0 621 478
E0 0.0189 89 122 566 477
E0 0.0170 474 431 638 489
B2 0.0148 127 0 270 49
E2 0.0148 127 0 266 49
E0 0.0147 271 149 607 396
C3 0.0145 99 200 559 472
K0 0.0135 372 0 638 54
A2 0.0118 -2 120 81 348
C3 0.0115 128 -1 268 51
K0 0.0113 475 431 639 488
E0 0.0105 250 33 589 359
A3 0.0102 126 0 271 48
C2 0.0102 450 0 531 35
E0 0.0097 45 4 571 261
B2 0.0086 266 462 335 488
H3 0.0080 9 -10 623 489
G3 0.0078 119 0 642 56
K0 0.0078 136 0 397 46
G3 0.0077 376 1 637 55
A3 0.0072 376 -1 635 54
F2 0.0071 6 0 602 291
C2 0.0067 133 0 269 46
C3 0.0059 273 127 681 463
B2 0.0059 379 0 537 40
B2 0.0057 278 168 640 406
C3 0.0055 14 0 590 257
C3 0.0055 573 -2 610 53
C3 0.0054 -14 77 516 474
C2 0.0050 126 0 205 47
L0 0.0049 124 -2 638 59
K0 0.0040 470 0 630 53
C2 0.0039 485 433 624 487
C2 0.0038 376 0 474 45
B2 0.0036 449 0 536 35
Q0 0.0035 36 357 274 485
E0 0.0034 -55 -18 693 534
Q0 0.0032 1 2 151 414
F2 0.0029 50 2 461 373
C3 0.0027 377 0 532 45
K0 0.0027 238 0 386 33
G3 0.0026 573 -2 610 53
A3 0.0025 378 0 533 42
C0 0.0023 122 1 637 55
D2 0.0021 272 95 318 129
Q0 0.0021 -1 176 73 353
H3 0.0018 35 344 280 492
Q0 0.0018 1 62 121 386
E0 0.0018 -1 168 77 383
A2 0.0017 15 197 36 239
D0 0.0016 0 336 76 492
N0 0.0016 305 172 459 264
Q0 0.0016 -2 160 76 487
C3 0.0015 574 0 637 52
B2 0.0014 0 176 37 288
G3 0.0014 455 249 615 396
E0 0.0013 236 195 574 428
C2 0.0013 272 95 319 128
D2 0.0013 244 128 641 450
O0 0.0013 472 423 642 493
A2 0.0013 37 1 646 250
B2 0.0013 0 296 46 337
B2 0.0013 0 205 13 293
C2 0.0012 293 169 462 258
E0 0.0012 273 132 577 327
C3 0.0012 0 180 37 287
A2 0.0012 0 133 31 313
C3 0.0011 431 -3 452 48
B2 0.0011 0 176 18 216
B2 0.0011 0 269 46 337
Q0 0.0010 30 355 618 486
K0 0.0010 541 0 631 54
R0 0.0010 3 331 639 574
