E0 0.1920 55 23 441 299
E2 0.1166 -5 8 499 305
C3 0.0740 59 24 444 299
E0 0.0449 57 -5 499 246
H3 0.0234 5 -14 558 396
A3 0.0197 362 143 601 345
B2 0.0187 370 142 603 340
O0 0.0185 39 -5 471 299
E0 0.0181 -1 -14 600 399
H3 0.0131 39 -3 479 300
E0 0.0086 -22 -17 528 299
C3 0.0080 563 328 600 365
K0 0.0068 375 143 603 343
Q0 0.0067 42 -2 488 304
A2 0.0059 -39 -7 546 232
A2 0.0051 95 -5 480 227
E0 0.0026 -4 127 608 398
D2 0.0026 12 219 468 400
Q0 0.0023 363 148 599 341
F2 0.0022 28 -5 451 249
I3 0.0022 558 386 599 499
E3 0.0018 362 146 600 343
A3 0.0017 27 201 484 397
G3 0.0014 362 146 600 341
C2 0.0013 226 97 293 143
D2 0.0013 32 173 533 410
I3 0.0011 548 358 599 496
