G3 0.4835 14 26 91 84
C3 0.1370 60 93 323 230
Q0 0.0916 62 94 323 230
C0 0.0671 0 0 39 84
E0 0.0617 61 95 324 230
F3 0.0296 29 3 242 115
C0 0.0295 63 31 132 70
F3 0.0283 25 26 206 118
C3 0.0161 11 18 92 89
G3 0.0148 64 30 134 71
D0 0.0134 65 31 131 71
G3 0.0068 0 0 25 24
B2 0.0044 122 7 155 27
G3 0.0033 121 12 155 27
C3 0.0029 303 118 344 129
B2 0.0027 0 24 12 75
C0 0.0025 0 -2 15 45
B2 0.0022 0 16 29 89
D2 0.0021 0 0 26 22
C3 0.0020 0 0 13 11
G3 0.0020 0 0 37 87
C0 0.0016 0 0 39 138
B2 0.0015 54 93 303 230
B0 0.0015 0 -18 41 79
A2 0.0015 25 0 340 118
C3 0.0014 0 23 12 68
C3 0.0014 -1 5 33 95
B2 0.0012 0 -3 39 139
C0 0.0012 0 -8 11 15
F2 0.0011 34 0 334 116
B2 0.0011 0 28 8 73
C3 0.0011 265 91 342 249
B2 0.0011 233 8 322 75
C0 0.0010 0 0 23 27
C0 0.0010 30 3 270 117
