A2 0.1699 236 72 504 353
A2 0.1217 128 1 593 355
E0 0.1122 239 88 503 351
K0 0.0715 1 271 168 385
E0 0.0658 213 26 670 402
E0 0.0655 116 16 495 406
E0 0.0634 175 5 581 360
C3 0.0523 238 86 505 349
E2 0.0464 229 64 511 356
E0 0.0412 -1 -8 674 428
E2 0.0386 125 -4 569 385
C3 0.0273 558 -1 672 102
K0 0.0250 558 0 672 101
B0 0.0202 1 272 166 385
P0 0.0145 1 270 166 386
B0 0.0145 0 -8 679 425
H3 0.0137 -2 -12 676 422
E0 0.0123 -23 43 407 412
C2 0.0081 362 59 456 116
K0 0.0057 503 -3 669 102
Q0 0.0054 66 -4 669 421
A2 0.0051 280 -9 688 416
E2 0.0051 129 -6 409 370
E2 0.0051 162 -19 707 413
E2 0.0043 202 45 638 373
B3 0.0037 1 268 166 391
A2 0.0035 402 -4 672 413
F2 0.0034 87 -14 594 337
E0 0.0029 554 0 671 257
K0 0.0028 556 -5 671 198
E0 0.0025 115 -25 705 353
L0 0.0024 398 -46 674 97
N0 0.0021 -12 276 158 376
G3 0.0020 -5 -6 663 423
C0 0.0019 556 -1 671 183
E0 0.0017 390 -2 673 98
C0 0.0016 2 266 168 394
C3 0.0016 214 56 667 433
C0 0.0016 434 -11 665 102
K0 0.0014 321 -120 571 -48
C3 0.0012 557 -8 673 194
E0 0.0012 361 -36 681 88
Q0 0.0011 166 344 631 425
A2 0.0011 137 -14 399 334
B2 0.0010 369 60 453 111
G3 0.0010 -32 268 218 373
