A2 0.1401 -24 50 306 362
E0 0.1045 0 61 306 376
F2 0.0981 -6 71 263 360
F2 0.0956 -17 88 377 352
K0 0.0689 157 66 208 172
A2 0.0616 13 82 245 356
F2 0.0510 41 123 311 345
F2 0.0472 -34 13 316 394
F2 0.0352 121 115 316 336
F2 0.0292 -85 57 440 371
H3 0.0222 0 51 310 384
Q0 0.0220 -2 59 308 381
F2 0.0152 18 175 269 344
A0 0.0133 -1 62 306 355
F2 0.0111 7 130 231 341
C3 0.0103 158 69 206 172
C3 0.0099 41 321 129 383
F2 0.0092 -4 80 192 316
E0 0.0079 39 283 280 384
F2 0.0074 0 62 250 181
F2 0.0065 -22 182 305 374
F2 0.0062 -88 164 372 370
C3 0.0061 155 90 197 173
D2 0.0061 1 61 308 360
C3 0.0057 5 314 136 383
C3 0.0054 0 315 62 347
C3 0.0048 2 61 246 191
Q0 0.0034 -2 296 308 383
C3 0.0032 31 299 286 385
F2 0.0025 203 115 306 330
K0 0.0021 125 59 303 186
P0 0.0020 2 309 135 383
I3 0.0019 40 322 130 382
F0 0.0019 40 322 130 383
F2 0.0019 150 42 313 364
F2 0.0017 -34 210 355 353
F2 0.0017 180 89 307 357
E0 0.0015 28 249 302 388
N0 0.0015 160 66 205 165
F2 0.0015 54 -23 274 394
K0 0.0014 20 61 304 178
F2 0.0013 27 -45 346 430
F2 0.0012 154 241 175 263
Q0 0.0011 1 63 308 189
C3 0.0011 0 339 64 382
Q0 0.0010 -36 87 -5 328
Q0 0.0010 -36 29 46 373
C3 0.0010 0 312 63 367
Q0 0.0010 -36 24 6 353
B2 0.0010 214 111 306 330
G3 0.0010 0 304 145 371
