E0 0.3655 416 18 810 463
B0 0.2500 98 30 427 436
C3 0.1519 419 38 802 464
E0 0.1236 89 32 416 387
P0 0.1142 98 90 425 425
B0 0.0583 96 128 400 347
P0 0.0395 97 130 418 344
M0 0.0178 98 27 426 451
C2 0.0167 584 485 667 522
O0 0.0149 416 10 808 461
C2 0.0134 367 279 442 380
Q0 0.0119 421 16 805 457
O0 0.0069 94 32 426 448
C3 0.0067 366 275 441 380
B2 0.0064 2 1 241 50
B2 0.0064 584 485 666 522
M0 0.0063 12 1 807 470
E0 0.0048 166 9 744 444
R0 0.0046 205 321 811 526
C3 0.0045 584 485 666 522
E0 0.0042 389 12 690 465
L0 0.0041 148 -5 710 438
Q0 0.0039 11 -4 799 457
C2 0.0037 557 174 679 295
O0 0.0036 193 13 814 465
B2 0.0029 0 0 243 123
C2 0.0029 1 48 207 121
B2 0.0024 -3 0 333 47
A1 0.0024 86 34 431 447
E0 0.0022 123 34 398 205
N0 0.0021 54 5 688 458
H3 0.0021 24 0 814 517
Q0 0.0020 2 4 235 516
B2 0.0019 -14 -104 371 38
E3 0.0016 2 4 235 516
N0 0.0016 93 168 284 285
K0 0.0016 402 0 743 458
K0 0.0015 1 154 229 519
C3 0.0014 3 147 226 522
C3 0.0014 1 0 232 51
O0 0.0013 47 8 691 482
B3 0.0012 101 21 447 450
Q0 0.0011 195 330 813 518
N0 0.0011 24 17 439 492
F2 0.0011 17 0 362 39
C3 0.0010 1 -4 245 127
K0 0.0010 139 2 660 432
