E0 0.8445 253 154 341 212
E0 0.8112 69 65 273 240
E0 0.4325 317 75 341 201
E0 0.1610 318 39 341 180
H3 0.0437 174 0 343 101
E0 0.0244 308 20 342 178
E0 0.0218 326 26 341 171
E0 0.0151 301 7 342 154
E0 0.0104 332 20 341 147
E0 0.0085 320 17 341 147
H3 0.0082 265 0 342 136
E0 0.0073 274 1 342 135
E0 0.0031 321 67 341 244
E0 0.0030 317 72 341 158
E0 0.0023 296 2 342 112
H3 0.0022 319 71 342 160
E0 0.0019 178 0 347 97
E0 0.0018 0 119 97 252
E0 0.0018 69 151 177 212
C3 0.0017 336 48 342 99
A2 0.0016 320 69 342 163
E0 0.0015 0 118 97 205
E0 0.0014 316 5 341 117
E0 0.0014 334 13 341 120
R0 0.0013 67 68 275 244
B0 0.0011 71 143 128 191
H3 0.0010 336 50 342 100
B0 0.0010 311 77 342 153
