E0 0.2769 32 -6 490 276
E0 0.1200 147 -39 465 365
E0 0.0843 65 -17 378 345
Q0 0.0511 59 -5 482 361
B1 0.0345 456 22 548 183
C3 0.0315 71 27 404 346
E0 0.0232 160 21 377 243
O0 0.0224 54 -14 491 365
H3 0.0172 459 20 548 187
E0 0.0168 182 66 343 239
C3 0.0149 130 50 352 281
E0 0.0144 -12 37 546 346
C2 0.0093 0 85 10 243
E3 0.0092 340 175 549 367
D0 0.0083 460 22 549 186
B2 0.0077 495 82 548 174
O0 0.0056 458 24 550 184
E0 0.0053 135 42 423 307
E3 0.0049 346 28 549 371
Q0 0.0047 339 175 549 366
B1 0.0044 332 -69 489 58
C3 0.0044 5 55 538 347
B3 0.0040 460 19 547 190
Q0 0.0038 459 21 550 182
A2 0.0033 77 -18 485 280
B0 0.0031 457 23 552 227
N0 0.0031 461 21 551 183
H3 0.0023 434 9 549 346
Q0 0.0022 340 34 550 372
E0 0.0022 0 89 12 238
Q0 0.0021 -1 -9 141 223
C0 0.0020 471 23 549 51
E0 0.0018 0 93 13 294
B1 0.0018 495 83 548 166
R0 0.0017 338 174 550 366
E3 0.0017 387 117 552 355
B2 0.0014 492 68 549 215
N0 0.0014 454 18 551 277
C3 0.0014 349 -72 440 8
Q0 0.0012 0 197 198 365
B0 0.0012 453 20 552 346
C3 0.0012 119 19 496 360
E0 0.0011 0 45 14 240
C3 0.0010 338 -73 474 55
