E0 0.4695 37 129 364 396
B1 0.1388 0 159 49 264
C2 0.1339 417 230 501 301
C2 0.1227 0 318 98 397
K0 0.0693 417 229 500 307
C3 0.0474 418 229 500 308
E0 0.0336 0 157 50 265
Q0 0.0264 -4 2 508 457
C2 0.0243 0 161 44 245
L0 0.0237 0 53 476 453
H3 0.0223 2 26 487 484
E0 0.0223 1 39 478 457
C0 0.0165 0 313 93 401
C3 0.0141 8 323 94 399
B0 0.0140 115 52 526 334
C0 0.0140 78 34 543 371
C3 0.0128 32 194 368 393
B0 0.0123 62 13 549 393
E0 0.0099 -8 115 456 381
L0 0.0083 63 15 558 371
C3 0.0069 -1 176 49 264
C2 0.0063 -1 180 50 263
C3 0.0053 23 149 447 405
E0 0.0049 37 148 261 388
C3 0.0047 0 109 142 161
B3 0.0044 0 313 93 402
E0 0.0043 111 102 424 415
Q0 0.0041 0 100 437 410
G3 0.0040 0 317 87 389
C2 0.0039 0 161 38 218
C2 0.0038 0 317 75 383
C3 0.0035 0 80 33 117
C3 0.0027 0 156 8 191
E0 0.0026 0 151 51 336
C0 0.0025 0 312 138 403
E0 0.0023 0 157 9 197
H3 0.0023 -2 101 462 415
G3 0.0019 48 55 470 391
C0 0.0017 32 -28 588 408
F2 0.0017 0 79 32 192
E0 0.0016 0 81 32 202
K0 0.0015 0 -1 36 130
C0 0.0015 232 37 483 371
B2 0.0014 336 61 467 197
B2 0.0013 0 80 32 194
C3 0.0013 1 161 45 250
B0 0.0012 13 52 494 466
G3 0.0012 419 198 500 369
B0 0.0012 0 113 50 269
C3 0.0012 0 134 8 198
C2 0.0011 448 55 479 78
K0 0.0011 416 228 498 367
K0 0.0011 400 218 497 316
B0 0.0010 0 157 9 197
H0 0.0010 418 225 498 383
C2 0.0010 1 316 58 367
