D2 0.1187 43 0 239 181
C2 0.0516 39 0 248 186
E2 0.0162 46 14 245 183
D2 0.0156 12 -18 286 203
Q0 0.0132 36 -2 321 178
K0 0.0121 213 -3 321 123
K0 0.0113 295 2 319 84
Q0 0.0071 229 1 320 176
H3 0.0056 43 -4 322 179
A3 0.0050 42 -4 214 167
Q0 0.0049 0 4 104 178
B2 0.0049 232 23 318 177
E3 0.0048 230 0 320 179
K0 0.0044 294 4 320 117
D2 0.0038 47 -4 186 165
C3 0.0038 212 -4 321 121
D2 0.0032 49 51 258 178
H0 0.0031 231 9 318 180
B2 0.0029 232 95 319 180
K0 0.0029 299 10 319 157
G3 0.0028 230 2 320 179
B2 0.0027 0 34 67 179
K0 0.0024 230 95 320 179
B0 0.0023 0 -3 307 180
Q0 0.0022 3 -71 308 23
Q0 0.0020 14 -69 299 -8
C2 0.0019 158 158 192 178
K0 0.0017 294 6 320 181
D2 0.0016 0 -66 37 26
D2 0.0015 0 33 71 180
K0 0.0014 157 -6 311 130
C3 0.0014 96 0 175 58
Q0 0.0014 0 23 72 179
A3 0.0014 0 12 69 186
A3 0.0014 96 1 177 60
B2 0.0013 0 -53 117 78
K0 0.0011 0 31 27 179
C0 0.0011 227 5 318 188
E3 0.0010 0 41 67 178
K0 0.0010 232 103 311 157
P0 0.0010 232 101 319 178
D2 0.0010 158 -6 314 132
