C3 0.0425 0 529 167 585
H3 0.0352 4 -4 441 550
Q0 0.0192 17 2 440 553
C0 0.0126 74 176 359 481
H3 0.0118 0 530 168 584
B1 0.0087 77 165 372 498
Q0 0.0075 1 529 168 582
C0 0.0053 57 95 397 513
Q0 0.0042 -8 500 177 591
H3 0.0033 76 203 425 544
H3 0.0024 41 -14 471 194
H3 0.0023 -36 -12 505 246
H3 0.0022 -6 -34 467 376
C2 0.0021 419 268 439 401
D2 0.0020 -62 369 -10 422
D2 0.0018 1 528 169 583
C0 0.0017 116 227 328 475
E0 0.0016 71 209 374 523
C3 0.0016 419 266 438 396
C0 0.0016 61 223 407 548
B0 0.0015 5 524 379 586
C0 0.0015 44 -5 478 169
C0 0.0014 325 0 491 21
A3 0.0013 2 527 171 583
B1 0.0013 69 43 393 534
Q0 0.0013 0 404 182 605
Q0 0.0013 -6 506 402 586
G3 0.0012 31 246 79 345
B2 0.0012 -63 367 -11 415
C0 0.0012 297 0 503 45
D2 0.0011 -59 366 -8 408
Q0 0.0011 7 -1 448 228
C0 0.0011 72 -1 479 83
D0 0.0011 25 530 399 588
B0 0.0010 6 -1 443 227
C3 0.0010 6 524 257 586
C3 0.0010 0 298 48 386
C0 0.0010 186 290 252 349
