E0 0.4012 122 83 453 382
E0 0.2014 61 59 527 407
A2 0.0775 87 72 499 332
E0 0.0521 4 -4 578 469
H3 0.0413 3 -4 579 464
Q0 0.0396 1 -4 583 467
A2 0.0287 143 56 518 399
A2 0.0188 23 44 587 353
C2 0.0098 256 178 359 269
A2 0.0044 78 66 414 416
H3 0.0043 341 -2 560 429
E0 0.0043 69 -34 564 342
E0 0.0036 351 0 572 424
C3 0.0029 261 177 362 275
C3 0.0029 127 118 440 390
E0 0.0026 16 28 238 468
C2 0.0026 246 182 334 264
C2 0.0018 248 192 353 284
H3 0.0017 152 -13 564 345
C2 0.0011 0 149 15 324
A2 0.0011 348 -8 571 390
E0 0.0010 102 -13 541 239
Q0 0.0010 315 325 581 566
