E0 0.3248 233 0 298 128
C0 0.0927 232 0 292 126
A3 0.0567 -2 45 259 246
H3 0.0542 235 -2 288 129
E0 0.0465 22 37 248 256
E0 0.0403 2 79 264 334
C2 0.0394 104 134 143 170
C3 0.0194 23 66 233 247
C3 0.0163 234 -2 301 129
K0 0.0096 242 242 299 292
C3 0.0094 7 76 267 331
Q0 0.0075 0 44 283 325
H3 0.0073 0 47 282 327
C3 0.0060 0 95 37 147
C3 0.0040 -3 25 304 357
Q0 0.0033 230 0 300 126
O0 0.0033 232 0 299 126
C3 0.0028 241 14 284 106
H3 0.0026 88 40 275 296
C2 0.0022 0 96 36 146
H3 0.0018 236 0 283 90
C3 0.0016 235 -1 274 73
K0 0.0015 0 84 54 278
Q0 0.0014 56 320 325 402
E0 0.0013 81 47 279 330
C3 0.0012 86 63 282 322
E2 0.0012 -6 91 242 332
K0 0.0011 249 241 298 312
C3 0.0011 240 213 273 269
C3 0.0011 253 7 272 49
H3 0.0010 63 352 317 398
E0 0.0010 186 -5 300 133
