E0 0.3766 126 144 539 497
A2 0.2400 574 153 690 251
E0 0.2112 413 143 560 236
E2 0.1689 413 144 559 200
B0 0.1632 144 -1 238 196
O0 0.1245 146 -2 239 193
P0 0.1172 147 -1 238 194
C2 0.1113 0 81 54 131
E2 0.1070 413 141 560 236
M0 0.1030 143 -1 239 195
E0 0.0932 516 104 647 170
C2 0.0902 412 145 564 199
C0 0.0792 223 54 332 174
B3 0.0775 142 -5 241 194
B1 0.0756 144 -2 239 194
O0 0.0747 223 54 331 176
C3 0.0577 -1 458 64 487
G3 0.0528 257 -1 285 65
A2 0.0516 115 157 540 419
D2 0.0496 0 81 53 132
K0 0.0474 522 176 575 306
K0 0.0471 26 176 147 336
C2 0.0458 0 459 64 487
K0 0.0443 287 -1 323 87
E0 0.0439 414 142 559 204
C3 0.0365 -1 81 53 131
E0 0.0346 25 212 136 328
K0 0.0322 57 165 191 270
K0 0.0316 51 172 140 298
H3 0.0314 0 328 263 487
E2 0.0307 576 153 689 245
C2 0.0305 -1 284 62 387
K0 0.0305 -1 280 62 389
C3 0.0296 371 63 397 96
E0 0.0268 -1 280 62 390
K0 0.0255 46 165 189 342
C3 0.0251 268 82 331 165
C0 0.0251 0 330 258 487
G3 0.0251 288 -1 323 82
N0 0.0235 145 -18 229 184
C3 0.0228 -1 288 63 387
B1 0.0223 223 50 334 179
Q0 0.0221 127 158 531 484
K0 0.0218 280 5 298 67
G3 0.0216 237 0 265 74
C3 0.0204 520 171 575 305
J0 0.0190 0 370 257 487
C3 0.0188 25 212 131 328
C3 0.0187 373 17 397 66
C2 0.0180 222 59 289 171
R0 0.0176 0 347 259 486
C2 0.0176 126 165 190 235
C3 0.0169 126 165 190 235
E0 0.0169 509 63 689 175
E0 0.0158 576 152 689 254
K0 0.0157 364 5 376 74
K0 0.0157 74 225 152 339
K0 0.0157 304 31 357 98
C3 0.0152 398 16 441 93
C3 0.0149 576 151 689 256
C2 0.0146 309 211 357 254
B2 0.0144 -1 81 53 132
K0 0.0140 239 -1 265 74
E0 0.0137 27 208 163 364
E0 0.0128 375 64 396 96
C3 0.0124 413 140 560 239
G3 0.0124 278 0 300 69
G3 0.0123 270 0 298 73
R0 0.0113 1 70 186 281
K0 0.0111 251 70 287 101
G3 0.0109 398 15 440 92
E0 0.0108 370 57 400 161
C0 0.0108 268 83 331 163
C3 0.0106 516 104 645 172
L0 0.0095 0 361 263 487
C2 0.0092 303 210 366 268
K0 0.0088 299 1 322 46
K0 0.0086 332 80 423 166
C2 0.0082 144 -9 225 169
K0 0.0080 397 16 440 95
K0 0.0076 330 43 388 167
B3 0.0076 203 24 257 183
K0 0.0076 259 -4 324 95
K0 0.0072 296 49 344 159
E0 0.0070 373 12 440 155
G3 0.0065 363 3 377 74
C0 0.0064 3 73 117 137
E0 0.0062 332 81 425 166
C3 0.0062 249 67 286 93
C3 0.0062 346 56 379 95
C3 0.0062 522 227 575 307
G3 0.0062 280 0 311 71
C0 0.0061 555 59 689 131
C3 0.0059 37 75 117 131
K0 0.0058 269 0 291 63
E0 0.0057 549 58 691 151
B3 0.0056 479 12 525 81
B2 0.0055 616 156 690 192
K0 0.0055 25 207 170 385
G3 0.0053 270 83 329 164
E2 0.0053 516 99 652 172
C3 0.0051 84 -2 117 42
I3 0.0050 334 77 422 168
K0 0.0050 256 -3 288 78
N0 0.0048 483 27 525 81
C0 0.0048 601 240 688 488
H3 0.0045 430 25 488 82
C3 0.0045 225 61 322 169
G3 0.0045 373 16 395 70
K0 0.0043 1 259 89 389
C3 0.0043 433 26 487 80
C0 0.0043 456 54 564 132
P0 0.0042 26 193 130 329
C3 0.0038 1 372 251 488
E2 0.0038 573 149 681 207
K0 0.0038 375 17 396 69
C2 0.0038 519 107 644 156
K0 0.0037 346 59 376 96
C3 0.0037 483 27 525 81
K0 0.0036 270 49 289 83
K0 0.0036 308 34 366 159
H3 0.0036 430 24 484 145
B1 0.0036 176 0 242 190
G3 0.0035 369 10 390 72
O0 0.0035 335 80 423 168
E0 0.0034 376 19 396 68
C0 0.0033 334 82 426 165
C0 0.0032 479 54 690 146
K0 0.0030 240 25 288 108
G3 0.0029 400 15 430 80
H3 0.0029 423 138 577 300
K0 0.0028 64 222 162 368
C2 0.0028 285 212 368 280
G3 0.0027 383 22 401 78
H3 0.0027 422 23 494 110
C3 0.0027 313 32 356 96
B2 0.0027 595 187 688 244
G3 0.0026 297 -1 323 61
G3 0.0024 401 14 427 64
C0 0.0024 1 70 123 162
B3 0.0023 335 76 422 168
E0 0.0023 457 63 561 133
B3 0.0023 422 22 490 83
C3 0.0023 19 208 171 384
C3 0.0022 158 247 521 492
K0 0.0021 260 1 281 54
E0 0.0021 426 24 487 148
C3 0.0020 335 82 426 166
C0 0.0020 428 25 485 148
C0 0.0019 28 152 181 281
C3 0.0019 371 61 399 160
B2 0.0019 523 107 645 157
B2 0.0019 582 154 690 242
O0 0.0018 266 71 317 171
L0 0.0018 0 71 115 159
C0 0.0018 65 324 184 392
C2 0.0018 61 177 137 240
B3 0.0018 164 28 250 186
G3 0.0018 354 14 378 86
K0 0.0017 258 57 339 168
Q0 0.0017 23 135 630 488
C0 0.0017 0 70 62 146
G3 0.0016 251 -1 267 62
C3 0.0016 57 228 135 285
C2 0.0016 433 26 486 80
B2 0.0015 589 110 643 154
C3 0.0015 80 227 132 289
C3 0.0015 461 95 539 129
C0 0.0015 522 267 686 483
K0 0.0015 398 15 424 84
C3 0.0014 80 225 133 320
B0 0.0014 482 1 526 83
C2 0.0014 483 28 525 81
B2 0.0013 579 153 633 177
C3 0.0013 642 321 689 437
C2 0.0013 184 0 240 85
A1 0.0012 355 6 381 82
B1 0.0012 370 62 399 157
C0 0.0012 0 40 122 135
K0 0.0012 332 40 373 97
B2 0.0012 651 193 687 234
P0 0.0012 82 0 120 43
N0 0.0012 484 0 525 83
G3 0.0012 388 15 403 91
C3 0.0011 323 57 353 97
K0 0.0011 279 -2 363 78
A1 0.0011 367 11 409 93
G3 0.0011 345 52 376 96
B2 0.0011 667 163 689 254
B2 0.0011 673 174 690 249
B2 0.0011 673 173 690 198
H3 0.0011 453 50 562 129
N0 0.0011 226 58 293 177
C0 0.0011 637 302 690 476
N0 0.0011 264 2 327 96
C0 0.0010 483 28 525 81
K0 0.0010 496 168 584 398
B2 0.0010 308 211 357 255
G3 0.0010 18 482 452 590
C3 0.0010 546 153 683 285
B2 0.0010 652 172 689 244
C3 0.0010 105 -2 137 39
