E0 0.1770 0 84 574 523
E0 0.1010 56 156 530 580
E0 0.0608 -29 46 610 680
E2 0.0390 39 311 549 770
C3 0.0277 1 67 654 604
C2 0.0191 269 224 365 318
Q0 0.0186 18 23 614 764
D2 0.0172 42 339 561 775
H3 0.0156 17 55 605 766
C2 0.0064 52 1 141 58
C0 0.0055 73 49 629 642
C2 0.0052 516 62 600 142
C3 0.0039 82 152 593 596
E2 0.0038 26 356 545 634
E0 0.0033 34 297 589 775
C3 0.0023 516 62 599 142
E0 0.0021 -84 13 714 525
D2 0.0020 75 307 589 580
H3 0.0016 515 59 598 237
C2 0.0016 64 0 180 58
C2 0.0014 515 63 599 203
D2 0.0014 -92 745 162 802
C3 0.0014 24 150 462 614
C2 0.0013 52 599 123 717
D2 0.0013 66 485 532 766
C3 0.0012 19 348 560 591
C3 0.0011 -2 424 93 534
C2 0.0011 16 771 252 800
C2 0.0011 193 460 402 562
C2 0.0010 0 187 45 441
E2 0.0010 68 491 492 770
