E0 0.3603 35 151 297 315
E0 0.2533 -4 31 343 213
C3 0.1789 313 99 389 314
E0 0.1737 5 10 325 291
E0 0.0721 312 97 390 321
K0 0.0486 270 91 319 234
C3 0.0368 22 149 312 319
K0 0.0259 252 89 335 284
H3 0.0231 2 24 367 316
Q0 0.0187 0 26 373 314
K0 0.0173 311 98 390 317
O0 0.0113 -1 -1 51 106
N0 0.0073 -3 -1 50 106
K0 0.0071 255 66 322 232
C3 0.0066 115 153 302 316
E0 0.0066 -36 20 414 188
E0 0.0057 114 54 355 294
P0 0.0056 0 -2 51 106
F0 0.0054 61 148 315 317
H3 0.0052 92 150 307 315
E0 0.0052 -6 44 260 244
Q0 0.0050 313 97 390 319
C2 0.0047 275 103 311 188
E0 0.0046 25 -6 427 343
K0 0.0039 248 82 359 313
E0 0.0037 78 11 371 316
C3 0.0032 0 241 94 320
E0 0.0031 35 87 297 293
F2 0.0030 99 25 352 93
C3 0.0026 0 239 13 321
C3 0.0024 251 78 338 313
C3 0.0020 80 4 378 268
B0 0.0020 0 -1 52 106
K0 0.0018 49 -49 376 367
C3 0.0018 -62 28 432 193
C3 0.0016 111 35 328 200
C0 0.0015 339 -3 388 157
M0 0.0015 0 -1 52 165
K0 0.0014 0 238 15 324
C0 0.0013 277 41 360 80
K0 0.0013 119 24 353 86
F2 0.0012 71 19 373 150
Q0 0.0011 94 28 362 89
O0 0.0011 0 0 50 172
K0 0.0010 260 90 389 267
B0 0.0010 -1 -3 61 321
J0 0.0010 339 -1 387 158
G3 0.0010 95 27 361 89
Q0 0.0010 -9 13 376 101
E0 0.0010 2 68 199 309
D2 0.0010 1 -33 144 -14
M0 0.0010 -1 -3 56 308
