K0 0.4220 71 453 132 733
E0 0.1727 32 28 580 533
E0 0.0594 96 223 540 560
C3 0.0555 82 86 570 497
N0 0.0401 73 453 134 691
G3 0.0382 73 446 134 701
E0 0.0292 76 135 558 487
Q0 0.0184 69 14 586 531
L0 0.0156 90 227 545 565
K0 0.0139 44 252 146 736
C3 0.0132 324 477 383 561
F2 0.0105 32 -47 633 588
H3 0.0076 70 10 589 568
C3 0.0050 76 212 564 566
K0 0.0050 71 442 174 740
Q0 0.0039 67 453 131 726
C2 0.0036 324 477 383 560
K0 0.0031 26 150 156 758
R0 0.0027 24 17 612 776
C0 0.0026 32 185 151 737
O0 0.0026 66 458 135 721
H3 0.0025 -4 -119 653 625
N0 0.0024 69 490 134 749
H3 0.0024 29 38 598 771
G3 0.0024 75 457 113 704
K0 0.0015 473 488 695 812
K0 0.0015 402 492 647 805
E0 0.0012 89 102 511 399
C0 0.0012 320 475 383 562
K0 0.0012 70 353 134 696
H3 0.0012 192 20 587 454
K0 0.0011 48 467 118 766
