E0 0.2960 99 53 274 270
E0 0.1167 54 21 297 284
L0 0.0921 44 -4 328 270
C0 0.0554 114 -21 285 299
H3 0.0414 111 -3 334 269
C0 0.0272 80 11 298 222
B0 0.0184 50 -35 311 301
C0 0.0160 80 -48 351 327
K0 0.0131 88 54 247 276
K0 0.0120 37 15 214 272
Q0 0.0108 44 -4 328 274
O0 0.0088 53 -8 326 275
G3 0.0068 0 111 6 270
E0 0.0050 35 26 221 279
H3 0.0048 46 -16 317 241
C0 0.0041 52 -26 283 249
H3 0.0037 175 -26 327 267
H3 0.0036 129 -9 285 233
K0 0.0034 101 27 325 286
E0 0.0034 22 -34 262 304
C3 0.0032 97 27 348 291
C2 0.0031 0 119 16 155
N0 0.0029 176 80 221 167
K0 0.0023 38 -38 175 314
L0 0.0022 2 256 348 311
E0 0.0021 173 12 332 276
C3 0.0015 49 63 243 272
O0 0.0013 93 21 290 271
G3 0.0012 0 78 19 166
M0 0.0011 0 20 20 206
F2 0.0011 83 262 349 310
B2 0.0011 228 0 304 35
A3 0.0011 36 -11 290 174
Q0 0.0011 230 -2 345 273
