E0 0.8127 88 41 205 190
B3 0.7164 247 65 294 162
E0 0.3594 203 136 248 179
E0 0.3391 -2 61 136 196
E0 0.2615 285 164 299 226
E0 0.2116 0 61 135 150
E0 0.2057 246 151 300 210
N0 0.0887 244 63 297 160
B3 0.0413 276 135 295 157
E0 0.0279 0 104 25 225
Q0 0.0214 0 60 136 150
E0 0.0210 281 132 300 217
M0 0.0192 247 66 294 170
E0 0.0145 280 112 299 198
E0 0.0122 287 132 300 222
B0 0.0119 207 84 223 142
F0 0.0093 246 151 299 210
E2 0.0044 280 102 299 174
Q0 0.0043 0 -1 52 115
N0 0.0041 248 63 297 225
C3 0.0038 -1 132 26 206
E0 0.0027 279 103 299 174
M0 0.0023 286 125 299 154
N0 0.0021 284 145 300 229
B3 0.0020 278 126 298 156
E0 0.0020 0 125 33 225
E0 0.0017 -1 140 28 206
N0 0.0016 280 95 300 222
B3 0.0015 288 132 299 161
C3 0.0014 202 132 251 183
E0 0.0013 272 106 299 194
E0 0.0010 0 73 26 207
