E0 0.2901 51 64 250 285
E0 0.2600 45 24 264 213
E0 0.1562 0 102 45 195
E0 0.0860 0 152 57 225
E0 0.0696 41 71 248 195
B1 0.0680 190 0 244 87
B1 0.0614 191 0 280 109
E0 0.0558 0 99 71 227
H3 0.0432 0 101 46 196
C0 0.0400 0 103 45 196
C3 0.0250 0 151 57 226
O0 0.0220 191 0 245 85
E0 0.0206 84 177 217 293
C3 0.0167 87 181 216 292
B1 0.0154 -1 0 37 125
E0 0.0153 74 75 266 240
B1 0.0139 231 -1 280 109
P0 0.0113 191 -1 250 92
B3 0.0104 191 -1 246 85
B3 0.0101 191 -2 276 102
B1 0.0092 -3 0 57 125
R0 0.0091 23 -1 85 128
C3 0.0077 0 112 45 161
D2 0.0071 37 10 269 292
K0 0.0063 235 0 280 110
C0 0.0062 0 102 83 228
Q0 0.0061 35 10 272 289
E0 0.0059 70 0 271 257
R0 0.0059 -2 184 311 374
C2 0.0058 0 155 57 216
O0 0.0054 190 0 282 101
K0 0.0053 267 2 304 92
C3 0.0045 193 64 239 91
P0 0.0045 237 -1 279 110
Q0 0.0042 0 184 315 375
B3 0.0034 24 0 68 127
G3 0.0032 229 1 259 86
E0 0.0032 24 7 289 318
C2 0.0032 192 64 239 90
M0 0.0031 31 10 270 296
C2 0.0029 43 125 71 161
E0 0.0028 73 127 225 295
C3 0.0028 43 123 72 161
N0 0.0026 267 0 303 95
C3 0.0026 188 205 249 302
B3 0.0025 238 -1 279 110
C3 0.0024 212 209 302 252
P0 0.0024 199 -2 283 108
B3 0.0023 0 -1 47 126
K0 0.0020 2 104 44 216
K0 0.0020 245 -1 292 107
E0 0.0020 36 55 180 276
C0 0.0020 0 112 46 158
Q0 0.0018 24 1 84 130
B0 0.0018 191 -7 278 179
Q0 0.0018 196 153 303 249
J0 0.0017 25 -3 73 128
E0 0.0017 63 9 249 171
C0 0.0016 0 153 83 227
P0 0.0015 190 0 273 191
B2 0.0015 193 64 237 87
B1 0.0014 184 0 198 59
Q0 0.0014 181 -1 285 106
D2 0.0013 194 206 248 301
P0 0.0013 267 4 305 94
K0 0.0013 42 59 116 198
G0 0.0013 21 1 82 130
B1 0.0012 78 -1 111 88
B2 0.0011 263 92 304 114
C0 0.0011 260 -13 304 189
C2 0.0011 196 210 246 290
C0 0.0011 42 88 85 198
C3 0.0011 168 0 186 16
E3 0.0010 188 2 305 201
H3 0.0010 0 4 314 381
G3 0.0010 91 0 109 67
F2 0.0010 209 209 302 252
