E0 0.5091 0 170 250 327
E0 0.3396 143 16 501 339
C3 0.1087 0 168 246 326
C2 0.0866 51 255 123 289
C0 0.0799 166 0 242 34
C0 0.0503 83 121 137 153
C2 0.0420 119 41 189 85
B2 0.0392 299 4 400 161
C3 0.0310 164 0 243 33
C0 0.0289 1 118 141 176
E0 0.0201 239 220 439 337
C3 0.0176 299 6 406 163
D2 0.0167 297 5 399 161
H3 0.0166 4 8 547 357
E0 0.0145 300 6 406 162
Q0 0.0116 6 8 548 354
E0 0.0114 235 59 533 343
C3 0.0111 462 113 549 283
C3 0.0109 53 255 120 289
C3 0.0098 118 41 189 85
C3 0.0084 114 0 158 43
B1 0.0082 300 5 401 163
B1 0.0081 1 119 137 175
E0 0.0075 225 -2 453 290
C3 0.0075 240 220 439 339
E0 0.0067 -8 134 268 304
C0 0.0058 1 114 168 192
E0 0.0052 142 25 472 250
C0 0.0042 1 0 155 51
D1 0.0040 1 119 138 175
E0 0.0033 52 209 496 371
C0 0.0031 47 112 149 160
C0 0.0031 72 104 205 192
E0 0.0030 195 6 472 172
C0 0.0030 0 -1 62 39
A0 0.0028 239 -119 552 277
Q0 0.0027 149 16 551 320
C0 0.0026 5 84 255 208
H3 0.0025 236 -78 560 203
C0 0.0023 124 0 238 38
C0 0.0022 1 140 185 205
E0 0.0020 159 118 180 191
Q0 0.0019 238 -11 549 119
C0 0.0019 159 -1 240 55
C3 0.0019 0 140 32 170
C0 0.0019 -1 21 46 49
R0 0.0018 -3 216 550 362
Q0 0.0017 239 -70 549 274
C3 0.0016 55 125 91 158
C2 0.0015 119 45 166 87
C2 0.0015 475 124 548 264
C3 0.0015 159 123 181 190
C0 0.0014 131 117 182 189
E0 0.0013 144 116 179 191
C0 0.0013 0 0 67 27
C0 0.0013 0 74 170 192
C3 0.0013 116 13 149 41
C0 0.0013 117 107 186 188
E0 0.0013 185 89 479 349
Q0 0.0012 0 166 249 344
E0 0.0011 111 0 159 41
Q0 0.0011 -1 1 238 110
C0 0.0011 28 134 58 164
H3 0.0011 -2 -1 159 47
A2 0.0010 143 28 453 256
E0 0.0010 37 121 242 287
F0 0.0010 272 8 435 162
E0 0.0010 115 125 196 295
E0 0.0010 169 208 410 358
