E0 0.2019 39 109 241 306
E0 0.0731 79 101 241 274
E0 0.0520 61 27 254 268
K0 0.0448 291 174 441 231
E0 0.0404 48 166 178 297
B2 0.0320 290 174 440 232
E0 0.0317 98 72 303 282
C3 0.0284 114 96 242 264
F2 0.0280 289 174 442 231
C3 0.0236 292 174 438 233
C3 0.0227 97 90 311 284
C3 0.0225 68 81 243 280
E0 0.0189 107 54 244 252
E0 0.0161 106 143 461 237
B0 0.0155 49 170 176 296
N0 0.0134 95 164 181 263
E0 0.0134 98 32 464 272
H3 0.0112 97 30 302 269
H3 0.0109 4 -65 490 285
B2 0.0106 48 169 176 296
C0 0.0101 294 173 440 231
I3 0.0100 121 99 243 233
C2 0.0095 167 113 240 181
C3 0.0094 48 167 179 297
L0 0.0089 120 93 243 237
G3 0.0078 293 175 357 210
H3 0.0074 116 74 257 225
G3 0.0056 304 176 345 205
P0 0.0053 48 167 178 296
N0 0.0039 47 184 167 304
G3 0.0034 305 171 429 226
E0 0.0029 72 126 479 253
L0 0.0029 50 159 178 297
Q0 0.0026 56 25 297 286
G3 0.0023 289 176 411 222
G3 0.0022 313 181 344 204
N0 0.0020 69 194 164 279
G3 0.0018 42 208 156 298
G3 0.0016 43 121 242 286
B0 0.0016 29 23 459 271
E0 0.0015 64 20 304 225
F2 0.0013 161 167 449 233
G3 0.0012 271 169 443 234
L0 0.0011 111 17 472 270
O0 0.0011 49 110 245 291
B1 0.0011 0 55 22 298
G3 0.0010 56 84 452 242
