E0 0.4651 117 46 621 405
C0 0.0937 579 75 683 225
C0 0.0546 514 67 685 231
C3 0.0428 595 80 685 165
Q0 0.0396 64 31 645 442
C0 0.0324 594 81 685 163
Q0 0.0159 4 36 740 562
L0 0.0159 159 92 580 443
H3 0.0116 5 80 743 562
C0 0.0113 519 66 665 188
C2 0.0081 346 49 428 103
C0 0.0063 600 113 629 156
E0 0.0053 582 74 684 237
E0 0.0045 0 156 749 564
R0 0.0044 2 102 747 565
E0 0.0033 98 39 650 237
C3 0.0031 586 198 611 235
C3 0.0030 609 107 653 165
B2 0.0027 349 49 426 103
C2 0.0024 76 33 155 110
E0 0.0020 176 94 640 468
C3 0.0020 77 32 154 103
C3 0.0019 556 83 602 126
E0 0.0018 65 0 506 387
I3 0.0017 523 72 644 157
C0 0.0015 464 47 722 191
C2 0.0014 334 51 431 123
C0 0.0012 528 82 624 233
C3 0.0010 556 85 599 115
E0 0.0010 181 32 622 308
C3 0.0010 603 97 658 171
