E0 0.6034 114 15 315 194
K0 0.0560 351 8 399 108
E0 0.0410 1 61 104 174
E0 0.0359 3 64 102 130
C3 0.0340 303 58 348 103
C0 0.0219 2 89 98 180
C0 0.0167 2 117 71 163
M0 0.0166 132 22 296 189
C0 0.0157 1 114 76 191
E0 0.0148 301 58 348 103
K0 0.0138 1 96 77 173
C2 0.0133 303 59 348 102
E0 0.0118 77 67 130 112
H3 0.0118 2 56 104 181
C2 0.0100 31 93 62 112
C2 0.0099 30 76 62 113
K0 0.0089 1 118 72 163
Q0 0.0072 267 99 398 190
F2 0.0069 0 62 114 114
K0 0.0067 353 11 399 163
A3 0.0067 0 62 102 111
Q0 0.0065 7 12 403 191
Q0 0.0064 97 22 323 191
C2 0.0060 0 4 33 90
E0 0.0055 0 62 118 113
K0 0.0048 3 59 100 114
E0 0.0045 283 54 347 101
Q0 0.0044 1 99 395 191
Q0 0.0042 1 107 161 189
K0 0.0039 1 46 102 176
E3 0.0038 351 8 400 105
C3 0.0036 358 25 400 109
E0 0.0031 120 17 310 130
J0 0.0031 2 117 76 191
R0 0.0030 264 92 399 190
K0 0.0030 380 14 399 183
N0 0.0029 15 11 390 190
B1 0.0026 0 -2 34 97
B3 0.0026 0 -2 34 99
C2 0.0025 78 68 129 108
C3 0.0025 145 156 277 192
Q0 0.0024 17 2 233 76
R0 0.0024 228 -5 404 103
M0 0.0023 48 17 354 184
C2 0.0021 188 19 239 48
K0 0.0021 1 1 54 177
E3 0.0020 352 -55 399 110
C3 0.0020 78 69 129 109
E3 0.0019 348 -6 400 185
K0 0.0018 368 10 399 199
H3 0.0017 295 47 353 103
K0 0.0017 359 -58 399 110
K0 0.0015 0 68 39 161
K0 0.0015 369 0 398 99
K0 0.0014 0 11 35 168
E0 0.0013 277 40 350 98
Q0 0.0013 0 70 148 185
E0 0.0012 129 69 313 194
K0 0.0012 377 -43 397 102
E3 0.0011 271 46 399 194
C0 0.0011 4 77 141 191
B3 0.0011 0 -8 34 159
C0 0.0011 0 126 59 193
Q0 0.0011 0 101 93 189
G3 0.0011 257 204 298 229
E3 0.0010 0 4 63 180
E3 0.0010 323 -62 400 111
E0 0.0010 144 153 280 191
E0 0.0010 12 67 129 145
