E0 0.1970 -18 95 298 287
E2 0.1167 -7 79 290 278
C3 0.0521 86 264 229 359
I3 0.0477 70 86 98 108
E0 0.0403 15 132 257 349
C2 0.0360 218 66 260 105
I3 0.0337 31 82 62 122
C3 0.0322 218 67 260 105
O0 0.0287 31 81 63 124
E2 0.0278 -85 76 375 291
F2 0.0268 0 76 294 218
C0 0.0236 113 55 208 96
A0 0.0219 86 266 229 359
A3 0.0218 81 264 230 360
E0 0.0204 0 60 307 360
E0 0.0197 61 109 313 283
P0 0.0184 31 81 62 123
B3 0.0182 29 80 62 123
Q0 0.0177 0 51 310 360
F0 0.0176 82 266 230 360
I3 0.0170 69 84 99 138
K0 0.0163 89 266 229 359
C0 0.0150 111 54 267 104
Q0 0.0149 110 -1 299 84
D2 0.0138 0 53 306 358
D0 0.0134 114 55 208 96
C3 0.0129 -53 108 337 328
N0 0.0111 31 84 62 122
Q0 0.0108 119 0 303 24
H3 0.0089 114 54 209 98
C0 0.0077 7 83 290 176
C2 0.0064 69 85 98 108
B3 0.0061 67 84 100 139
C3 0.0060 86 121 302 280
C3 0.0060 70 85 98 108
B2 0.0058 126 0 296 22
J0 0.0057 114 54 206 97
C3 0.0054 113 53 206 99
Q0 0.0052 -11 0 115 94
E2 0.0051 218 67 259 106
E2 0.0048 14 160 240 355
Q0 0.0039 113 56 262 107
F2 0.0037 143 121 289 162
F2 0.0036 -43 97 366 207
I3 0.0036 218 67 259 105
E2 0.0031 -38 57 333 210
C3 0.0031 15 120 308 304
F2 0.0027 1 84 286 173
F2 0.0023 -84 69 388 226
C3 0.0022 95 123 127 139
B3 0.0022 115 53 270 110
F2 0.0021 109 119 298 183
F2 0.0021 68 116 309 193
E0 0.0021 70 129 298 356
H0 0.0019 218 66 258 106
H3 0.0019 -1 118 309 387
B2 0.0018 70 85 97 107
H0 0.0018 25 173 228 357
E0 0.0018 7 83 279 165
Q0 0.0017 0 157 307 385
C2 0.0017 188 268 226 343
Q0 0.0017 -4 0 310 30
E3 0.0017 -16 358 278 391
Q0 0.0017 85 2 350 68
D0 0.0016 -23 355 256 389
C3 0.0015 32 84 61 122
B3 0.0015 30 76 67 139
R0 0.0015 116 1 229 65
E3 0.0015 -9 328 248 388
E2 0.0015 7 99 337 223
Q0 0.0015 116 32 272 107
Q0 0.0014 6 85 305 285
C3 0.0014 31 78 60 97
E2 0.0014 32 86 107 144
G3 0.0014 43 364 292 391
C0 0.0014 69 85 97 107
Q0 0.0012 -36 -1 121 29
H3 0.0012 -16 73 323 178
E2 0.0011 183 65 261 106
I3 0.0011 11 0 100 10
C0 0.0011 -16 36 301 173
N0 0.0011 33 86 61 106
E2 0.0011 30 102 100 144
E2 0.0010 97 127 295 339
E0 0.0010 21 84 231 147
H3 0.0010 -58 48 361 198
E3 0.0010 26 346 250 387
Q0 0.0010 -22 1 120 136
E2 0.0010 61 111 315 200
I0 0.0010 32 66 70 106
