E0 0.3520 35 70 266 295
B1 0.1528 92 0 181 141
E0 0.0771 54 82 276 244
E0 0.0344 21 42 251 234
B3 0.0297 92 0 183 140
C0 0.0290 92 0 183 141
K0 0.0267 -1 -1 43 140
K0 0.0248 -3 0 134 144
Q0 0.0180 4 0 286 357
C3 0.0175 0 -1 44 139
E0 0.0171 0 0 124 173
E3 0.0130 182 -1 316 155
C3 0.0124 65 217 250 320
E0 0.0122 36 130 255 318
A0 0.0086 185 0 316 156
C3 0.0072 0 -4 117 206
C3 0.0070 39 143 253 317
E0 0.0064 77 212 255 330
D2 0.0061 82 210 255 331
A3 0.0049 -2 -1 136 138
C3 0.0030 1 -6 145 155
C0 0.0027 -32 57 -4 235
E0 0.0027 49 186 257 313
C3 0.0026 183 -4 314 181
C2 0.0024 185 54 237 96
A3 0.0023 25 0 132 117
R0 0.0021 -32 2 46 305
E3 0.0020 26 328 282 383
C3 0.0018 0 -20 50 209
Q0 0.0016 -2 1 246 132
K0 0.0016 184 -1 316 146
L0 0.0015 -32 60 -5 227
C2 0.0013 106 0 176 78
H3 0.0013 -9 -20 152 202
C3 0.0013 271 131 316 174
Q0 0.0013 -1 1 131 131
B3 0.0013 26 -5 218 151
B1 0.0012 83 0 181 95
C2 0.0012 118 9 175 92
R0 0.0010 177 0 293 27
C2 0.0010 0 10 41 111
