D1 0.0990 21 -1 169 74
B0 0.0562 0 -1 199 111
B1 0.0428 40 -3 192 82
F2 0.0327 10 22 176 109
B1 0.0299 13 -1 115 89
B1 0.0290 1 -1 176 92
G3 0.0240 2 0 180 108
L0 0.0238 2 -2 200 111
B0 0.0152 29 -1 159 71
F2 0.0138 -8 -3 184 100
B2 0.0132 -12 -3 177 102
K0 0.0111 0 49 40 111
A0 0.0102 14 27 173 111
K0 0.0078 -6 -15 169 121
E3 0.0071 136 -1 200 111
B1 0.0066 42 0 110 86
K0 0.0064 54 -5 181 83
K0 0.0052 0 50 24 110
B0 0.0045 0 -2 117 112
D0 0.0041 5 -5 130 95
K0 0.0032 -5 -25 98 135
K0 0.0029 8 -2 177 95
F2 0.0026 26 70 172 109
B2 0.0022 144 0 200 89
N0 0.0021 0 -1 105 111
D1 0.0020 44 0 108 81
E3 0.0019 143 0 200 80
G0 0.0017 1 0 104 112
H3 0.0016 -6 -28 103 137
C0 0.0015 -2 -7 139 101
C2 0.0013 34 98 60 111
C0 0.0013 15 30 183 116
K0 0.0012 0 50 14 111
D1 0.0012 14 -2 119 86
K0 0.0012 -28 -34 124 148
C2 0.0012 147 3 198 78
H3 0.0011 0 2 200 111
N0 0.0011 2 -1 164 112
B0 0.0010 17 -3 125 78
