E0 0.3526 -12 59 433 222
E0 0.2000 55 50 465 299
C3 0.0882 2 55 433 220
H3 0.0427 4 -25 497 312
Q0 0.0407 2 -31 500 314
E0 0.0290 107 53 488 239
C3 0.0150 440 118 493 193
G3 0.0121 440 117 493 193
E0 0.0114 130 292 352 322
C2 0.0113 440 118 493 192
G3 0.0037 425 120 493 209
E0 0.0037 47 133 457 298
E0 0.0029 20 64 372 290
C3 0.0023 425 123 490 210
C2 0.0016 424 119 493 209
C2 0.0013 1 247 35 397
B2 0.0013 424 118 493 209
K0 0.0013 15 42 99 207
C3 0.0013 18 73 424 271
E0 0.0010 -47 36 502 198
C2 0.0010 15 50 80 115
E0 0.0010 426 117 493 209
