E0 0.9517 73 64 537 309
E0 0.7234 467 22 607 225
E0 0.6220 0 59 68 252
E0 0.1415 0 58 45 221
E0 0.0771 67 93 230 277
B0 0.0270 43 4 160 88
E0 0.0226 1 57 95 280
E0 0.0139 0 0 21 137
B3 0.0139 0 63 46 222
C3 0.0094 0 74 45 219
Q0 0.0087 45 2 153 88
M0 0.0081 0 65 45 221
C3 0.0074 46 1 160 87
N0 0.0063 -1 50 47 227
E0 0.0054 0 66 68 341
E0 0.0053 299 65 540 309
C3 0.0049 0 0 66 107
E0 0.0043 0 24 32 216
E0 0.0035 0 1 66 138
C3 0.0024 479 20 606 188
E0 0.0023 4 80 224 283
E0 0.0019 0 -5 50 173
F0 0.0016 0 66 44 222
