E0 0.3178 76 45 285 250
E0 0.1569 81 19 315 202
A2 0.1532 75 39 274 219
A2 0.0773 113 73 293 197
C0 0.0625 61 191 119 238
Q0 0.0598 68 11 320 253
A2 0.0349 105 54 308 240
E0 0.0299 59 12 345 253
D0 0.0284 62 190 118 238
C3 0.0139 77 54 278 256
C3 0.0138 59 190 122 238
F2 0.0137 100 47 313 248
C3 0.0066 0 226 37 261
C0 0.0063 62 181 138 237
K0 0.0062 0 203 99 260
A2 0.0055 124 12 319 277
K0 0.0053 0 226 36 261
C2 0.0044 0 226 36 261
E0 0.0036 72 60 225 252
E2 0.0029 106 85 306 247
K0 0.0028 62 174 125 238
C3 0.0025 0 201 99 261
C3 0.0024 112 76 308 243
A2 0.0023 89 17 314 185
E2 0.0023 38 292 179 306
C3 0.0021 324 181 344 192
C0 0.0021 5 190 128 258
F2 0.0020 114 -11 333 285
R0 0.0018 280 -2 348 169
C2 0.0018 280 40 333 95
E0 0.0018 86 30 196 259
E2 0.0017 62 294 200 306
H3 0.0017 279 -17 347 195
C3 0.0016 227 31 322 253
C3 0.0016 285 40 333 95
H3 0.0014 279 5 343 149
C3 0.0014 168 4 323 254
A2 0.0014 200 12 318 244
E2 0.0014 104 296 217 306
N0 0.0013 60 190 119 239
B1 0.0013 0 -37 15 147
E2 0.0012 16 291 140 306
B1 0.0012 0 -54 22 155
E0 0.0012 228 26 327 238
R0 0.0011 279 -6 351 251
E3 0.0011 3 197 96 260
Q0 0.0011 249 -1 350 257
B2 0.0011 206 141 241 188
C3 0.0010 11 290 121 306
K0 0.0010 0 203 62 262
