E0 0.4488 153 111 503 408
C0 0.1035 0 126 86 222
I3 0.0705 299 75 389 131
B0 0.0553 169 109 537 395
F0 0.0456 300 75 389 131
D0 0.0402 0 125 83 224
P0 0.0377 296 74 391 134
E0 0.0267 188 114 525 275
C2 0.0239 299 75 391 131
E0 0.0203 284 71 394 138
E3 0.0197 455 -1 556 150
E0 0.0197 461 -1 556 161
I3 0.0194 471 77 555 159
K0 0.0167 0 0 134 137
E3 0.0139 2 88 264 419
C0 0.0139 0 103 105 221
H3 0.0112 474 44 555 116
K0 0.0110 0 -1 135 215
C3 0.0108 297 75 390 131
K0 0.0106 442 -2 558 162
E3 0.0105 90 1 462 151
C3 0.0104 473 78 555 159
E2 0.0102 179 114 521 266
E0 0.0096 476 2 555 92
A0 0.0095 121 0 468 136
I3 0.0094 473 42 555 118
P0 0.0093 0 -2 136 216
C0 0.0093 1 -2 137 209
E0 0.0093 180 67 452 190
Q0 0.0092 88 1 466 157
H3 0.0090 472 -6 555 147
D2 0.0083 148 112 549 408
F0 0.0082 470 0 555 159
C3 0.0078 458 -3 555 165
D1 0.0073 0 -2 136 228
Q0 0.0070 144 114 552 409
B2 0.0070 0 0 135 155
C3 0.0068 107 -1 490 141
F0 0.0061 488 0 554 54
K0 0.0060 0 257 46 420
C3 0.0059 476 2 555 91
O0 0.0058 451 0 557 214
E0 0.0058 125 -1 460 137
C3 0.0051 483 0 555 60
C3 0.0050 216 11 436 137
A3 0.0050 121 -1 464 138
C0 0.0049 1 119 69 304
I3 0.0046 487 0 555 56
F2 0.0043 177 97 485 187
C3 0.0042 474 46 555 110
C3 0.0036 436 0 475 70
F2 0.0034 182 115 489 162
H3 0.0034 6 2 566 413
Q0 0.0034 8 47 576 410
H3 0.0034 480 0 555 81
C2 0.0032 493 0 555 31
C3 0.0031 445 -1 556 232
C3 0.0031 149 122 497 413
D2 0.0030 1 90 264 419
C2 0.0029 489 0 555 49
D2 0.0028 4 -3 562 417
P0 0.0028 1 0 129 138
F2 0.0027 0 -1 134 133
A2 0.0027 191 114 523 260
C3 0.0027 265 45 406 132
B2 0.0026 494 0 554 29
C2 0.0026 475 44 555 110
A0 0.0024 -1 82 273 401
E2 0.0022 488 0 554 55
E0 0.0021 -4 74 384 421
I3 0.0021 470 45 554 234
N0 0.0020 1 85 261 415
Q0 0.0019 2 90 261 419
C3 0.0019 481 15 554 69
K0 0.0018 2 76 250 408
E2 0.0017 -42 70 403 420
C0 0.0017 0 59 121 220
H0 0.0017 1 96 267 400
E0 0.0016 265 58 404 134
A0 0.0016 36 -10 559 413
N0 0.0015 -1 128 90 217
C0 0.0015 0 129 74 192
C2 0.0013 479 13 554 73
N0 0.0013 0 -1 134 225
K0 0.0013 437 -1 486 121
C2 0.0013 477 99 555 154
E0 0.0013 0 88 575 419
C0 0.0012 1 106 58 354
N0 0.0012 6 18 543 416
F0 0.0012 263 454 280 466
F0 0.0012 259 457 275 468
C0 0.0011 0 198 55 414
E0 0.0011 510 142 554 278
C3 0.0011 481 35 555 82
C3 0.0011 474 102 555 154
K0 0.0011 4 -6 179 161
E3 0.0011 -1 -1 134 148
F0 0.0010 247 455 270 470
C3 0.0010 532 220 555 271
C2 0.0010 481 29 555 80
C3 0.0010 490 0 554 34
N0 0.0010 0 -4 136 350
C2 0.0010 391 167 480 237
