E0 0.2727 18 179 481 565
E0 0.0993 -106 136 551 608
Q0 0.0220 0 145 509 583
C0 0.0207 27 530 141 601
C0 0.0146 23 559 116 602
C3 0.0137 24 563 121 601
G3 0.0125 458 124 498 276
H3 0.0113 5 139 509 600
K0 0.0099 28 530 141 601
D2 0.0077 14 138 499 581
E0 0.0076 92 120 521 532
E0 0.0058 18 186 443 458
R0 0.0057 -28 1 490 103
R0 0.0048 -25 45 498 214
E0 0.0046 9 203 337 547
R0 0.0041 -23 41 501 109
D2 0.0037 455 116 497 288
C0 0.0036 301 538 397 588
E2 0.0034 456 113 497 289
R0 0.0032 -31 36 511 291
C0 0.0031 18 519 315 602
C2 0.0030 24 561 122 601
Q0 0.0030 21 502 492 601
Q0 0.0030 20 -1 399 44
K0 0.0027 304 149 409 239
C3 0.0026 29 536 145 600
R0 0.0024 -13 0 488 64
Q0 0.0022 -10 -1 508 61
F3 0.0021 -7 44 514 100
C3 0.0020 306 149 415 243
C3 0.0019 301 538 397 589
E0 0.0019 39 273 452 591
C3 0.0016 -19 244 453 595
C0 0.0016 23 527 216 601
C0 0.0014 305 148 412 237
C0 0.0014 264 511 473 599
B0 0.0014 20 516 491 603
G3 0.0012 470 104 498 287
C2 0.0011 455 116 498 289
R0 0.0011 -65 17 521 121
L0 0.0010 -46 -1 148 153
C0 0.0010 76 535 141 590
