E0 0.6447 92 48 444 365
E0 0.1594 105 25 453 251
C0 0.1409 -1 31 41 222
E0 0.0958 132 161 422 375
E0 0.0833 217 0 326 113
C2 0.0596 223 12 326 111
E0 0.0544 136 249 419 373
B1 0.0343 581 -1 610 193
J0 0.0331 0 31 42 219
Q0 0.0263 54 5 489 369
E0 0.0245 185 1 361 134
C3 0.0191 0 48 38 212
J0 0.0155 369 232 608 373
E0 0.0118 99 93 394 321
O0 0.0108 581 -3 610 194
Q0 0.0102 14 237 607 372
C3 0.0097 360 234 614 374
Q0 0.0087 370 235 609 369
E0 0.0065 152 -3 421 174
C3 0.0063 582 10 610 191
C3 0.0059 585 57 610 196
C3 0.0054 565 180 610 273
M0 0.0054 580 1 608 185
C2 0.0052 0 32 37 221
Q0 0.0052 567 0 609 191
R0 0.0050 367 233 610 374
R0 0.0050 15 236 604 376
C2 0.0049 342 67 405 116
C2 0.0047 565 181 610 272
C0 0.0044 215 -2 327 114
H3 0.0037 20 238 606 377
B2 0.0033 346 67 405 116
Q0 0.0032 515 -1 611 193
C2 0.0029 1 -20 34 275
I3 0.0027 584 2 609 200
G3 0.0026 582 16 610 184
C3 0.0025 583 -62 609 259
M0 0.0025 574 -3 608 263
C2 0.0024 356 268 415 369
B1 0.0022 509 -5 614 195
E0 0.0021 219 248 479 376
R0 0.0019 0 29 47 308
Q0 0.0019 317 1 572 127
C2 0.0019 141 61 205 114
K0 0.0018 570 -2 610 275
Q0 0.0018 12 196 531 365
C3 0.0018 141 60 216 114
Q0 0.0017 506 -1 610 278
Q0 0.0016 393 62 610 308
N0 0.0016 0 45 40 211
B3 0.0015 581 1 610 201
E0 0.0015 100 220 635 380
E0 0.0015 163 67 447 284
C0 0.0015 -1 39 41 372
E0 0.0015 -1 33 44 369
Q0 0.0014 360 204 610 406
B2 0.0013 146 59 221 112
E0 0.0012 566 21 608 276
E0 0.0011 168 113 445 361
E0 0.0011 11 250 434 379
C3 0.0011 393 257 595 371
C2 0.0010 584 60 609 192
R0 0.0010 387 68 606 313
