A0 0.0744 16 -10 945 900
B2 0.0564 110 178 827 678
F2 0.0521 51 101 887 705
A3 0.0488 105 155 847 690
A0 0.0442 129 138 944 672
E0 0.0373 133 160 937 700
H0 0.0353 94 165 878 708
H3 0.0313 5 10 979 912
Q0 0.0277 12 -7 968 916
A0 0.0255 93 346 776 890
E0 0.0227 48 -39 946 714
E0 0.0221 350 279 912 897
E2 0.0177 57 177 872 685
E0 0.0172 49 356 861 919
C3 0.0164 155 164 922 689
F2 0.0151 10 -2 941 891
C3 0.0134 109 386 792 919
L0 0.0131 12 -3 964 900
C3 0.0117 321 283 908 912
F0 0.0114 340 248 919 905
H0 0.0101 43 -19 908 649
C3 0.0090 41 -35 886 665
A0 0.0068 327 234 900 925
H3 0.0067 305 168 927 742
E2 0.0064 109 336 724 889
E0 0.0048 23 122 955 918
K0 0.0048 128 332 514 667
K0 0.0042 128 -66 974 730
C3 0.0040 499 8 700 211
K0 0.0033 497 8 698 210
C3 0.0027 200 102 987 869
L0 0.0024 84 -44 837 558
K0 0.0021 296 154 945 681
A3 0.0020 321 116 924 962
C3 0.0020 -11 272 993 967
C3 0.0016 192 319 978 827
I3 0.0015 107 321 528 691
C3 0.0015 64 303 728 700
I3 0.0015 55 275 508 781
A3 0.0014 60 387 968 938
C2 0.0013 314 349 501 536
C2 0.0013 226 341 474 450
H3 0.0011 212 -120 965 810
Q0 0.0011 666 305 1001 928
N0 0.0011 329 348 506 553
K0 0.0011 324 -50 956 630
C3 0.0010 287 429 887 814
I3 0.0010 501 5 696 205
