E0 0.5824 265 18 482 317
E0 0.5739 40 16 249 321
E0 0.0532 268 8 476 216
Q0 0.0148 267 9 484 308
B1 0.0147 234 0 279 34
Q0 0.0094 36 19 248 311
P0 0.0088 233 -1 280 39
A2 0.0078 274 7 478 208
C2 0.0074 234 -2 280 34
C3 0.0071 234 -2 279 34
M0 0.0069 232 0 281 37
M0 0.0062 265 6 484 308
M0 0.0060 38 16 247 311
G3 0.0052 38 17 249 311
N0 0.0048 234 -1 279 34
G3 0.0032 126 209 159 309
E0 0.0031 44 17 241 196
C3 0.0030 266 36 457 319
C3 0.0026 40 31 203 318
C0 0.0026 234 0 280 34
Q0 0.0025 24 3 523 322
N0 0.0024 106 178 169 293
N0 0.0021 100 170 201 287
B3 0.0021 229 -2 282 59
P0 0.0020 233 -2 281 63
H3 0.0016 6 -4 537 346
C2 0.0015 97 168 169 286
N0 0.0014 125 192 159 315
C2 0.0013 235 8 279 33
A2 0.0012 113 -23 443 314
E0 0.0012 280 4 451 150
C3 0.0011 297 5 482 245
