Q0 0.1336 0 -2 168 109
A0 0.0513 1 0 160 105
F2 0.0494 6 -7 158 103
F2 0.0158 -43 -13 188 112
K0 0.0147 127 1 162 80
Q0 0.0140 -1 0 167 50
K0 0.0131 142 14 160 81
A3 0.0130 6 12 131 102
G3 0.0128 0 0 166 54
A3 0.0113 -38 -2 184 106
A2 0.0111 17 17 163 114
C3 0.0097 13 22 129 100
A0 0.0095 15 21 129 99
K0 0.0093 -24 -2 153 108
C0 0.0084 120 79 155 111
F2 0.0077 9 24 166 116
E0 0.0069 23 29 158 112
K0 0.0065 -51 -20 175 120
K0 0.0065 0 53 33 111
C3 0.0065 144 98 160 111
Q0 0.0060 0 40 163 111
P0 0.0050 159 74 168 112
K0 0.0047 0 17 25 99
B0 0.0046 160 74 167 112
K0 0.0045 2 20 127 99
K0 0.0044 0 -1 20 57
K0 0.0043 140 -3 168 85
O0 0.0042 6 2 162 100
L0 0.0040 0 20 26 100
C2 0.0036 111 47 128 63
I3 0.0032 159 75 167 112
P0 0.0031 158 45 168 113
Q0 0.0031 127 1 167 80
K0 0.0029 0 58 20 111
C3 0.0027 -23 15 186 106
B0 0.0025 160 49 167 114
C0 0.0025 0 18 27 104
E0 0.0025 14 -20 199 112
K0 0.0024 0 19 21 55
C3 0.0024 27 76 138 100
F2 0.0023 0 65 160 112
Q0 0.0022 0 19 30 110
K0 0.0022 0 52 23 72
Q0 0.0021 0 68 157 111
E0 0.0020 29 3 174 110
C0 0.0020 144 75 168 111
M0 0.0019 148 81 167 112
F2 0.0019 25 75 140 99
Q0 0.0019 141 1 167 83
O0 0.0018 148 77 168 111
O0 0.0018 127 1 166 79
Q0 0.0018 -12 -17 176 48
K0 0.0017 81 0 164 88
C3 0.0017 76 -5 170 104
C3 0.0016 11 44 161 113
K0 0.0016 43 -9 180 100
K0 0.0016 88 -2 140 91
P0 0.0015 144 76 168 112
K0 0.0015 -13 -3 104 111
C0 0.0014 140 -7 168 87
K0 0.0014 0 51 23 82
H3 0.0014 0 76 158 112
G3 0.0013 126 28 138 70
Q0 0.0013 0 1 85 53
D0 0.0013 83 77 156 112
F2 0.0013 -33 -22 124 115
K0 0.0013 101 -3 132 89
C3 0.0012 98 -2 163 98
Q0 0.0011 143 77 168 110
M0 0.0011 136 77 167 115
H3 0.0011 25 0 164 109
C3 0.0011 26 74 142 113
C0 0.0011 122 75 172 112
K0 0.0011 108 2 159 84
K0 0.0011 0 39 25 86
D1 0.0011 144 93 168 111
H3 0.0010 119 78 157 110
C0 0.0010 142 17 167 84
K0 0.0010 -8 0 116 44
D1 0.0010 144 84 168 112
M0 0.0010 136 73 170 149
E2 0.0010 160 80 167 112
C0 0.0010 121 93 161 112
Q0 0.0010 0 1 49 53
C3 0.0010 159 76 167 115
