E0 0.3090 43 177 669 790
E0 0.1622 151 627 519 816
E0 0.1563 268 178 466 315
C3 0.0857 159 621 526 819
R0 0.0681 135 -2 279 176
C3 0.0540 264 177 470 317
Q0 0.0392 -14 167 712 814
E0 0.0205 108 351 682 804
E0 0.0200 17 164 732 606
E0 0.0114 -14 203 563 714
C2 0.0056 270 182 469 313
Q0 0.0052 266 -6 772 203
C2 0.0049 142 2 266 166
Q0 0.0043 456 -5 742 182
C2 0.0041 224 665 446 794
C3 0.0041 146 1 270 168
C3 0.0034 -4 -3 165 190
C3 0.0029 249 -1 455 147
C2 0.0029 239 666 421 768
C2 0.0028 381 653 512 781
E2 0.0027 -5 -1 164 169
R0 0.0027 247 0 451 143
E0 0.0026 66 172 575 431
E0 0.0025 161 174 495 370
C2 0.0021 167 626 303 747
E0 0.0020 20 346 544 802
J0 0.0020 250 0 453 146
E0 0.0015 154 146 646 485
R0 0.0014 20 -1 304 212
R0 0.0014 250 -2 656 218
R0 0.0013 162 0 322 210
E0 0.0013 18 171 573 538
R0 0.0010 550 -3 762 212
E0 0.0010 -115 -6 170 198
C3 0.0010 2 73 158 190
E3 0.0010 425 772 827 978
R0 0.0010 -3 49 158 772
