E0 0.2272 92 106 488 273
E0 0.1348 0 96 110 334
E0 0.1210 94 14 528 284
F0 0.0806 -1 101 109 330
H3 0.0623 -2 102 106 331
C3 0.0568 78 106 497 274
E2 0.0424 59 21 544 238
E2 0.0369 0 106 77 164
E0 0.0340 105 120 476 227
Q0 0.0283 52 23 554 274
A3 0.0252 97 91 525 271
E0 0.0250 0 105 76 164
C2 0.0217 -1 125 73 162
E0 0.0208 53 43 455 242
C3 0.0184 35 40 467 284
E0 0.0170 98 61 516 222
E0 0.0167 84 102 451 206
C2 0.0135 -2 109 77 164
F2 0.0132 115 116 477 201
C3 0.0128 0 134 110 329
F2 0.0128 57 99 574 277
H3 0.0121 35 17 557 335
B2 0.0077 -1 124 75 162
C2 0.0072 0 106 71 134
C3 0.0071 303 165 353 184
A3 0.0062 31 69 613 282
Q0 0.0055 -2 103 112 333
B2 0.0050 390 0 425 29
Q0 0.0044 2 -2 244 113
B2 0.0044 447 308 488 347
O0 0.0043 -1 104 112 332
C3 0.0041 -1 106 71 134
B2 0.0038 47 131 76 156
C2 0.0033 154 287 233 343
Q0 0.0033 -5 38 566 348
B2 0.0033 -1 106 71 134
Q0 0.0032 1 -62 555 300
Q0 0.0032 -2 -41 553 116
F2 0.0029 74 10 548 242
G3 0.0022 303 166 353 184
Q0 0.0022 82 206 541 347
C2 0.0021 163 293 217 344
C2 0.0019 17 144 56 163
Q0 0.0019 91 108 557 338
B2 0.0018 17 144 56 164
E2 0.0018 142 279 241 347
C2 0.0017 390 -1 426 30
B2 0.0016 160 284 242 344
C3 0.0016 0 0 22 121
E2 0.0014 1 109 91 220
A2 0.0013 153 14 540 263
C3 0.0013 188 98 553 286
Q0 0.0012 2 -21 556 181
E2 0.0012 0 92 99 303
K0 0.0012 462 170 551 342
Q0 0.0012 -4 -7 421 115
C3 0.0012 29 4 239 118
C2 0.0011 302 164 354 189
A0 0.0011 4 -4 268 118
C2 0.0011 470 250 546 313
D2 0.0011 -5 -69 556 132
H3 0.0011 -2 -55 555 203
E0 0.0011 61 25 349 261
C2 0.0010 0 178 53 276
