A2 0.3127 400 3 579 271
E0 0.2265 81 388 416 580
D2 0.1494 86 391 419 581
E0 0.1185 100 70 531 425
E0 0.1153 70 17 393 321
A3 0.0948 93 390 415 577
B2 0.0694 328 250 522 403
H3 0.0660 399 -3 582 282
A2 0.0455 67 17 395 298
G3 0.0410 8 16 524 408
C3 0.0395 82 381 417 581
E0 0.0363 31 85 456 327
F2 0.0308 100 392 399 480
C3 0.0247 399 0 578 280
A2 0.0244 449 31 578 249
L0 0.0200 11 15 527 414
A3 0.0145 109 393 404 512
E0 0.0132 51 2 559 472
E0 0.0129 57 109 401 280
C2 0.0128 463 137 548 196
L0 0.0127 398 -18 586 296
C3 0.0116 36 30 326 300
B2 0.0115 103 393 392 482
Q0 0.0113 71 391 449 579
R0 0.0104 70 389 454 581
H3 0.0095 -2 10 553 565
B0 0.0088 119 68 543 423
A2 0.0087 467 46 578 206
Q0 0.0079 34 18 389 304
C2 0.0071 473 151 556 203
E0 0.0069 99 126 334 271
Q0 0.0066 20 5 537 411
B2 0.0056 538 64 579 117
B0 0.0052 8 8 562 567
B2 0.0044 471 143 556 199
F2 0.0034 133 113 541 411
A2 0.0032 404 -1 577 179
C3 0.0032 43 104 407 303
G3 0.0029 341 257 476 392
B2 0.0029 242 239 509 404
B2 0.0027 160 117 529 409
C2 0.0026 466 140 561 223
B2 0.0025 195 193 521 404
B2 0.0024 478 155 564 211
F2 0.0023 79 225 472 547
Q0 0.0022 57 248 466 582
D2 0.0022 397 0 581 274
E0 0.0020 397 -3 581 276
N0 0.0018 350 248 495 409
Q0 0.0017 398 4 580 274
H0 0.0016 -2 69 126 626
G3 0.0016 371 273 501 399
B2 0.0015 538 82 577 115
Q0 0.0015 1 -6 468 578
F2 0.0013 39 10 411 221
B2 0.0013 531 212 579 258
B0 0.0012 66 395 450 579
C2 0.0012 346 266 451 376
G3 0.0012 317 254 419 330
B2 0.0012 548 156 579 227
E0 0.0011 32 23 318 296
B2 0.0011 485 177 552 229
C0 0.0010 321 216 528 409
H3 0.0010 24 136 477 575
B2 0.0010 560 135 579 252
