R0 0.1455 37 95 436 404
A0 0.1344 13 97 460 416
C2 0.0537 229 86 275 118
E0 0.0425 6 99 460 459
E0 0.0420 33 109 385 409
A0 0.0204 -1 -3 494 455
E0 0.0192 8 127 291 433
H3 0.0177 4 67 500 464
C3 0.0134 17 130 467 447
H3 0.0101 34 96 408 383
N0 0.0043 5 62 468 454
H3 0.0042 67 77 439 322
C2 0.0033 227 86 277 143
R0 0.0022 294 24 495 259
C0 0.0020 11 120 72 221
B2 0.0020 228 86 274 117
I3 0.0019 222 79 287 126
C0 0.0019 222 79 288 128
A0 0.0017 12 30 492 260
E0 0.0016 62 169 389 459
C2 0.0016 13 120 63 172
E0 0.0014 119 134 443 453
Q0 0.0014 3 66 447 458
A0 0.0013 154 81 450 461
C0 0.0012 218 80 292 167
C0 0.0010 454 134 491 188
