E0 0.1832 29 182 713 833
E0 0.1345 -17 102 757 693
E0 0.0173 187 45 725 378
E0 0.0159 -2 233 659 669
Q0 0.0128 -11 36 755 836
C2 0.0110 0 324 121 455
E0 0.0103 133 323 688 841
C3 0.0066 -1 0 118 97
E0 0.0064 230 53 559 254
C3 0.0060 -2 323 126 461
C2 0.0049 300 63 454 211
E0 0.0036 133 2 756 611
R0 0.0036 -10 0 139 92
C2 0.0034 431 1 593 75
E0 0.0033 246 56 478 241
C3 0.0030 11 -1 77 24
E0 0.0029 157 47 685 261
E0 0.0029 26 274 572 760
E0 0.0029 10 51 641 606
C3 0.0028 421 0 592 78
E0 0.0027 -4 285 569 582
C2 0.0024 309 61 440 154
R0 0.0020 -102 -5 182 178
C3 0.0020 147 439 677 840
C2 0.0020 299 585 447 621
R0 0.0018 -106 -1 164 104
Q0 0.0018 19 324 751 845
C3 0.0016 224 60 475 243
E0 0.0014 77 427 595 841
R0 0.0012 -16 -7 238 171
R0 0.0011 -3 0 238 93
C3 0.0011 278 673 504 839
L0 0.0010 100 -4 773 268
R0 0.0010 -37 1 131 68
