E0 0.9306 29 77 492 488
H3 0.2566 0 242 28 356
E0 0.2532 0 244 27 362
E0 0.1760 0 173 24 377
E0 0.0332 0 89 24 367
E0 0.0194 0 237 28 418
E0 0.0187 0 194 24 465
E0 0.0179 0 235 38 380
H3 0.0159 1 233 45 361
A0 0.0134 30 87 441 495
C3 0.0079 0 152 28 363
C3 0.0067 0 251 27 343
D3 0.0062 -1 24 27 383
D2 0.0054 44 0 262 133
C3 0.0045 -1 0 129 294
A2 0.0038 0 250 28 340
E0 0.0037 483 51 499 328
D3 0.0035 0 0 118 329
C3 0.0027 1 -1 97 349
C2 0.0027 27 0 270 133
C3 0.0025 479 56 499 243
C0 0.0025 0 225 14 515
D0 0.0017 0 230 21 456
E0 0.0016 464 38 500 308
C3 0.0014 474 34 500 228
E0 0.0012 -1 1 129 273
C0 0.0012 485 42 499 366
C3 0.0012 0 298 20 521
C0 0.0011 0 225 28 510
H3 0.0011 1 194 52 360
D3 0.0010 3 -1 82 382
