E0 0.8741 32 9 438 458
C3 0.3620 48 459 255 501
M0 0.1182 20 5 445 473
A2 0.0653 0 361 30 449
C3 0.0462 0 360 30 448
E0 0.0374 31 181 438 439
C3 0.0370 49 460 355 499
C3 0.0288 0 334 80 504
C3 0.0209 0 349 28 480
H3 0.0203 461 385 500 502
F0 0.0178 464 385 500 504
C3 0.0122 1 334 52 504
A2 0.0117 0 337 31 478
C3 0.0079 0 441 284 505
K0 0.0054 30 459 379 501
C3 0.0045 459 387 500 499
C3 0.0039 397 171 496 219
C3 0.0034 58 465 215 501
K0 0.0030 78 -22 375 421
C3 0.0028 0 314 276 497
K0 0.0026 31 446 497 502
K0 0.0023 249 -1 504 249
C3 0.0019 -7 462 221 499
C3 0.0016 25 179 443 457
C3 0.0015 2 396 258 497
Q0 0.0015 314 0 498 64
B2 0.0014 25 1 505 245
E0 0.0012 0 140 96 493
