E0 0.2738 111 43 409 348
A2 0.0622 112 56 413 344
Q0 0.0532 5 8 504 365
A3 0.0427 107 49 421 345
E0 0.0409 22 42 343 329
C3 0.0352 369 4 504 239
K0 0.0333 15 189 122 235
E0 0.0330 11 35 473 368
G3 0.0240 13 189 131 234
A3 0.0193 387 8 504 238
E0 0.0193 375 2 505 237
C0 0.0143 16 189 123 235
Q0 0.0126 54 40 416 350
C3 0.0105 129 40 408 351
E0 0.0096 30 112 330 356
K0 0.0076 377 1 506 241
F2 0.0068 58 35 464 338
C2 0.0042 218 162 267 240
C2 0.0033 0 350 71 376
C2 0.0027 217 146 294 241
C3 0.0026 16 190 135 237
C3 0.0022 283 -1 508 247
L0 0.0022 21 17 244 323
E0 0.0021 17 163 277 357
Q0 0.0020 363 3 506 239
H3 0.0017 131 34 425 360
C2 0.0016 254 174 298 221
C3 0.0015 8 25 440 373
R0 0.0014 0 6 94 373
E3 0.0013 372 3 506 232
C3 0.0013 361 54 389 87
K0 0.0013 325 -33 509 257
Q0 0.0012 0 -6 88 373
E3 0.0012 386 12 507 378
M0 0.0011 88 -3 503 368
H3 0.0011 39 0 230 330
L0 0.0011 92 241 349 381
M0 0.0010 348 -1 508 231
C3 0.0010 59 21 346 364
