F2 0.2622 425 223 836 578
E0 0.2532 96 23 747 553
B0 0.2196 420 222 849 582
E0 0.1555 76 0 949 490
E0 0.1145 283 42 954 564
E0 0.1059 908 171 1023 387
H3 0.0782 909 171 1023 389
B2 0.0559 425 225 829 575
E0 0.0399 250 182 698 574
E0 0.0329 212 88 647 540
F2 0.0322 57 3 1044 510
A2 0.0305 117 -10 1028 573
L0 0.0264 416 212 855 590
C2 0.0141 937 194 1025 361
L0 0.0132 366 121 901 566
C3 0.0106 937 196 1024 363
H3 0.0105 853 114 1024 399
H3 0.0103 129 0 954 575
C3 0.0095 910 167 1024 395
G3 0.0091 617 406 798 570
N0 0.0073 614 403 802 575
C3 0.0060 996 494 1024 577
H3 0.0041 938 137 1024 380
C3 0.0031 690 497 822 574
C3 0.0030 999 111 1024 203
N0 0.0030 581 353 739 574
E0 0.0028 319 211 812 587
I3 0.0027 997 497 1023 581
E2 0.0025 138 -51 1012 620
C3 0.0021 977 199 1023 349
E0 0.0020 488 50 930 543
G3 0.0020 650 444 823 570
G3 0.0020 971 560 1006 580
C3 0.0019 196 140 693 577
E0 0.0018 930 112 1025 371
C3 0.0017 945 498 1023 575
Q0 0.0017 0 212 47 548
N0 0.0017 550 314 715 535
C3 0.0015 350 40 944 580
B2 0.0015 999 113 1024 200
G3 0.0014 681 492 820 574
Q0 0.0013 0 136 74 533
G3 0.0012 577 350 736 567
C3 0.0012 613 428 828 571
Q0 0.0012 874 131 1025 416
C3 0.0011 914 174 1026 267
Q0 0.0011 832 109 1029 543
C3 0.0010 668 476 822 570
C2 0.0010 915 176 1025 277
N0 0.0010 470 231 646 447
A3 0.0010 0 230 19 391
