A3 0.1548 179 -3 635 513
E0 0.1491 169 15 617 523
D2 0.0909 12 178 582 809
Q0 0.0562 -6 1 644 843
O0 0.0517 164 -3 641 518
B0 0.0502 -4 -2 95 280
M0 0.0423 -4 -1 642 835
O0 0.0375 40 -12 652 801
E3 0.0363 171 -3 640 523
D2 0.0302 39 337 520 798
P0 0.0284 -3 -2 96 279
A3 0.0240 18 316 540 801
E0 0.0233 12 127 607 798
Q0 0.0219 169 -1 638 527
D2 0.0188 90 773 142 831
E0 0.0176 18 340 538 797
K0 0.0172 -4 -3 94 280
M0 0.0163 140 3 649 653
C3 0.0157 173 50 580 511
D2 0.0145 12 711 75 766
F2 0.0144 6 264 581 798
O0 0.0135 -9 -2 97 282
C3 0.0120 13 319 543 815
Q0 0.0107 8 255 595 799
A2 0.0104 13 282 565 798
E0 0.0087 13 289 366 798
P0 0.0076 -105 3 101 288
D2 0.0074 393 800 452 864
O0 0.0063 -91 -3 100 290
C3 0.0060 22 69 659 836
C2 0.0058 513 789 574 862
B3 0.0057 -112 14 -13 281
N0 0.0055 -3 26 90 274
C3 0.0051 90 773 142 830
C3 0.0048 -29 261 582 718
C3 0.0042 512 790 575 862
B3 0.0038 -106 -5 109 296
E3 0.0035 -29 -2 101 290
C3 0.0035 40 307 449 737
O0 0.0035 -112 -8 102 419
B2 0.0031 -10 256 131 894
C2 0.0028 -1 30 86 273
F2 0.0028 1 -6 520 872
D2 0.0026 -10 76 701 897
Q0 0.0026 0 421 634 855
C3 0.0025 76 147 641 681
C3 0.0024 73 445 535 797
E3 0.0021 -168 -13 148 310
E0 0.0020 -39 249 556 722
C3 0.0020 392 800 457 864
M0 0.0019 -264 -115 168 360
M0 0.0019 -115 19 -17 277
B2 0.0018 212 19 637 488
C2 0.0018 91 774 141 830
C3 0.0017 151 184 620 550
N0 0.0013 0 -23 89 217
B2 0.0012 392 800 450 863
H3 0.0012 -122 29 61 273
O0 0.0012 -112 30 64 343
B3 0.0011 -107 -33 54 393
F2 0.0011 -5 494 643 859
B2 0.0011 90 771 142 830
E2 0.0011 -5 272 155 855
