E0 0.5918 160 25 315 179
E0 0.5522 148 22 451 180
K0 0.2523 337 75 463 108
E0 0.0501 276 185 517 298
C3 0.0415 277 185 516 299
C2 0.0266 329 77 460 110
G3 0.0194 326 118 428 137
E0 0.0170 225 31 309 164
E0 0.0167 152 5 447 266
C2 0.0154 209 27 262 106
K0 0.0139 330 72 465 138
G3 0.0132 330 76 460 108
R0 0.0114 0 -2 47 89
C2 0.0113 322 117 438 139
G3 0.0095 323 117 404 135
C3 0.0082 313 118 448 139
K0 0.0077 277 69 450 163
G3 0.0074 284 115 418 139
E0 0.0073 202 95 447 175
K0 0.0070 329 118 437 137
C2 0.0068 0 -1 46 82
E0 0.0067 165 52 450 227
E0 0.0064 252 72 448 171
C3 0.0051 322 76 473 109
Q0 0.0049 8 -33 521 292
C3 0.0049 194 231 256 299
G3 0.0042 315 113 406 140
Q0 0.0042 281 188 530 294
C3 0.0041 0 -2 46 83
E0 0.0040 99 10 488 318
E0 0.0037 266 114 444 163
C0 0.0035 256 59 459 176
G3 0.0033 283 109 417 145
E0 0.0031 149 21 368 226
E0 0.0030 158 23 308 125
H3 0.0029 3 13 536 298
G3 0.0022 209 95 272 110
C2 0.0020 172 235 254 299
C3 0.0018 174 248 210 299
E0 0.0016 277 117 445 151
C2 0.0015 206 29 293 114
D2 0.0015 387 240 529 419
O0 0.0015 280 186 534 295
C2 0.0014 211 27 258 83
C2 0.0014 337 77 428 106
A3 0.0014 381 209 531 426
K0 0.0011 281 86 457 145
C2 0.0011 173 247 240 298
C3 0.0011 329 74 466 136
C3 0.0011 516 -9 532 88
C3 0.0010 207 95 273 111
B2 0.0010 205 95 272 111
