E0 0.3107 395 86 888 598
E2 0.2879 388 75 892 597
D2 0.0978 401 71 902 600
C0 0.0370 113 148 411 288
F2 0.0300 0 207 317 482
C2 0.0290 542 16 641 97
Q0 0.0232 393 74 890 579
C3 0.0214 179 700 265 762
A2 0.0180 764 529 934 763
B2 0.0167 759 528 933 761
C3 0.0153 542 14 693 99
F2 0.0128 -2 176 437 455
D2 0.0127 160 303 572 705
B2 0.0125 290 156 381 218
C2 0.0123 269 453 345 593
A3 0.0122 151 292 577 718
B2 0.0111 2 208 321 491
Q0 0.0109 14 10 944 738
P0 0.0095 114 149 410 289
C2 0.0090 545 18 689 96
H0 0.0089 -1 198 342 726
H3 0.0081 4 -20 949 747
A3 0.0080 -5 107 440 460
A3 0.0075 542 14 693 100
G3 0.0075 148 169 390 274
L0 0.0071 0 24 349 467
B2 0.0069 317 580 634 761
F2 0.0067 75 102 779 552
B2 0.0067 180 701 264 761
C3 0.0067 270 454 346 592
B2 0.0064 668 524 938 764
F2 0.0061 1 33 331 503
L0 0.0059 80 72 764 468
F2 0.0058 332 575 687 760
B2 0.0055 440 608 648 757
L0 0.0055 108 128 419 290
L0 0.0053 3 -20 943 741
C2 0.0048 764 536 847 716
B2 0.0047 711 580 934 766
B2 0.0044 766 607 929 761
D2 0.0044 -1 -28 956 744
C2 0.0041 2 336 171 461
C3 0.0040 428 99 895 590
C2 0.0040 131 157 322 250
B2 0.0040 395 659 536 762
C3 0.0038 37 -2 230 121
A3 0.0038 -4 12 371 508
C3 0.0037 180 350 575 678
B2 0.0037 678 538 949 883
A2 0.0035 127 282 568 728
B2 0.0034 674 560 772 654
E0 0.0034 82 130 687 688
C2 0.0034 673 559 773 653
C2 0.0033 196 306 275 476
E2 0.0031 0 185 304 731
L0 0.0031 52 63 381 327
F2 0.0031 429 588 710 760
K0 0.0030 36 -4 234 129
F2 0.0030 8 155 393 737
B2 0.0030 848 633 904 748
R0 0.0029 -2 -23 952 751
K0 0.0029 116 150 414 289
C0 0.0029 8 184 415 734
C0 0.0027 108 79 416 300
F2 0.0026 1 197 336 644
C0 0.0026 34 -1 230 119
B2 0.0026 565 615 703 759
C0 0.0026 568 616 707 758
C3 0.0026 130 158 338 254
A2 0.0025 832 526 931 747
A3 0.0024 32 0 230 118
B2 0.0024 549 614 639 736
F2 0.0022 342 549 795 765
L0 0.0022 120 106 614 741
B2 0.0020 426 606 689 813
C2 0.0020 0 692 96 762
C2 0.0020 544 614 640 750
C0 0.0019 549 613 769 759
C0 0.0019 7 69 408 416
C3 0.0019 700 678 770 762
A3 0.0019 517 594 745 760
G3 0.0019 135 158 326 252
B2 0.0018 490 613 721 769
B2 0.0018 814 622 926 758
B2 0.0018 360 646 556 762
G3 0.0017 236 184 412 295
D2 0.0017 707 -79 948 159
B2 0.0016 87 711 190 762
B2 0.0016 3 692 100 762
B2 0.0016 841 544 925 760
C2 0.0016 180 394 301 539
C2 0.0015 0 -2 73 98
D2 0.0015 -2 -2 605 742
B2 0.0014 551 615 638 696
B2 0.0014 701 680 769 762
E0 0.0014 147 351 571 725
B2 0.0014 555 630 770 764
B2 0.0013 114 594 210 712
C2 0.0013 176 384 310 586
C0 0.0013 303 586 626 759
B2 0.0013 783 613 848 753
C3 0.0012 59 31 151 150
C2 0.0012 -1 40 120 157
B2 0.0012 275 274 397 371
B2 0.0012 788 561 860 736
Q0 0.0012 -12 104 593 737
Q0 0.0012 507 526 956 917
C2 0.0012 577 621 697 755
Q0 0.0012 192 60 918 595
C3 0.0012 290 574 403 670
B2 0.0011 558 12 894 197
G0 0.0011 795 461 953 954
P0 0.0011 64 121 411 466
D2 0.0011 0 696 88 763
E0 0.0011 155 42 800 638
L0 0.0011 135 32 345 318
Q0 0.0010 0 31 408 456
B2 0.0010 931 274 950 328
P0 0.0010 -4 76 453 480
R0 0.0010 680 -93 950 169
A3 0.0010 645 522 938 767
Q0 0.0010 -2 230 317 724
E2 0.0010 3 305 204 488
