E0 0.5594 67 255 544 703
C2 0.1315 23 533 130 659
C3 0.0768 452 295 551 391
C3 0.0691 23 533 132 659
C3 0.0579 52 286 530 689
C2 0.0216 269 377 378 475
C2 0.0208 451 296 551 390
E2 0.0164 21 528 133 662
B2 0.0126 21 529 134 660
Q0 0.0083 60 259 550 693
D2 0.0076 21 526 135 661
C3 0.0041 486 -8 575 212
C2 0.0038 166 430 327 602
C0 0.0029 426 0 574 207
B1 0.0028 0 1 339 55
D1 0.0027 2 0 342 59
C0 0.0024 2 0 338 58
C0 0.0020 427 1 462 20
Q0 0.0019 22 191 573 819
R0 0.0019 15 182 571 937
Q0 0.0019 160 869 489 1022
C1 0.0016 -4 0 358 76
H3 0.0015 22 209 571 930
Q0 0.0014 466 0 573 204
D0 0.0014 -201 1 370 72
Q0 0.0013 -1 2 577 214
F3 0.0013 47 877 525 1023
C0 0.0012 74 0 349 38
C0 0.0011 367 0 462 21
C0 0.0011 424 0 506 20
C1 0.0011 -3 3 486 164
C3 0.0011 431 -4 578 207
Q0 0.0011 255 690 795 1016
Q0 0.0011 389 -1 574 213
R0 0.0010 0 0 571 215
Q0 0.0010 74 797 520 1026
