K0 0.3079 71 50 207 335
K0 0.0908 133 34 365 306
E2 0.0418 112 109 364 347
K0 0.0219 73 29 303 343
O0 0.0207 67 29 370 345
M0 0.0197 68 30 371 344
D2 0.0188 147 101 363 346
K0 0.0164 159 22 312 283
K0 0.0128 118 28 215 337
K0 0.0122 272 0 493 159
B2 0.0097 151 112 367 341
Q0 0.0083 68 29 380 346
N0 0.0081 67 28 376 342
K0 0.0076 88 80 192 320
F2 0.0067 174 50 354 282
B0 0.0051 66 29 388 342
C3 0.0044 89 73 367 376
G3 0.0042 68 69 130 141
Q0 0.0041 29 -9 482 364
A3 0.0038 257 0 499 164
N0 0.0037 72 48 220 332
K0 0.0037 57 1 280 132
C0 0.0037 108 -1 473 161
B2 0.0036 273 2 491 158
K0 0.0035 155 25 213 315
G3 0.0031 52 0 498 164
M0 0.0030 32 -4 498 358
K0 0.0029 97 65 261 334
E0 0.0028 36 -4 497 338
M0 0.0028 73 49 221 334
N0 0.0026 40 2 481 341
Q0 0.0024 56 4 268 130
K0 0.0022 156 82 309 324
C3 0.0022 68 69 130 141
C3 0.0021 175 112 370 338
Q0 0.0021 49 1 494 159
G3 0.0021 60 3 270 129
K0 0.0019 128 3 398 178
K0 0.0018 179 26 301 196
C2 0.0018 181 5 271 62
D2 0.0016 54 1 493 162
E2 0.0014 0 216 60 459
K0 0.0014 68 -27 244 302
N0 0.0013 57 4 494 158
C2 0.0013 174 234 279 276
B2 0.0013 257 135 353 274
F2 0.0013 202 -58 419 -14
E2 0.0013 75 69 376 391
B2 0.0011 0 215 70 428
E3 0.0011 47 4 269 130
C3 0.0010 226 112 363 320
E3 0.0010 282 -4 494 153
K0 0.0010 167 23 358 244
E3 0.0010 61 38 223 324
