A0 0.5405 123 207 490 641
K0 0.1071 356 749 595 800
R0 0.1028 120 210 489 662
A3 0.0668 357 749 522 800
P0 0.0351 357 749 520 800
C3 0.0341 355 748 522 801
Q0 0.0272 128 211 491 617
Q0 0.0190 354 479 599 794
G3 0.0182 358 748 598 799
K0 0.0136 355 744 524 799
C2 0.0098 350 749 523 799
H3 0.0090 119 209 478 657
N0 0.0087 284 599 371 753
J0 0.0044 127 219 481 641
K0 0.0040 358 715 603 797
L0 0.0037 351 574 606 797
F3 0.0035 28 731 612 800
G3 0.0033 349 604 606 800
Q0 0.0028 21 -2 299 76
L0 0.0028 358 705 596 797
G3 0.0026 52 697 611 798
Q0 0.0024 185 227 469 776
G3 0.0023 125 737 623 803
Q0 0.0021 22 3 307 140
Q0 0.0020 449 641 526 685
C2 0.0020 360 753 445 799
C3 0.0018 283 601 371 734
Q0 0.0017 225 94 384 246
G3 0.0016 571 577 599 788
Q0 0.0016 246 128 367 218
C3 0.0015 531 761 600 800
Q0 0.0014 357 355 647 799
Q0 0.0013 414 616 492 718
K0 0.0013 214 744 541 801
N0 0.0010 349 611 608 814
R0 0.0010 308 2 598 96
C0 0.0010 111 2 448 42
