E0 0.4409 167 248 502 469
E0 0.2518 236 469 408 666
E2 0.2233 150 300 319 431
C2 0.1840 209 332 272 381
B2 0.0839 171 247 509 471
E0 0.0801 356 366 499 629
C2 0.0534 432 259 499 353
E0 0.0442 105 344 423 665
D2 0.0412 209 332 272 382
C2 0.0381 190 302 253 334
C2 0.0357 165 257 267 304
B2 0.0341 190 302 253 333
C3 0.0289 433 259 499 353
E0 0.0285 390 350 501 540
B2 0.0283 209 332 272 382
C3 0.0277 39 515 92 588
H3 0.0238 431 257 499 353
I3 0.0233 431 257 499 354
E0 0.0233 32 173 339 475
C3 0.0149 145 292 315 435
C3 0.0147 163 257 271 305
C3 0.0132 239 470 408 665
E0 0.0123 193 377 425 657
L0 0.0097 433 255 498 358
C3 0.0086 379 513 459 633
B2 0.0085 164 256 265 304
R0 0.0080 20 423 338 670
H3 0.0078 -5 118 496 664
C3 0.0071 361 434 463 633
E0 0.0067 362 418 467 631
C3 0.0062 164 235 496 494
Q0 0.0057 1 114 494 664
E0 0.0054 20 391 342 671
E2 0.0051 155 266 375 443
B2 0.0050 362 424 469 632
E0 0.0042 84 441 340 535
C3 0.0040 59 520 91 586
E0 0.0040 111 118 304 298
E0 0.0039 42 265 444 641
E2 0.0038 103 213 330 452
C2 0.0037 426 350 499 440
E0 0.0033 97 204 314 414
N0 0.0033 228 254 328 366
C2 0.0027 228 317 319 418
I3 0.0026 396 351 497 529
E0 0.0024 87 117 363 325
E0 0.0024 99 419 358 563
H3 0.0023 397 351 497 528
C3 0.0021 28 505 97 594
C2 0.0020 279 637 338 667
Q0 0.0019 17 121 469 497
G3 0.0018 370 434 456 592
C3 0.0018 439 371 498 529
G3 0.0017 164 253 498 475
C3 0.0017 121 269 289 435
M0 0.0016 363 358 499 616
Q0 0.0016 169 250 497 476
B2 0.0015 143 473 262 516
K0 0.0015 25 506 97 594
N0 0.0014 308 328 448 431
E0 0.0014 165 186 439 445
J0 0.0014 22 439 336 671
N0 0.0014 246 273 355 378
C2 0.0013 38 516 92 587
L0 0.0013 435 6 574 193
C3 0.0012 416 376 496 539
E0 0.0012 8 327 408 587
E0 0.0012 132 239 455 577
B2 0.0012 241 324 317 420
C3 0.0012 152 343 287 426
C3 0.0012 159 242 298 352
G0 0.0011 -91 -2 519 64
C2 0.0011 271 378 371 449
C3 0.0011 34 188 312 485
E2 0.0011 129 259 483 461
B2 0.0011 271 259 359 317
C3 0.0010 439 450 499 525
C3 0.0010 279 637 337 667
B2 0.0010 286 220 334 262
E0 0.0010 217 422 460 669
O0 0.0010 381 358 499 557
N0 0.0010 298 479 385 661
