A2 0.3105 110 127 847 531
E0 0.2053 134 124 767 540
E0 0.1507 116 289 651 504
B2 0.0990 84 282 678 506
C3 0.0907 106 287 658 507
F2 0.0553 69 295 714 507
G3 0.0194 91 313 645 506
F2 0.0189 87 313 547 470
E0 0.0154 47 136 891 611
Q0 0.0128 40 139 907 619
F2 0.0110 119 123 838 493
A2 0.0099 322 121 849 601
F2 0.0087 536 440 869 635
G3 0.0083 77 319 387 402
B2 0.0068 539 438 869 637
C3 0.0067 903 499 950 611
C3 0.0064 759 443 866 524
Q0 0.0060 89 313 647 506
F2 0.0058 63 157 730 544
Q0 0.0057 77 273 768 537
G3 0.0042 45 431 890 769
F2 0.0040 755 475 947 638
G3 0.0032 53 437 882 644
C3 0.0031 92 303 539 489
G3 0.0030 89 318 324 385
G3 0.0029 157 340 477 433
Q0 0.0027 519 441 867 628
Q0 0.0026 10 -77 946 626
C2 0.0024 448 381 645 494
F2 0.0022 585 471 945 640
G3 0.0021 16 319 503 417
G3 0.0020 516 442 864 629
L0 0.0015 25 421 913 792
C3 0.0013 909 531 950 626
G3 0.0012 253 439 915 733
A2 0.0012 465 138 856 559
C3 0.0012 40 315 100 377
B2 0.0012 878 554 948 635
L0 0.0010 83 182 577 502
