E0 0.2777 44 242 585 816
C3 0.0673 47 240 571 808
E0 0.0299 -6 349 506 963
C2 0.0228 0 683 138 885
H3 0.0146 -4 242 580 1019
L0 0.0141 -2 244 580 1017
C2 0.0126 472 899 565 1006
C3 0.0115 473 903 563 1005
C2 0.0087 0 744 106 887
R0 0.0073 -2 235 581 1032
C3 0.0055 11 839 163 916
K0 0.0055 1 666 181 888
E0 0.0049 54 421 572 1033
Q0 0.0048 44 249 573 789
C3 0.0047 -2 680 149 883
C0 0.0032 2 665 187 888
Q0 0.0031 6 243 586 1009
L0 0.0028 -10 391 460 932
C3 0.0022 2 672 210 898
C3 0.0020 -33 264 574 968
C0 0.0019 84 714 602 1028
C2 0.0015 0 729 117 853
K0 0.0015 -1 591 195 905
C2 0.0014 0 750 86 864
C2 0.0014 0 602 116 781
C3 0.0014 63 694 594 1040
C3 0.0012 6 672 166 837
C2 0.0011 40 732 207 899
E0 0.0010 79 682 608 1032
C2 0.0010 343 856 409 953
