E0 0.4195 77 77 399 372
E0 0.3254 97 79 402 244
K0 0.0516 35 105 87 204
Q0 0.0403 11 85 476 372
C0 0.0350 383 0 463 250
G3 0.0252 35 107 85 203
K0 0.0177 35 104 111 260
Q0 0.0135 6 -11 477 298
K0 0.0126 42 106 90 182
C3 0.0113 37 106 85 203
E0 0.0092 106 76 375 187
H3 0.0064 384 84 447 239
Q0 0.0053 0 232 495 371
Q0 0.0045 353 234 500 372
Q0 0.0043 382 2 463 245
C3 0.0029 65 111 89 167
Q0 0.0029 411 7 500 245
R0 0.0029 1 237 492 373
C3 0.0027 227 81 267 108
C2 0.0027 227 81 267 109
L0 0.0026 377 -5 465 259
K0 0.0025 11 37 89 233
B2 0.0023 226 80 268 107
E0 0.0022 38 104 244 288
H3 0.0022 377 3 459 244
C3 0.0022 35 105 110 262
C0 0.0022 384 89 446 245
C2 0.0017 1 222 85 265
C3 0.0017 39 106 88 169
R0 0.0016 416 3 502 259
C3 0.0015 36 106 75 144
E0 0.0015 56 105 332 334
C0 0.0015 0 223 83 267
K0 0.0014 0 220 84 268
Q0 0.0014 105 -9 401 136
R0 0.0013 383 1 464 246
C3 0.0012 386 97 443 149
E0 0.0012 55 99 196 279
B2 0.0012 36 106 76 143
E0 0.0012 239 87 451 251
C2 0.0012 386 98 443 149
K0 0.0011 15 93 98 264
R0 0.0011 364 235 497 372
C0 0.0011 399 -5 498 271
B1 0.0010 476 186 499 316
R0 0.0010 438 -2 500 309
