A2 0.3386 98 48 235 192
C0 0.2625 251 155 301 201
E0 0.1936 9 82 66 134
E0 0.1854 99 44 235 193
K0 0.1075 251 155 301 202
Q0 0.0480 60 21 258 214
A2 0.0406 54 25 247 192
E0 0.0273 7 30 69 144
H3 0.0259 86 0 160 51
F2 0.0238 50 16 246 195
E0 0.0173 9 74 71 164
E0 0.0173 53 20 257 200
C0 0.0170 268 153 318 215
Q0 0.0167 6 3 314 214
B0 0.0166 87 0 160 52
B1 0.0159 87 0 160 51
C2 0.0125 9 83 65 127
I3 0.0110 0 31 69 149
C3 0.0107 250 156 302 202
B3 0.0095 87 -1 159 52
C3 0.0091 102 49 235 193
B1 0.0084 0 0 30 40
K0 0.0079 261 150 317 216
R0 0.0072 1 32 69 152
O0 0.0064 0 0 31 41
C2 0.0055 0 0 25 39
H3 0.0048 16 -2 318 217
C2 0.0047 86 195 120 217
F0 0.0045 86 0 160 50
E0 0.0043 12 123 74 164
C3 0.0039 10 83 66 127
R0 0.0038 1 29 72 210
E0 0.0037 59 26 173 216
E0 0.0031 10 49 170 179
C2 0.0029 0 13 23 39
R0 0.0029 180 -10 319 128
I3 0.0028 86 195 144 217
G3 0.0027 291 153 318 214
E0 0.0025 29 5 165 238
Q0 0.0024 240 0 321 210
C3 0.0023 17 124 52 141
Q0 0.0023 0 124 94 211
C3 0.0022 0 0 25 40
E0 0.0022 10 120 96 208
A2 0.0019 81 38 242 154
C2 0.0018 85 196 137 216
E0 0.0018 68 57 224 215
B0 0.0017 0 29 72 143
C3 0.0017 85 196 138 216
Q0 0.0017 0 26 78 207
C0 0.0017 232 150 318 215
Q0 0.0016 188 0 321 212
G3 0.0015 269 149 319 216
Q0 0.0015 197 1 313 88
I3 0.0014 28 0 67 40
L0 0.0013 4 121 98 212
E0 0.0013 4 88 69 146
N0 0.0013 267 146 319 216
E2 0.0012 56 5 176 220
B0 0.0012 245 2 321 214
G0 0.0011 0 31 66 138
L0 0.0011 236 45 319 191
C0 0.0011 10 121 95 207
K0 0.0010 290 153 318 218
C0 0.0010 210 152 303 204
C3 0.0010 63 75 220 219
B1 0.0010 0 -24 30 40
