E0 0.9316 218 76 447 290
E0 0.8728 1 139 189 339
C3 0.2955 419 206 538 315
D2 0.2007 419 208 537 314
E0 0.0984 1 180 154 282
C2 0.0181 67 139 163 202
C3 0.0169 154 173 249 334
E0 0.0154 419 207 539 314
C2 0.0149 417 208 537 315
A3 0.0125 418 206 538 315
C3 0.0115 68 138 167 205
C2 0.0081 1 161 182 345
C3 0.0068 216 76 448 297
C3 0.0065 65 137 190 280
E0 0.0051 42 133 291 338
C2 0.0040 1 175 161 289
C2 0.0038 324 290 384 353
C3 0.0032 320 288 385 355
C3 0.0028 331 0 456 50
D2 0.0014 324 291 384 352
C0 0.0013 440 321 543 438
A3 0.0012 322 290 384 353
C3 0.0012 485 48 499 60
E0 0.0012 -3 290 147 510
E0 0.0010 103 1 299 139
