B0 0.5901 -1 70 130 141
G3 0.1063 0 70 133 144
R0 0.0506 0 67 148 219
K0 0.0347 13 70 139 127
Q0 0.0265 0 68 143 217
Q0 0.0264 -2 161 156 220
R0 0.0248 -3 0 168 34
Q0 0.0224 21 7 86 77
L0 0.0184 -1 67 139 203
C0 0.0139 -2 68 140 142
Q0 0.0135 3 0 160 18
B0 0.0126 21 70 137 127
B0 0.0125 0 70 138 181
E3 0.0103 5 160 129 218
R0 0.0101 5 6 154 45
R0 0.0089 3 0 148 17
C0 0.0053 25 68 136 129
Q0 0.0053 14 5 109 59
Q0 0.0050 -4 187 156 218
Q0 0.0050 16 11 125 40
Q0 0.0047 4 140 130 220
Q0 0.0046 0 69 137 148
R0 0.0041 -2 191 161 218
R0 0.0040 21 3 117 33
C0 0.0031 35 65 136 161
C2 0.0031 0 0 11 33
E3 0.0023 5 7 98 77
E3 0.0023 8 62 140 186
Q0 0.0022 9 11 137 61
E3 0.0019 -4 143 169 230
C2 0.0019 0 140 17 170
P0 0.0017 1 74 121 150
Q0 0.0015 130 71 197 225
C0 0.0014 7 71 122 160
R0 0.0014 4 0 180 55
G0 0.0013 14 -1 103 16
R0 0.0011 132 82 201 219
Q0 0.0010 10 22 128 74
C2 0.0010 0 121 7 145
