B0 0.3409 254 194 607 438
F2 0.3255 246 195 632 439
B2 0.1918 264 199 606 431
A0 0.0878 6 -5 637 427
Q0 0.0403 233 181 593 430
G3 0.0297 251 198 585 431
Q0 0.0251 22 14 634 432
D2 0.0173 3 -4 641 436
F2 0.0119 251 195 550 388
F2 0.0099 -53 -32 674 367
F2 0.0085 -55 -125 625 500
A3 0.0078 416 -9 635 441
B2 0.0053 123 -27 596 391
B2 0.0047 10 -68 690 403
A2 0.0038 -120 -104 583 476
D2 0.0038 434 27 631 427
L0 0.0034 240 157 628 440
F2 0.0031 250 197 464 297
F2 0.0029 93 -78 718 446
A2 0.0022 -17 -19 448 442
F2 0.0021 248 198 496 329
C2 0.0021 401 -102 462 -65
D2 0.0021 402 -102 483 -65
Q0 0.0019 207 48 622 430
F2 0.0019 424 -31 638 456
L0 0.0018 225 21 683 448
A3 0.0017 228 -36 707 463
C3 0.0015 421 46 621 427
B2 0.0013 -25 -145 831 482
F2 0.0013 263 -57 684 361
F2 0.0013 -3 -75 547 416
F2 0.0012 212 25 629 430
K0 0.0011 441 33 632 423
B2 0.0010 420 -103 496 -68
Q0 0.0010 506 -4 643 159
B2 0.0010 404 -104 485 -66
B2 0.0010 285 -55 684 382
G3 0.0010 281 202 428 279
C3 0.0010 279 204 429 295
