A0 0.0683 33 18 384 208
E0 0.0483 43 45 338 323
R0 0.0478 71 169 340 328
A0 0.0449 3 -2 381 326
C2 0.0346 0 166 25 207
A2 0.0281 40 22 386 214
E0 0.0234 19 18 410 210
A0 0.0207 19 53 378 267
C3 0.0191 0 166 25 208
A2 0.0189 -48 0 389 247
M0 0.0180 -1 -4 373 325
A0 0.0155 63 163 333 326
C2 0.0153 180 0 230 27
B0 0.0152 -11 16 349 221
H3 0.0140 1 -9 391 325
H3 0.0135 65 165 313 324
B1 0.0119 -41 13 383 230
C3 0.0104 35 39 418 236
E0 0.0098 -11 39 394 286
B1 0.0096 73 182 341 330
R0 0.0069 57 13 408 211
E0 0.0064 58 107 331 285
C3 0.0060 180 0 230 27
H3 0.0058 58 175 332 272
B2 0.0050 180 0 230 27
Q0 0.0039 -3 -11 371 338
E0 0.0037 0 97 77 304
A0 0.0036 -19 -15 413 238
C3 0.0035 99 21 400 204
E3 0.0035 -1 70 72 298
C2 0.0034 0 271 33 295
C3 0.0030 158 302 208 325
B1 0.0024 131 220 335 326
E0 0.0024 -7 -37 423 258
A2 0.0024 0 103 75 302
A2 0.0022 12 37 421 277
H3 0.0021 19 -12 417 229
G3 0.0019 271 255 292 291
Q0 0.0018 3 0 391 200
C2 0.0018 0 244 36 295
O0 0.0016 0 70 73 298
A2 0.0016 0 71 31 220
A2 0.0015 0 113 53 297
E2 0.0014 -21 -13 419 205
G3 0.0014 0 148 24 214
Q0 0.0014 0 72 72 296
R0 0.0013 76 197 298 321
R0 0.0013 -17 -7 376 195
C0 0.0011 158 302 209 325
N0 0.0011 11 -1 388 199
C2 0.0011 0 366 39 379
H3 0.0011 39 144 348 259
E0 0.0010 7 33 301 254
E3 0.0010 22 341 316 392
G3 0.0010 299 246 333 285
C2 0.0010 159 302 208 324
