E0 0.2934 5 119 717 781
E0 0.0798 -10 66 798 624
E0 0.0783 -160 16 784 822
C2 0.0563 679 905 758 990
Q0 0.0372 -17 -5 789 1012
H3 0.0306 -15 61 767 1015
E0 0.0196 81 277 683 780
C0 0.0154 311 852 447 1023
K0 0.0149 302 773 448 1023
C2 0.0129 496 301 635 444
E0 0.0097 145 25 776 733
C2 0.0070 308 852 451 1023
C3 0.0067 45 311 669 785
D2 0.0046 680 906 757 990
B2 0.0042 679 907 758 990
C0 0.0036 428 894 769 1024
E0 0.0034 72 71 769 491
C3 0.0034 81 671 154 731
B3 0.0033 306 852 449 1027
E0 0.0025 10 261 500 759
E0 0.0022 0 94 496 666
E0 0.0020 0 310 721 1079
C3 0.0017 0 150 36 169
E0 0.0015 161 214 802 797
C0 0.0014 547 926 591 961
B1 0.0013 430 686 762 1027
C3 0.0011 4 569 371 1027
C0 0.0011 418 682 768 1029
C0 0.0010 278 847 512 1029
