A2 0.2025 -69 -4 494 444
F2 0.1040 -30 16 451 424
A2 0.0802 -9 60 442 418
Q0 0.0446 -1 -6 426 409
A3 0.0431 288 393 438 446
B2 0.0429 285 394 437 446
D2 0.0398 2 -5 483 413
C3 0.0368 288 393 438 446
H3 0.0290 2 -22 523 445
E0 0.0290 1 -4 507 420
F2 0.0225 -51 -125 489 498
F2 0.0188 23 105 427 418
C2 0.0090 283 393 426 445
A2 0.0036 -45 -27 443 344
A2 0.0027 54 -68 473 505
A2 0.0026 -138 -118 550 486
A2 0.0023 0 -14 340 378
C3 0.0018 238 395 411 449
C2 0.0017 240 321 281 367
F2 0.0016 34 -18 482 348
F2 0.0011 26 201 436 433
G3 0.0010 -3 383 448 445
