E0 0.3925 282 69 622 371
D2 0.1864 276 72 613 368
C3 0.1003 291 84 619 360
E0 0.0694 12 94 441 403
D2 0.0425 274 96 439 338
A3 0.0298 268 74 621 350
E2 0.0236 280 73 616 341
D2 0.0189 363 204 629 355
B2 0.0156 360 271 437 324
L0 0.0106 17 101 368 356
C3 0.0104 264 90 440 348
E0 0.0083 19 230 224 315
C3 0.0081 11 110 537 420
Q0 0.0079 267 71 631 353
D2 0.0075 360 255 624 355
E0 0.0073 199 73 638 427
C3 0.0066 19 229 224 316
C2 0.0061 361 271 437 324
C3 0.0059 361 272 436 324
C3 0.0058 202 126 500 424
C3 0.0051 295 223 438 322
K0 0.0051 15 232 221 314
E0 0.0050 201 110 502 413
M0 0.0047 264 72 636 353
Q0 0.0044 -2 40 715 479
B2 0.0042 354 262 624 356
C3 0.0039 365 226 626 355
D2 0.0039 168 72 648 428
K0 0.0036 272 79 442 344
E0 0.0035 -15 45 724 470
H3 0.0032 7 88 646 437
L0 0.0031 8 89 562 428
D2 0.0026 320 141 625 359
C3 0.0025 659 -10 700 138
G3 0.0024 5 94 527 422
E0 0.0022 12 182 421 353
D2 0.0022 477 -66 699 199
B0 0.0022 9 91 565 432
C2 0.0021 292 205 444 325
B2 0.0020 355 261 439 360
E2 0.0019 271 144 440 349
E0 0.0018 11 211 339 316
C3 0.0017 338 264 624 359
H3 0.0016 7 6 696 509
E2 0.0015 231 156 468 380
E2 0.0013 276 218 591 362
B2 0.0012 420 296 592 343
C2 0.0012 453 -87 524 -52
C2 0.0011 419 298 593 347
R0 0.0011 564 -53 699 181
C2 0.0010 355 259 439 358
