E0 0.6799 266 145 466 371
E0 0.2239 -1 202 204 378
E0 0.1858 36 214 165 357
E0 0.1216 44 231 153 333
C3 0.0671 271 152 463 366
H3 0.0326 252 -1 452 175
A2 0.0274 442 -2 499 215
E0 0.0259 251 -2 456 171
E2 0.0191 445 0 499 210
C3 0.0169 1 202 195 375
Q0 0.0127 265 150 464 367
E0 0.0094 271 148 444 247
E0 0.0077 59 196 271 371
H3 0.0074 261 0 441 101
C3 0.0065 459 0 499 67
C2 0.0054 49 240 152 320
R0 0.0048 111 274 344 374
C3 0.0045 47 239 151 320
E0 0.0044 2 211 142 374
H3 0.0041 237 -24 400 269
K0 0.0040 458 -12 499 72
E0 0.0039 230 -23 397 274
J0 0.0038 116 275 338 375
A2 0.0037 410 -3 499 211
E0 0.0037 256 0 440 92
C2 0.0036 459 0 498 73
H3 0.0036 269 147 449 248
E0 0.0034 28 202 187 334
A2 0.0033 270 145 442 245
E0 0.0033 77 203 215 368
C3 0.0033 448 56 500 211
N0 0.0032 441 0 500 211
O0 0.0032 442 -3 500 213
E3 0.0031 442 2 500 212
E0 0.0030 269 145 402 356
Q0 0.0027 0 210 191 369
Q0 0.0027 256 1 432 161
L0 0.0024 250 -2 400 166
K0 0.0022 1 219 82 360
A2 0.0022 -5 22 209 198
O0 0.0020 280 160 463 353
K0 0.0020 3 211 138 354
E0 0.0019 79 158 316 379
C3 0.0018 2 217 103 371
H3 0.0016 0 -12 506 373
Q0 0.0016 11 -9 495 371
E0 0.0013 268 78 398 179
C2 0.0013 27 0 80 13
F2 0.0012 -1 -3 431 316
C3 0.0012 286 93 397 160
Q0 0.0012 236 -2 419 229
Q0 0.0012 140 245 499 368
E0 0.0012 302 -2 454 207
H3 0.0012 304 145 463 361
C3 0.0011 71 214 196 373
L0 0.0010 115 267 484 376
E0 0.0010 260 -6 400 191
Q0 0.0010 189 -1 409 270
R0 0.0010 130 264 501 371
