E0 0.1887 3 77 437 454
E0 0.1116 25 40 393 390
E0 0.1015 -39 47 512 529
E0 0.0878 80 219 421 509
E0 0.0632 4 -33 467 409
E0 0.0602 36 3 434 301
Q0 0.0359 -10 0 506 505
E0 0.0346 56 130 429 548
H3 0.0258 -10 -1 510 515
C2 0.0167 9 266 69 338
E0 0.0132 -7 75 316 358
C2 0.0113 199 7 270 79
E0 0.0102 156 33 527 381
C2 0.0083 0 155 63 221
C3 0.0066 447 151 499 221
E0 0.0038 68 -4 423 213
E0 0.0033 195 116 511 465
R0 0.0030 351 0 498 144
C2 0.0027 202 3 268 54
C3 0.0023 0 0 130 123
L0 0.0021 86 289 396 516
E0 0.0019 -17 156 323 436
Q0 0.0018 -3 377 236 515
H3 0.0016 -1 0 130 126
E0 0.0015 79 4 540 455
E0 0.0013 -4 116 266 322
J0 0.0013 345 -1 497 141
Q0 0.0012 -12 216 514 517
C0 0.0012 0 121 84 290
Q0 0.0012 343 1 502 141
E0 0.0012 -34 115 377 503
Q0 0.0010 -6 375 508 519
