E0 0.2572 61 6 358 303
E0 0.1143 111 -9 423 266
E0 0.0473 140 22 364 231
E0 0.0312 59 -5 448 346
C3 0.0235 105 15 425 282
E0 0.0231 152 13 454 313
C3 0.0230 66 24 341 338
H3 0.0226 0 -16 499 346
Q0 0.0164 25 -10 474 346
C3 0.0154 125 47 376 248
E0 0.0140 -4 -3 198 164
A3 0.0135 64 0 345 304
D2 0.0125 60 -5 449 347
C0 0.0124 -1 -3 184 164
C3 0.0086 50 -1 428 377
E2 0.0068 73 57 306 345
E2 0.0055 74 -4 345 264
E2 0.0047 89 105 403 350
H3 0.0044 0 -4 182 163
C2 0.0041 186 131 299 209
C3 0.0035 168 20 450 331
E3 0.0032 328 -3 500 349
Q0 0.0020 0 1 189 307
C0 0.0020 0 -3 49 134
H0 0.0016 385 -35 502 358
Q0 0.0016 326 0 500 346
D2 0.0014 381 -13 500 287
C2 0.0013 190 98 277 157
C3 0.0013 1 228 114 304
H3 0.0013 0 -26 502 170
Q0 0.0012 -1 5 113 307
J0 0.0012 1 -5 160 165
H3 0.0012 0 -2 48 136
Q0 0.0012 -3 3 199 159
B0 0.0011 -1 1 49 312
E2 0.0011 386 -2 500 138
E0 0.0011 85 64 400 357
Q0 0.0010 0 0 47 332
E2 0.0010 429 2 497 126
