E0 0.3208 13 22 392 289
A2 0.1488 109 42 415 317
A2 0.1268 134 101 388 266
E0 0.0905 49 76 324 314
E0 0.0587 115 28 421 323
E0 0.0560 243 219 448 373
C3 0.0525 145 267 262 373
K0 0.0451 0 134 84 309
K0 0.0402 144 266 262 372
B0 0.0329 146 267 262 372
E0 0.0241 100 86 335 268
H3 0.0216 4 -8 435 329
Q0 0.0202 -1 -7 462 346
A2 0.0186 77 105 400 334
E0 0.0180 62 -28 452 297
A2 0.0178 131 116 316 268
C2 0.0144 0 139 50 205
F2 0.0111 283 222 443 372
E0 0.0111 0 135 85 308
C3 0.0103 245 218 445 375
H3 0.0103 154 19 425 318
E0 0.0100 61 -5 393 234
C3 0.0088 88 263 270 374
C3 0.0085 0 140 49 206
E0 0.0074 40 89 441 333
B1 0.0052 0 130 82 306
K0 0.0048 77 263 270 373
C3 0.0043 68 107 370 300
B2 0.0043 306 225 444 372
C3 0.0040 87 263 154 373
E0 0.0039 81 263 265 374
C3 0.0032 101 59 436 335
E0 0.0031 29 13 263 302
C0 0.0028 0 136 53 216
E0 0.0026 312 200 447 375
K0 0.0025 87 264 155 373
K0 0.0022 0 198 82 307
C3 0.0019 46 141 429 334
F2 0.0013 58 -4 370 189
Q0 0.0013 392 42 502 362
Q0 0.0013 253 219 446 371
C0 0.0013 0 82 84 301
C0 0.0012 0 129 74 239
C3 0.0012 0 139 82 312
C3 0.0011 0 137 24 183
R0 0.0010 325 -54 504 76
