E0 0.3820 54 105 418 345
C3 0.1583 68 106 388 336
I3 0.0689 38 277 131 342
C3 0.0479 48 302 114 339
E0 0.0346 40 110 422 266
L0 0.0294 32 109 412 340
C0 0.0255 38 277 130 343
R0 0.0149 38 276 130 342
B1 0.0145 38 276 129 342
C3 0.0142 190 112 293 141
C2 0.0130 48 303 112 339
E2 0.0121 190 112 292 142
C3 0.0099 419 167 464 210
C0 0.0079 418 167 499 207
K0 0.0070 417 168 498 201
J0 0.0070 39 273 130 343
C3 0.0067 91 276 131 341
Q0 0.0050 19 108 449 333
C3 0.0042 462 174 500 192
E0 0.0035 0 187 132 344
B3 0.0033 4 197 129 342
K0 0.0031 388 161 500 206
C3 0.0029 1 189 97 342
C0 0.0027 42 294 114 343
C2 0.0026 39 279 102 344
I3 0.0025 75 277 131 341
C2 0.0023 188 115 296 144
Q0 0.0022 0 191 130 341
C2 0.0021 192 114 287 134
H3 0.0019 1 187 92 343
E0 0.0017 23 162 496 340
R0 0.0016 137 181 503 345
C3 0.0016 181 110 303 148
C3 0.0014 24 174 71 209
H3 0.0012 11 56 492 336
C2 0.0012 379 381 494 423
I3 0.0011 0 355 96 422
C3 0.0011 1 194 64 343
C3 0.0010 38 281 100 343
R0 0.0010 0 349 185 422
K0 0.0010 2 346 184 419
