E0 0.2394 23 195 668 626
C3 0.1585 26 195 643 606
L0 0.1566 90 190 693 607
A3 0.1234 222 857 451 998
A3 0.0684 -88 516 805 1010
A3 0.0557 459 505 752 756
D2 0.0544 454 504 752 756
I3 0.0486 162 174 725 618
O0 0.0431 15 192 720 607
F2 0.0351 16 853 468 1001
H3 0.0310 129 179 716 596
B2 0.0236 224 858 446 1001
C2 0.0223 222 862 376 998
B2 0.0220 460 517 751 753
I3 0.0218 10 211 605 609
C3 0.0169 221 862 388 997
R0 0.0161 -5 491 762 1002
A3 0.0133 45 855 239 999
R0 0.0123 -5 123 753 997
F2 0.0114 27 489 421 813
C3 0.0102 674 509 750 582
D2 0.0101 696 935 751 1000
Q0 0.0088 1 209 755 1004
A3 0.0081 609 560 752 751
C3 0.0078 49 856 238 1000
F0 0.0071 -2 116 742 985
A3 0.0062 25 490 423 813
A3 0.0055 563 796 750 1001
C3 0.0054 457 505 754 756
C2 0.0042 613 568 750 745
Q0 0.0042 15 193 721 607
H3 0.0041 0 72 751 994
Q0 0.0038 70 847 490 996
F2 0.0037 -102 551 768 1012
C3 0.0036 688 -5 750 158
A3 0.0033 204 852 577 1000
B2 0.0033 51 853 237 1000
B2 0.0032 563 797 749 999
F2 0.0029 205 824 721 1005
D2 0.0029 562 800 748 1000
C2 0.0026 517 531 669 650
A3 0.0026 -14 502 531 1030
Q0 0.0023 13 819 693 994
C3 0.0022 564 798 747 1000
C2 0.0022 696 936 751 999
F2 0.0021 -101 832 423 1004
H0 0.0020 459 530 749 992
E3 0.0020 34 840 665 998
A3 0.0019 462 538 750 957
E3 0.0019 459 507 755 984
F2 0.0019 -3 443 698 893
E2 0.0018 35 849 240 1001
C3 0.0018 6 452 698 961
E2 0.0018 529 -5 749 160
A3 0.0016 125 472 857 1055
Q0 0.0016 0 13 740 686
C2 0.0015 74 856 236 995
A3 0.0015 -11 472 650 817
E3 0.0015 192 820 732 1001
E2 0.0015 3 494 468 1016
C2 0.0014 627 504 720 574
C2 0.0014 673 510 749 581
Q0 0.0014 -15 638 786 1001
F3 0.0013 463 -6 756 165
H0 0.0013 203 575 784 1006
B2 0.0013 697 933 751 999
A3 0.0012 280 871 458 981
F2 0.0012 -172 811 523 1043
C3 0.0012 657 0 748 162
C3 0.0011 120 860 234 997
F2 0.0011 -100 379 850 1058
O0 0.0010 3 121 732 786
C3 0.0010 613 568 750 754
