K0 0.2838 521 55 1011 628
K0 0.2834 1 51 531 539
K0 0.2402 13 113 492 755
E0 0.1221 9 119 489 761
A0 0.1006 526 101 1006 627
C3 0.0804 532 149 1005 618
K0 0.0474 541 68 932 531
C3 0.0192 47 86 508 565
C3 0.0132 806 71 892 164
G3 0.0106 806 71 892 164
H3 0.0104 9 -17 1021 753
G3 0.0094 0 298 37 945
Q0 0.0056 518 78 1016 610
G3 0.0055 1 140 44 1113
C2 0.0054 693 624 799 743
K0 0.0047 751 56 1010 569
K0 0.0045 712 61 923 558
D2 0.0043 9 -25 1000 758
Q0 0.0042 10 63 515 742
A0 0.0041 12 58 517 754
C3 0.0038 11 130 460 760
N0 0.0037 170 430 360 706
K0 0.0036 541 297 987 741
D2 0.0034 652 -127 716 -75
E3 0.0029 12 59 516 744
A0 0.0027 7 -42 1026 771
B2 0.0027 692 -129 772 -78
C3 0.0026 693 622 799 744
K0 0.0025 130 45 497 493
K0 0.0022 127 169 523 735
H3 0.0021 11 53 524 744
M0 0.0021 6 56 524 761
K0 0.0019 783 61 938 538
C0 0.0018 544 321 985 753
N0 0.0015 161 466 285 695
B2 0.0014 696 630 798 745
K0 0.0013 641 168 985 620
K0 0.0013 528 218 693 591
E2 0.0013 7 -1 339 29
K0 0.0012 525 153 840 602
K0 0.0012 14 137 456 573
K0 0.0012 555 64 898 408
K0 0.0012 537 -126 724 -37
N0 0.0012 150 402 412 702
L0 0.0011 532 327 973 756
K0 0.0011 549 343 878 752
L0 0.0010 579 438 804 749
