A2 0.3481 -34 34 329 329
A2 0.2239 22 80 302 308
F2 0.1350 -86 1 405 325
A2 0.1012 -100 -26 440 351
F2 0.0811 -29 24 341 298
E0 0.0747 10 12 361 325
A2 0.0488 12 23 401 294
H3 0.0210 6 7 361 324
A2 0.0194 81 114 289 308
H3 0.0175 72 36 379 299
F2 0.0070 43 27 390 327
E0 0.0062 104 48 368 326
F2 0.0042 -30 2 386 226
F2 0.0039 -39 -39 300 338
F2 0.0033 5 -39 395 292
D2 0.0032 28 11 167 113
F2 0.0026 4 -15 278 259
A2 0.0024 59 175 294 314
H3 0.0022 277 17 361 288
F2 0.0021 -42 -109 478 383
Q0 0.0021 26 14 247 113
C0 0.0018 288 27 360 133
H3 0.0017 79 -33 404 357
C3 0.0016 45 308 77 327
C3 0.0015 28 11 166 114
B3 0.0013 277 -8 362 331
C3 0.0013 0 218 20 240
R0 0.0013 284 24 362 278
G3 0.0013 0 210 49 330
F2 0.0010 3 30 297 199
H3 0.0010 264 -27 362 344
