E0 0.4183 64 67 401 418
C3 0.1734 66 81 396 420
E0 0.0370 -2 18 492 659
K0 0.0307 235 425 275 653
H3 0.0288 -4 -4 500 664
G3 0.0250 235 443 276 645
N0 0.0182 235 406 274 640
C3 0.0175 222 194 254 264
Q0 0.0168 51 72 435 432
C2 0.0161 0 414 22 568
B0 0.0156 6 24 438 803
C2 0.0143 190 33 292 80
C2 0.0122 221 194 253 264
C0 0.0097 -15 122 443 705
C2 0.0092 218 198 279 272
E0 0.0080 0 416 19 623
B1 0.0080 -1 -2 45 245
I3 0.0078 0 2 39 242
E0 0.0072 10 137 405 695
B3 0.0068 0 9 36 242
E0 0.0060 60 180 350 667
Q0 0.0056 1 -8 518 658
K0 0.0055 94 170 342 675
C2 0.0052 200 197 256 272
N0 0.0049 -1 22 34 231
B3 0.0048 232 420 280 655
C0 0.0046 155 164 341 682
K0 0.0029 183 174 297 683
H3 0.0026 79 23 420 670
D2 0.0023 0 411 21 617
C3 0.0022 195 32 292 82
F0 0.0019 22 14 483 652
K0 0.0017 210 411 280 655
K0 0.0015 215 208 285 692
C2 0.0014 0 378 17 632
B2 0.0013 395 0 455 32
Q0 0.0012 2 -2 46 248
D2 0.0010 -3 256 323 692
