C0 0.1294 -3 13 236 198
L0 0.1171 1 20 230 192
A3 0.0996 -1 20 234 193
B1 0.0648 11 25 224 193
E0 0.0620 22 28 254 203
O0 0.0367 7 13 267 203
K0 0.0312 96 33 150 92
C2 0.0231 98 45 146 91
K0 0.0086 4 37 49 88
C0 0.0078 20 26 201 186
K0 0.0041 -1 6 229 181
C0 0.0038 3 37 48 87
C3 0.0035 17 60 236 206
C2 0.0035 106 93 161 140
C0 0.0033 227 88 264 148
C0 0.0033 94 32 154 91
K0 0.0032 77 26 168 113
K0 0.0031 227 88 264 148
E0 0.0031 18 20 199 181
C2 0.0030 3 39 48 86
C2 0.0030 230 88 263 148
K0 0.0029 58 28 215 96
E0 0.0023 -20 6 264 183
F2 0.0022 47 26 225 96
C0 0.0022 36 23 274 213
K0 0.0021 4 16 46 93
K0 0.0021 21 23 176 170
C0 0.0020 18 60 224 206
F2 0.0019 81 30 177 93
C3 0.0019 229 96 264 149
B0 0.0017 -1 12 266 201
C2 0.0016 102 101 143 139
C2 0.0016 99 39 132 88
C0 0.0014 15 36 124 151
H3 0.0013 0 5 264 190
C2 0.0011 239 89 264 139
C2 0.0010 175 46 200 68
