D1 0.1484 282 11 415 592
B3 0.0899 285 36 416 567
P0 0.0650 283 7 416 602
B0 0.0478 283 -4 414 540
B2 0.0271 75 289 357 581
M0 0.0266 285 -6 422 580
N0 0.0185 282 0 417 567
D2 0.0086 8 -51 289 456
Q0 0.0063 148 -32 648 579
C3 0.0062 317 111 369 175
D2 0.0056 277 -1 424 568
A3 0.0051 75 291 383 582
C2 0.0051 316 111 368 175
B0 0.0050 227 -1 456 569
B0 0.0047 56 -13 622 573
Q0 0.0046 237 -21 476 580
K0 0.0045 60 284 498 580
B3 0.0045 273 3 461 598
P0 0.0042 222 -32 429 629
E2 0.0039 188 -38 683 662
D2 0.0038 54 -27 646 580
R0 0.0037 137 -25 684 581
E3 0.0037 79 295 384 580
N0 0.0025 294 8 404 190
C2 0.0024 289 13 402 168
Q0 0.0022 80 299 368 580
A3 0.0022 129 -116 761 682
E2 0.0021 144 -228 773 709
C2 0.0020 676 449 700 514
E3 0.0020 85 290 578 584
R0 0.0017 341 -175 675 642
M0 0.0016 201 -2 527 594
O0 0.0015 68 292 673 580
E2 0.0014 293 -193 691 698
A3 0.0013 115 291 319 569
C2 0.0013 677 439 699 556
H3 0.0012 14 -41 680 556
C2 0.0011 633 0 698 144
E2 0.0011 -2 -65 294 560
R0 0.0010 9 -11 300 590
L0 0.0010 204 110 660 603
