D1 0.2191 974 7 1381 2015
B0 0.1862 480 62 919 1516
B0 0.1271 973 63 1371 1698
P0 0.1269 478 -82 924 1749
N0 0.1150 959 39 1386 1885
P0 0.1089 977 146 1368 1722
N0 0.0899 459 39 938 1875
M0 0.0840 964 48 1389 1895
M0 0.0830 461 47 941 1893
B0 0.0720 424 -79 943 2077
D1 0.0607 464 91 928 2099
B3 0.0583 968 57 1392 1994
B3 0.0546 453 122 930 2051
B3 0.0412 391 -154 982 2251
D1 0.0243 448 -394 1568 2416
P0 0.0215 416 -238 975 2313
B3 0.0213 340 -342 1191 2336
B1 0.0213 467 363 933 1922
N0 0.0154 529 16 1641 1933
B3 0.0136 918 -60 1560 2113
D1 0.0121 547 -338 1193 2249
C3 0.0118 604 915 757 1118
B1 0.0115 715 -115 1169 2169
C2 0.0101 602 915 757 1116
M0 0.0083 727 19 1499 1888
D1 0.0074 683 -169 1103 2183
B3 0.0048 483 576 926 1920
M0 0.0047 180 -5 1793 1940
B2 0.0045 149 912 291 1045
C2 0.0043 148 911 291 1047
B1 0.0041 797 -99 1067 2231
D1 0.0038 247 -691 1379 2507
B0 0.0034 167 -12 1781 1919
B0 0.0033 908 49 1485 1887
P0 0.0027 614 -301 1481 2141
B1 0.0027 505 -708 1412 2552
D1 0.0023 809 -125 1030 2310
M0 0.0022 975 -43 1367 1399
P0 0.0022 474 395 956 1932
B2 0.0021 593 -317 1499 2556
B3 0.0018 984 527 1359 1927
D2 0.0018 1445 1700 1893 1913
M0 0.0014 454 6 1171 1933
E1 0.0014 325 -663 1305 2379
F2 0.0013 1513 1683 1907 1912
E1 0.0011 626 -543 1164 2250
B2 0.0011 607 916 748 1057
B1 0.0010 -9 1767 517 1916
E2 0.0010 374 -878 1274 2513
H3 0.0010 229 -63 1844 1959
D2 0.0010 1573 1799 1911 1924
