D1 0.8679 305 133 492 498
B1 0.8325 520 263 787 500
P0 0.7284 301 136 493 493
P0 0.6631 212 111 342 484
E1 0.6214 44 169 224 501
D1 0.5251 46 165 223 501
D1 0.4765 404 181 628 502
E1 0.4732 211 109 340 481
M0 0.1048 503 178 632 394
P0 0.0969 396 181 629 504
N0 0.0729 41 164 221 500
D1 0.0662 512 263 786 498
B3 0.0353 406 183 628 499
B1 0.0323 48 167 214 497
N0 0.0277 510 261 792 500
N0 0.0210 491 177 629 404
P0 0.0172 513 265 790 499
N0 0.0081 204 113 346 457
C1 0.0059 524 340 676 497
N0 0.0023 387 180 645 497
B3 0.0019 211 115 341 478
F0 0.0017 511 265 791 498
B3 0.0014 301 136 494 491
C1 0.0013 537 302 710 494
P0 0.0012 45 167 219 500
N0 0.0011 294 139 501 475
