D2 0.6270 250 145 588 495
D2 0.4494 161 449 492 795
D2 0.2223 39 53 682 906
C2 0.2130 252 483 404 651
E2 0.0851 -21 29 701 881
C2 0.0849 332 173 530 343
E2 0.0553 249 139 592 497
D2 0.0524 120 222 556 802
E2 0.0449 157 447 500 792
E0 0.0445 -11 -1 797 967
E2 0.0258 -74 -20 969 939
C3 0.0245 153 444 504 794
C2 0.0239 250 520 379 655
C2 0.0221 660 970 800 1065
B2 0.0160 163 452 495 794
H3 0.0156 -5 -1 804 1015
E2 0.0103 140 336 515 742
C2 0.0094 179 458 332 690
E2 0.0090 203 130 604 604
E2 0.0090 64 91 902 868
C2 0.0083 313 477 489 768
D2 0.0072 -11 -5 812 1018
E2 0.0058 658 966 798 1066
C2 0.0050 169 484 336 753
R0 0.0048 2 675 796 1069
C3 0.0048 659 965 798 1067
C2 0.0047 239 518 506 762
C3 0.0036 699 0 798 109
R0 0.0033 -9 897 802 1062
Q0 0.0029 -2 0 794 216
Q0 0.0021 -3 948 807 1067
C2 0.0020 276 298 579 466
C2 0.0019 151 495 398 769
F2 0.0018 36 953 794 1067
E3 0.0018 3 1 792 245
C2 0.0017 264 488 390 614
D2 0.0017 172 82 647 732
C2 0.0016 332 466 484 690
R0 0.0013 127 931 783 1063
Q0 0.0013 4 676 804 1067
C2 0.0013 747 844 797 956
C3 0.0012 748 843 798 956
E2 0.0012 250 149 471 484
C2 0.0012 315 169 489 367
C2 0.0011 469 188 584 443
C2 0.0011 250 505 350 640
E2 0.0010 157 46 599 716
