E2 0.6790 250 274 640 541
C2 0.1017 355 430 485 535
E2 0.0436 342 424 499 540
C2 0.0386 470 405 618 516
E0 0.0092 24 224 750 665
F2 0.0085 173 482 630 608
C2 0.0081 250 396 377 527
E2 0.0080 237 412 592 563
I0 0.0077 382 9 706 200
C2 0.0074 334 344 419 460
C2 0.0068 504 336 618 419
I0 0.0065 420 -20 731 158
E2 0.0063 190 309 689 611
E2 0.0055 66 372 799 624
E2 0.0049 169 402 659 610
H3 0.0048 5 215 750 683
I0 0.0044 319 35 790 231
A2 0.0043 93 312 375 598
E2 0.0040 321 388 541 539
R0 0.0038 10 -17 743 234
C2 0.0038 313 333 421 483
O0 0.0036 461 14 587 84
Q0 0.0035 18 222 745 682
I3 0.0033 461 17 586 79
E0 0.0032 95 310 377 612
I0 0.0031 213 -12 747 224
D1 0.0030 471 16 725 84
C2 0.0030 397 322 523 454
I0 0.0030 478 44 681 157
I0 0.0025 385 -73 842 221
E2 0.0024 145 479 698 614
R0 0.0024 457 17 592 79
E2 0.0023 251 388 382 535
G0 0.0020 389 -20 744 109
C2 0.0019 240 260 298 325
C2 0.0019 467 20 565 81
C2 0.0018 239 263 332 334
C2 0.0018 239 263 363 345
E2 0.0018 462 344 636 526
Q0 0.0017 187 234 717 607
E0 0.0017 78 381 752 617
D1 0.0017 484 10 722 150
C2 0.0016 501 339 589 410
I0 0.0015 381 60 713 235
E2 0.0015 423 -34 740 83
B2 0.0014 240 260 294 321
E2 0.0014 241 253 394 349
R0 0.0014 448 -36 732 84
F2 0.0013 213 235 673 354
H3 0.0013 445 231 743 561
C2 0.0012 582 23 661 75
E2 0.0011 406 287 638 530
B2 0.0010 239 252 401 351
