E2 0.5329 -71 190 735 747
E2 0.2834 48 229 624 714
E2 0.2238 -32 206 814 585
D2 0.0542 21 209 770 698
E2 0.0193 -12 304 861 731
C2 0.0174 321 252 406 316
B2 0.0153 322 252 405 314
C2 0.0116 0 0 125 66
B0 0.0110 -1 0 179 244
B0 0.0064 105 -2 409 264
E2 0.0058 42 133 855 807
B3 0.0050 0 -1 179 245
C2 0.0045 422 213 525 244
C3 0.0041 1 0 128 68
Q0 0.0038 324 3 680 248
P0 0.0036 2 -3 177 247
Q0 0.0034 599 6 800 427
I3 0.0033 103 -4 413 268
N0 0.0030 -4 0 174 266
E2 0.0027 37 422 631 704
B0 0.0025 320 -2 627 252
C2 0.0025 546 308 624 366
C0 0.0024 -2 0 129 65
B3 0.0022 105 -6 411 269
E2 0.0021 -37 449 872 712
E2 0.0021 208 186 806 565
Q0 0.0020 120 1 407 256
O0 0.0019 -1 0 178 312
B3 0.0019 315 -4 644 250
B1 0.0017 108 -3 411 260
R0 0.0017 0 645 798 797
H3 0.0015 12 262 798 798
N0 0.0015 7 13 115 306
B2 0.0015 482 354 567 426
C2 0.0015 488 243 597 316
O0 0.0014 -1 0 65 356
R0 0.0014 4 512 792 806
C2 0.0013 554 297 683 392
E2 0.0013 381 170 769 722
C3 0.0012 604 -1 800 148
C2 0.0011 531 309 624 393
B1 0.0010 1 -4 58 253
