E2 0.3474 96 243 640 682
E2 0.3112 65 90 636 507
E2 0.1097 143 67 606 397
F2 0.0626 40 152 667 493
E2 0.0605 234 73 693 419
E2 0.0597 91 170 691 472
E2 0.0330 222 99 632 363
E0 0.0293 36 62 702 677
E2 0.0268 35 156 715 740
H3 0.0209 32 31 758 752
L0 0.0204 23 60 727 706
E2 0.0177 178 66 713 536
E2 0.0156 47 50 782 577
Q0 0.0143 436 29 797 431
F2 0.0137 49 79 506 524
D2 0.0135 36 61 704 681
E0 0.0110 13 205 792 793
F2 0.0094 -2 210 666 420
E2 0.0089 119 391 626 676
E2 0.0074 30 192 652 594
E0 0.0067 50 50 574 468
F2 0.0058 61 250 557 398
Q0 0.0056 0 661 351 797
F2 0.0041 63 186 474 483
C2 0.0039 367 442 497 642
F2 0.0031 68 234 470 428
H3 0.0031 8 324 802 794
B2 0.0024 204 70 425 283
F2 0.0024 33 56 601 417
D2 0.0023 215 71 419 282
R0 0.0023 -4 668 358 801
F2 0.0022 254 67 702 420
R0 0.0017 1 415 805 803
C3 0.0017 617 443 797 633
K0 0.0016 217 69 447 280
C2 0.0014 293 433 420 652
E0 0.0013 -1 435 805 801
O0 0.0013 24 41 719 710
C3 0.0012 663 457 799 769
C2 0.0012 318 435 390 645
Q0 0.0012 0 29 273 426
E3 0.0012 542 573 796 806
C2 0.0012 386 430 474 649
Q0 0.0011 -3 23 73 430
E3 0.0011 501 641 798 799
