E2 0.7240 146 210 237 289
E2 0.7085 54 181 152 268
E2 0.6964 141 137 233 220
D2 0.1330 234 256 327 348
E2 0.0989 32 115 139 178
E2 0.0716 32 140 261 311
E2 0.0606 234 256 328 348
C2 0.0502 235 256 327 347
C2 0.0446 151 211 229 286
C2 0.0394 58 179 148 261
N0 0.0302 147 142 229 214
E0 0.0245 35 178 247 339
C2 0.0242 144 141 226 214
N0 0.0233 150 211 233 286
C3 0.0233 182 85 346 130
B2 0.0187 149 92 278 145
C2 0.0182 0 206 21 257
F2 0.0140 149 93 301 159
E2 0.0137 108 202 234 291
E0 0.0130 24 134 288 334
B2 0.0127 129 330 249 382
C3 0.0127 148 93 253 141
C2 0.0118 -1 4 23 56
E2 0.0106 138 162 251 308
F2 0.0105 148 92 257 141
B2 0.0102 148 92 303 160
E2 0.0094 254 373 345 400
F2 0.0083 181 84 346 129
E2 0.0080 47 168 222 279
C2 0.0078 0 94 20 145
A3 0.0074 148 93 252 141
E2 0.0066 108 136 236 234
H3 0.0052 26 128 285 337
C3 0.0050 237 256 327 348
E2 0.0047 56 197 253 314
B2 0.0046 0 205 21 258
E2 0.0046 0 314 105 399
E2 0.0045 121 129 273 322
B2 0.0042 19 308 278 394
L0 0.0042 -3 -1 347 398
E2 0.0040 0 95 20 146
B2 0.0036 221 108 298 161
H3 0.0035 -5 6 344 403
C3 0.0034 0 95 20 146
C2 0.0033 279 217 327 269
C3 0.0033 33 216 246 343
D2 0.0031 0 313 105 399
F2 0.0031 131 243 319 390
B2 0.0030 0 95 20 146
E2 0.0028 20 293 274 397
C2 0.0028 161 95 253 139
Q0 0.0027 27 132 301 335
C2 0.0026 290 12 344 30
E3 0.0025 136 85 342 403
E2 0.0023 147 93 252 140
G3 0.0022 146 92 341 199
H3 0.0022 117 128 284 308
B2 0.0020 129 240 317 389
B0 0.0018 -6 7 348 396
E0 0.0017 2 116 329 387
F2 0.0017 124 70 348 154
I3 0.0017 116 130 281 346
G3 0.0016 362 135 372 362
B2 0.0015 322 93 345 109
C3 0.0014 0 3 23 57
G3 0.0014 134 331 262 376
C2 0.0014 39 345 94 389
C2 0.0013 34 117 126 176
E2 0.0012 255 343 343 400
C2 0.0012 31 190 66 251
D2 0.0011 293 13 343 27
C2 0.0011 127 335 231 366
F2 0.0011 125 80 364 137
E2 0.0011 6 3 203 153
N0 0.0010 66 183 149 262
K0 0.0010 339 88 373 422
G3 0.0010 362 209 372 422
C3 0.0010 211 103 326 156
