E2 0.9624 -1 224 198 399
E2 0.9512 164 291 400 399
E2 0.8924 17 185 403 347
E2 0.8846 -4 -1 345 228
E2 0.7263 13 73 398 273
E2 0.4375 0 -1 190 181
E2 0.3184 1 0 170 125
E2 0.2636 0 -5 218 245
E2 0.1293 0 -1 108 148
E2 0.0228 0 287 194 400
E2 0.0201 64 0 197 45
E2 0.0200 381 344 400 399
E2 0.0094 0 113 8 233
E2 0.0085 381 372 399 398
E2 0.0083 199 0 332 40
E2 0.0083 368 347 399 399
E2 0.0081 316 56 400 159
E2 0.0071 44 -2 377 151
E2 0.0058 0 130 13 237
E2 0.0055 354 328 399 398
E2 0.0053 374 275 399 399
E2 0.0050 381 302 400 400
E2 0.0050 370 309 399 400
E2 0.0045 368 376 399 399
E2 0.0037 378 359 399 400
E2 0.0036 16 0 184 46
E2 0.0036 377 378 399 399
E2 0.0032 0 369 44 400
E2 0.0032 383 262 400 399
E2 0.0032 130 0 302 13
E2 0.0032 13 116 297 308
E2 0.0031 69 0 237 36
E2 0.0031 0 208 6 355
E2 0.0031 56 0 196 27
E2 0.0029 352 359 399 399
E2 0.0029 0 0 53 87
E2 0.0029 357 294 399 400
E2 0.0028 0 211 13 355
E2 0.0027 97 0 180 8
E2 0.0027 348 376 398 400
E2 0.0026 65 0 214 20
E2 0.0025 389 372 400 400
E2 0.0024 387 166 400 415
E2 0.0024 0 0 77 59
E2 0.0023 387 325 400 409
E2 0.0022 392 346 400 403
E2 0.0021 168 0 334 17
E2 0.0021 184 0 335 25
E2 0.0020 375 168 400 407
E2 0.0019 385 378 400 400
E2 0.0018 0 357 61 400
E2 0.0018 0 353 28 402
E2 0.0018 68 0 251 14
E2 0.0018 376 71 400 338
E2 0.0017 134 0 301 26
E2 0.0017 0 -1 38 110
E2 0.0015 390 359 400 402
E2 0.0015 137 0 293 44
E2 0.0014 3 1 174 79
E2 0.0014 9 0 167 34
E2 0.0014 0 380 15 400
E2 0.0014 174 0 284 7
E2 0.0013 0 243 45 392
E2 0.0013 394 321 400 415
E2 0.0013 71 105 450 220
E2 0.0013 63 0 251 52
E2 0.0013 315 54 399 211
E2 0.0012 0 387 19 399
E2 0.0012 387 70 400 345
E2 0.0011 0 -2 60 127
E2 0.0011 87 379 206 399
E2 0.0011 237 0 342 6
E2 0.0011 0 373 73 400
E2 0.0011 -1 0 85 20
E2 0.0010 0 92 11 235
E2 0.0010 120 0 225 7
E2 0.0010 0 63 12 166
E2 0.0010 183 0 273 19
E2 0.0010 376 62 400 247
E2 0.0010 0 60 11 144
E2 0.0010 94 0 188 21
E2 0.0010 119 0 218 18
