E2 0.7672 158 188 345 345
E2 0.4967 293 257 401 400
E2 0.3540 145 71 246 185
I3 0.2828 78 276 126 360
I3 0.2476 11 311 83 375
E2 0.2461 33 86 135 199
E2 0.2451 257 65 358 180
G3 0.2240 0 0 35 20
G3 0.2125 65 0 87 44
E2 0.0899 253 -1 400 191
B2 0.0893 294 257 400 398
H3 0.0861 11 310 83 375
B2 0.0686 257 65 357 180
F2 0.0592 253 1 401 82
N0 0.0551 78 278 127 357
E2 0.0546 254 1 401 64
L0 0.0485 12 310 82 376
C2 0.0474 62 114 101 151
C2 0.0397 77 278 127 356
C2 0.0283 9 315 88 375
C2 0.0283 174 99 213 136
F2 0.0270 0 246 86 320
D2 0.0262 62 114 100 151
C3 0.0260 12 310 82 376
G3 0.0253 83 0 116 22
C2 0.0251 33 90 60 193
B2 0.0247 62 113 100 151
B2 0.0243 355 358 400 400
D2 0.0211 174 99 213 137
F2 0.0203 355 358 399 400
C2 0.0181 49 294 86 336
C2 0.0161 146 79 173 179
E2 0.0133 361 282 399 376
B2 0.0129 254 1 401 85
D2 0.0127 0 -1 399 394
H3 0.0124 1 -3 400 398
C2 0.0120 283 93 323 133
C2 0.0115 256 63 283 177
E2 0.0112 254 2 401 97
B2 0.0112 174 99 213 137
E2 0.0104 258 0 387 34
G3 0.0096 65 0 115 41
C3 0.0094 354 357 400 399
E2 0.0092 165 189 336 285
E2 0.0090 0 0 36 22
R0 0.0080 1 -4 402 401
C3 0.0068 83 0 116 22
C2 0.0066 220 72 245 193
E3 0.0063 -1 -4 400 396
B2 0.0057 82 0 116 22
E2 0.0054 63 0 98 46
A0 0.0051 0 -2 401 398
C2 0.0051 109 78 132 206
G3 0.0049 17 250 85 303
H3 0.0049 73 266 132 358
Q0 0.0047 27 88 137 198
E2 0.0047 318 273 398 396
E2 0.0046 297 0 358 7
E3 0.0045 142 190 379 390
E2 0.0044 80 43 410 324
E3 0.0043 253 0 401 181
G3 0.0042 0 0 117 54
G3 0.0042 43 236 72 262
L0 0.0038 1 0 112 44
E2 0.0037 355 358 400 400
E2 0.0036 64 0 116 45
R0 0.0036 0 -1 118 83
E2 0.0036 146 72 180 187
E2 0.0033 69 274 151 366
F2 0.0032 8 250 36 307
G3 0.0032 49 242 77 266
C2 0.0031 301 0 354 7
E2 0.0031 255 64 289 182
F2 0.0031 2 245 51 357
C2 0.0031 22 247 87 303
F2 0.0030 6 239 55 306
E2 0.0029 258 63 310 182
E3 0.0029 9 315 88 378
C2 0.0029 64 256 102 277
E2 0.0027 0 -1 109 83
B2 0.0026 64 256 102 276
B2 0.0026 285 93 323 132
G3 0.0026 0 -1 35 38
E2 0.0024 254 2 348 53
C2 0.0023 300 0 357 10
Q0 0.0023 154 191 350 370
D2 0.0022 64 256 102 277
C2 0.0022 171 99 221 164
E2 0.0021 297 0 394 10
E2 0.0021 147 70 201 186
D2 0.0020 127 193 401 399
E2 0.0020 0 0 36 38
B2 0.0020 -1 -1 37 19
D2 0.0019 254 -1 399 179
C3 0.0019 0 317 5 376
G3 0.0019 121 322 138 346
Q0 0.0019 -10 -5 398 340
B2 0.0019 257 0 399 150
C3 0.0018 355 375 399 399
Q0 0.0017 292 260 400 398
E2 0.0017 197 256 416 403
C2 0.0017 281 89 325 158
G3 0.0017 65 0 86 25
F2 0.0017 0 233 90 379
F2 0.0017 306 9 399 89
K0 0.0017 72 265 133 350
C2 0.0016 148 72 246 99
D2 0.0016 193 120 210 136
C3 0.0016 121 321 138 346
E2 0.0016 199 52 294 208
Q0 0.0016 1 50 304 217
B2 0.0016 193 119 210 136
G3 0.0015 0 285 45 321
E2 0.0015 114 1 266 83
I3 0.0015 39 276 135 356
B0 0.0015 128 362 406 400
O0 0.0015 28 86 138 201
E2 0.0015 227 209 337 339
Q0 0.0014 3 9 359 237
E2 0.0013 34 88 62 197
C2 0.0013 50 295 83 319
C2 0.0013 386 263 400 378
E2 0.0012 123 -13 321 143
E2 0.0012 258 2 344 31
D2 0.0012 -1 0 390 218
C2 0.0012 0 73 31 118
F2 0.0012 15 232 76 292
Q0 0.0012 92 189 391 390
E2 0.0012 135 3 258 66
C2 0.0012 100 93 132 211
C3 0.0012 339 392 390 400
E3 0.0012 295 262 401 396
G3 0.0011 34 236 74 273
E2 0.0011 171 51 318 217
G3 0.0011 0 -1 322 82
M0 0.0011 252 2 394 183
E3 0.0011 28 87 139 200
L0 0.0011 0 0 328 86
F2 0.0011 33 256 103 305
D2 0.0011 5 147 408 395
G3 0.0011 64 0 78 25
E2 0.0011 10 307 82 372
C3 0.0011 0 294 30 321
F2 0.0011 0 246 35 371
C3 0.0011 125 233 192 397
C3 0.0011 0 298 6 380
E0 0.0011 75 264 131 346
F2 0.0011 317 7 398 59
E2 0.0011 0 0 111 33
B2 0.0010 170 107 221 164
P0 0.0010 73 275 128 363
Q0 0.0010 24 0 332 83
C3 0.0010 78 274 126 360
G3 0.0010 8 266 25 307
G3 0.0010 62 1 119 24
E2 0.0010 351 306 400 400
N0 0.0010 258 57 283 186
N0 0.0010 34 94 62 198
E2 0.0010 217 75 248 187
E3 0.0010 5 187 412 400
