E2 0.4418 8 210 648 960
C2 0.3912 216 71 356 236
C2 0.2789 266 191 428 324
D2 0.2777 317 176 429 291
C2 0.2698 316 175 428 291
I3 0.2033 624 407 762 643
H3 0.1392 621 408 762 645
D2 0.1249 268 195 427 324
D2 0.0906 142 164 336 360
C2 0.0849 195 195 344 350
E2 0.0834 53 136 655 770
L0 0.0817 625 404 763 646
D2 0.0800 140 65 438 369
E2 0.0624 140 66 438 381
D2 0.0500 227 77 354 230
C2 0.0431 138 175 298 335
E2 0.0384 112 432 627 942
D2 0.0362 197 199 342 350
E2 0.0328 212 69 378 252
E2 0.0308 142 165 332 363
C3 0.0270 624 400 762 652
C2 0.0259 628 406 763 624
L0 0.0211 71 44 661 926
D2 0.0147 252 168 439 344
E2 0.0134 109 79 658 619
D2 0.0133 269 184 378 315
C3 0.0125 140 163 334 363
C3 0.0120 -1 544 64 602
C2 0.0117 77 261 174 319
D2 0.0108 60 53 658 954
C2 0.0087 218 119 312 232
C2 0.0080 0 654 124 756
E2 0.0071 198 38 416 282
C2 0.0065 267 185 367 306
K0 0.0060 752 642 891 1016
C3 0.0060 -1 258 93 325
D2 0.0055 232 154 483 359
F2 0.0053 323 1 734 121
E2 0.0047 167 46 632 476
A2 0.0047 353 -7 752 323
C2 0.0044 0 751 149 825
C2 0.0041 227 72 344 199
E2 0.0036 141 -4 548 337
D2 0.0033 77 261 173 319
B2 0.0033 76 261 173 317
H3 0.0030 25 -5 723 1004
C2 0.0030 141 174 236 321
C2 0.0030 153 206 330 356
B2 0.0029 332 177 424 279
A3 0.0028 585 0 741 115
Q0 0.0024 1 900 765 1023
L0 0.0023 1 899 767 1025
E3 0.0023 218 2 738 139
E3 0.0022 155 2 750 214
C3 0.0020 587 0 741 117
R0 0.0020 -6 892 766 1024
C3 0.0019 0 772 198 953
E3 0.0019 392 41 571 97
O0 0.0018 611 409 767 644
E2 0.0018 217 57 446 338
Q0 0.0017 614 408 769 652
B2 0.0017 569 264 653 365
E0 0.0017 0 751 199 947
D2 0.0017 239 364 303 416
R0 0.0016 -11 798 767 1012
D2 0.0016 299 231 424 322
Q0 0.0016 402 893 749 1023
K0 0.0015 693 593 889 1018
C3 0.0015 602 627 759 678
E2 0.0015 189 159 671 895
D2 0.0014 23 493 742 706
F2 0.0014 191 -3 673 279
C3 0.0013 535 288 569 324
C3 0.0013 -2 513 118 696
E2 0.0013 193 -7 672 316
Q0 0.0013 0 732 757 1023
B2 0.0013 394 325 471 386
A3 0.0012 385 0 742 116
B2 0.0012 133 326 256 441
E0 0.0012 203 719 764 1029
C2 0.0012 264 246 411 355
E0 0.0011 593 630 761 819
C3 0.0011 594 629 759 776
L0 0.0011 0 328 757 842
D2 0.0011 279 102 352 210
E3 0.0011 151 2 743 328
H3 0.0011 -2 382 761 1006
C3 0.0010 326 715 760 1023
D2 0.0010 123 80 609 549
A2 0.0010 70 258 385 590
