E2 0.5894 223 252 373 399
E2 0.4146 71 305 242 402
E2 0.3475 105 239 272 326
E2 0.2473 100 178 278 347
E2 0.2288 65 223 279 401
C2 0.1831 56 210 114 247
R0 0.1093 170 -1 258 76
E2 0.0940 138 177 274 257
E2 0.0674 51 178 407 410
R0 0.0509 29 -41 429 282
E2 0.0307 101 229 286 354
C2 0.0240 340 163 367 218
D2 0.0232 56 210 112 247
D2 0.0197 340 163 367 219
E2 0.0190 83 210 343 375
R0 0.0126 0 0 424 375
R0 0.0121 -43 -79 454 337
A0 0.0088 0 -1 432 401
B2 0.0081 57 210 112 247
L0 0.0075 65 176 371 403
E3 0.0072 -1 -3 432 384
E2 0.0059 112 233 394 405
E2 0.0054 -1 218 440 446
C2 0.0051 293 236 368 287
E2 0.0049 161 249 361 401
D2 0.0044 62 177 374 404
E2 0.0041 211 322 289 391
E2 0.0038 199 253 322 400
R0 0.0030 45 39 353 235
C3 0.0029 234 333 282 384
E2 0.0029 228 324 284 386
C3 0.0028 340 165 367 220
E2 0.0027 230 253 367 353
E2 0.0023 86 295 386 439
B2 0.0022 341 162 367 216
E2 0.0022 36 217 331 420
C2 0.0020 234 333 280 383
E2 0.0020 9 266 417 421
E2 0.0019 83 28 399 275
C3 0.0017 294 234 368 291
E2 0.0016 293 234 369 292
E0 0.0015 1 323 429 429
B0 0.0014 3 344 432 430
A3 0.0014 293 234 368 291
E2 0.0013 108 164 363 324
H3 0.0012 3 335 426 431
Q0 0.0012 1 1 424 261
Q0 0.0012 68 177 278 400
E2 0.0012 203 315 308 396
C3 0.0011 267 221 281 259
C2 0.0010 173 17 258 74
E2 0.0010 48 297 348 406
