D2 0.5466 166 164 377 337
D2 0.4005 53 127 167 260
D2 0.3992 165 131 277 243
E2 0.3087 164 131 278 243
D2 0.2621 219 167 323 258
E2 0.2096 53 127 168 261
C2 0.1863 54 126 168 261
D2 0.1728 168 223 252 307
D2 0.1675 287 220 377 316
C2 0.1395 165 129 278 241
D2 0.1141 195 255 322 335
D2 0.1008 198 168 347 303
E2 0.0715 217 166 325 259
E2 0.0712 169 222 252 308
C2 0.0581 174 226 250 298
C2 0.0485 287 220 377 316
E2 0.0457 156 144 340 328
C2 0.0385 196 255 321 335
C2 0.0378 214 258 306 323
E2 0.0319 196 255 322 336
E2 0.0279 22 118 302 276
E2 0.0201 163 126 324 267
C2 0.0198 55 138 84 165
C2 0.0179 223 178 311 252
C2 0.0176 50 133 86 180
E2 0.0125 286 220 377 318
D2 0.0114 213 207 376 329
D2 0.0112 251 165 375 330
D2 0.0102 139 123 341 360
D1 0.0083 32 111 271 172
E2 0.0080 142 118 320 360
C3 0.0078 286 218 376 317
D2 0.0066 3 90 393 384
C3 0.0064 169 222 252 307
H3 0.0062 2 70 396 396
C2 0.0060 163 144 261 228
E2 0.0051 141 241 372 354
C2 0.0045 145 121 189 166
E2 0.0037 19 111 284 175
E0 0.0029 133 261 393 356
D2 0.0025 133 256 392 355
D2 0.0024 0 63 43 298
D2 0.0024 149 216 348 334
E2 0.0023 0 59 42 300
E0 0.0021 -1 266 397 415
B0 0.0021 -1 69 396 367
E2 0.0019 3 107 333 319
F2 0.0018 112 93 317 181
D2 0.0018 1 258 400 401
I0 0.0017 -3 69 40 304
E3 0.0015 -3 69 39 301
D1 0.0015 110 92 320 180
O0 0.0015 0 71 40 303
D1 0.0014 -12 109 319 166
F2 0.0014 11 234 185 289
E2 0.0013 0 119 35 301
E2 0.0013 183 230 335 339
B2 0.0013 184 227 254 289
A2 0.0012 5 310 394 408
G3 0.0011 33 102 313 183
C2 0.0010 159 118 217 142
B0 0.0010 31 100 314 187
