E2 0.3136 240 59 389 177
A2 0.2743 74 217 509 556
E2 0.2419 429 43 582 186
R0 0.0664 7 9 142 83
E2 0.0491 240 36 384 130
E2 0.0197 241 38 379 97
C2 0.0150 246 41 358 101
C2 0.0133 256 505 317 550
C2 0.0132 243 72 375 157
B2 0.0118 338 49 397 74
O0 0.0114 8 9 141 84
C2 0.0110 455 127 557 160
B2 0.0104 256 505 316 551
D2 0.0103 338 49 397 74
C2 0.0090 196 494 261 556
B2 0.0083 196 486 262 558
Q0 0.0069 425 31 606 195
C2 0.0066 556 151 583 178
E3 0.0064 223 22 403 196
C2 0.0063 437 130 566 185
E2 0.0060 211 40 398 196
C2 0.0058 449 98 562 160
C2 0.0058 360 145 391 170
D2 0.0056 14 198 542 618
H3 0.0056 6 -5 638 635
D2 0.0052 257 506 316 551
Q0 0.0050 11 190 565 611
C2 0.0049 260 454 332 534
E2 0.0048 8 8 145 83
E2 0.0047 353 37 594 197
E0 0.0046 14 196 542 620
I3 0.0046 524 30 609 203
C2 0.0046 434 67 568 149
E2 0.0045 237 40 312 147
D2 0.0045 2 -3 638 633
E2 0.0045 -16 213 512 558
E2 0.0043 335 19 460 198
E3 0.0043 12 177 545 624
A2 0.0040 340 23 475 206
H3 0.0040 12 192 538 626
C3 0.0036 421 164 469 179
E3 0.0036 426 37 610 198
I0 0.0034 426 35 608 193
E2 0.0034 523 32 608 202
C2 0.0033 444 43 559 125
E2 0.0033 340 20 458 141
C2 0.0031 349 144 391 183
B2 0.0031 441 128 568 185
E3 0.0031 168 16 577 209
C2 0.0030 252 133 361 181
C2 0.0029 433 47 527 108
C2 0.0028 449 73 551 119
C2 0.0028 242 42 321 102
E2 0.0025 276 21 455 197
D1 0.0024 524 31 608 202
C2 0.0024 435 133 530 183
D2 0.0024 198 489 260 557
B2 0.0023 135 317 197 371
E2 0.0021 435 44 568 116
B2 0.0021 232 159 275 178
C3 0.0021 247 71 388 158
C2 0.0021 261 454 319 519
B2 0.0020 329 19 473 205
B2 0.0020 254 131 372 181
C2 0.0020 116 468 170 535
A2 0.0019 136 209 488 455
B2 0.0018 131 251 185 291
B2 0.0018 264 453 339 524
B2 0.0018 536 35 598 82
B1 0.0018 524 30 608 203
B2 0.0018 71 452 116 499
C2 0.0018 258 491 316 545
C2 0.0017 434 52 500 108
E3 0.0015 324 33 628 202
F2 0.0015 52 485 452 623
C2 0.0014 289 40 324 57
B2 0.0014 538 53 590 81
E2 0.0014 239 71 260 149
E2 0.0014 308 46 417 192
B2 0.0013 54 357 135 418
C2 0.0013 527 148 586 191
B2 0.0013 436 133 510 181
B2 0.0013 369 23 497 206
E2 0.0013 240 61 284 150
A2 0.0013 206 263 499 558
C2 0.0013 131 250 185 291
E2 0.0012 436 94 584 194
C2 0.0012 361 459 420 532
C2 0.0012 135 325 213 383
E3 0.0011 501 94 574 171
C2 0.0011 256 119 363 158
B2 0.0011 456 127 560 161
B2 0.0011 261 449 316 514
D2 0.0011 69 456 116 500
A2 0.0010 345 30 538 209
C3 0.0010 560 186 591 205
A3 0.0010 344 22 459 140
D2 0.0010 362 468 419 532
E2 0.0010 206 26 294 205
B2 0.0010 108 452 176 528
B2 0.0010 358 145 391 179
C2 0.0010 185 231 264 296
