D2 0.5689 414 0 600 143
D2 0.4428 39 238 252 399
E2 0.4048 7 171 191 305
E2 0.3226 40 239 254 397
D2 0.3205 338 71 549 272
E2 0.2784 15 169 255 400
D2 0.2514 356 135 544 273
D2 0.2308 214 91 408 316
B2 0.2236 416 0 602 142
E2 0.2189 45 95 170 193
E2 0.1856 204 0 434 117
E2 0.1835 414 0 602 143
D2 0.1460 51 71 265 197
E2 0.1380 50 74 264 195
E2 0.1208 11 173 245 329
E2 0.1184 212 93 413 316
E2 0.1159 298 0 425 92
D2 0.1157 218 165 404 314
D2 0.1119 153 73 258 195
E2 0.0859 208 34 356 115
E2 0.0836 339 70 536 252
E2 0.0789 129 73 284 196
C2 0.0713 44 95 120 193
E2 0.0544 154 72 254 192
E2 0.0452 340 74 497 181
E2 0.0402 15 171 181 257
B2 0.0384 358 136 543 272
D2 0.0380 209 85 532 317
C2 0.0357 185 103 253 188
B2 0.0348 208 0 424 114
E2 0.0348 291 -1 590 147
E2 0.0341 220 166 406 314
E2 0.0323 212 82 544 317
C2 0.0304 156 87 220 183
C2 0.0271 416 71 504 130
E2 0.0245 44 94 127 196
E2 0.0213 207 34 309 97
E2 0.0168 90 91 452 317
E2 0.0162 20 169 165 231
E2 0.0152 355 137 538 273
C2 0.0117 207 37 297 87
C2 0.0116 46 131 100 192
C2 0.0115 155 81 245 185
C2 0.0109 301 2 421 86
E2 0.0093 395 287 594 397
E2 0.0084 321 40 537 140
C2 0.0063 80 110 165 188
B2 0.0056 208 38 294 85
R0 0.0055 385 265 601 419
C2 0.0045 364 288 430 328
E2 0.0045 15 80 314 342
E2 0.0044 382 65 509 141
E2 0.0044 29 58 212 200
Q0 0.0040 394 274 599 393
E2 0.0040 170 178 297 257
E2 0.0039 178 56 543 241
D2 0.0036 3 -5 598 396
C2 0.0035 328 12 417 88
C2 0.0033 299 1 358 64
E2 0.0033 13 156 310 309
E2 0.0032 221 -2 556 203
E2 0.0030 412 332 587 405
E2 0.0029 141 33 344 121
E2 0.0028 225 213 402 314
E2 0.0028 170 173 335 277
E3 0.0026 395 275 599 392
E2 0.0025 223 94 389 219
C2 0.0024 469 0 581 141
Q0 0.0023 0 0 302 124
E2 0.0023 152 71 272 133
C2 0.0023 156 89 200 194
B2 0.0022 89 111 163 183
D2 0.0018 397 254 602 528
E2 0.0017 192 19 474 235
C2 0.0016 256 63 355 113
R0 0.0016 -1 -92 221 130
E2 0.0016 479 24 599 141
L0 0.0015 4 -7 597 396
E2 0.0015 164 90 303 191
E2 0.0015 131 35 342 196
E2 0.0013 207 76 447 206
B2 0.0013 340 22 417 86
E2 0.0013 278 0 487 53
E2 0.0013 95 84 319 203
C2 0.0013 29 171 142 231
C2 0.0012 113 99 208 175
C2 0.0012 59 105 152 183
G3 0.0011 507 164 545 179
C2 0.0011 362 287 430 374
Q0 0.0011 4 171 250 388
R0 0.0011 269 285 438 396
C2 0.0011 297 3 392 72
E2 0.0011 27 130 179 241
C2 0.0011 339 79 464 179
E2 0.0011 6 444 204 501
C2 0.0011 141 84 207 179
D2 0.0011 3 172 252 394
C2 0.0010 66 110 143 166
E2 0.0010 145 73 224 126
E0 0.0010 1 -4 595 155
C2 0.0010 417 33 481 77
D2 0.0010 136 1 601 328
