D2 0.3074 104 201 338 402
E2 0.1263 -23 40 510 433
B2 0.1195 106 201 336 401
B1 0.1148 18 7 169 82
R0 0.0899 20 7 168 84
D2 0.0750 273 186 434 351
O0 0.0680 374 21 480 130
E2 0.0647 -4 -44 641 447
E2 0.0618 13 66 348 277
E2 0.0569 -57 -34 425 484
B1 0.0483 371 21 481 131
F2 0.0384 -6 -2 393 49
D2 0.0384 79 157 398 396
E2 0.0364 135 -33 538 417
L0 0.0357 4 27 496 388
E2 0.0315 176 15 518 350
E2 0.0301 43 121 485 401
E2 0.0263 -83 -102 569 554
B2 0.0261 273 186 435 348
E2 0.0250 51 20 477 332
E2 0.0240 93 34 449 260
D2 0.0156 84 70 324 254
B2 0.0155 -7 -1 379 51
E2 0.0152 17 24 348 395
F0 0.0138 371 20 480 133
D2 0.0131 2 26 496 399
D1 0.0128 18 7 174 89
Q0 0.0122 0 15 497 467
H3 0.0117 4 -1 499 489
B2 0.0112 -6 -1 252 63
B0 0.0105 3 25 496 383
R0 0.0101 1 1 498 488
Q0 0.0098 -2 2 387 67
C2 0.0090 374 35 456 117
E2 0.0087 149 32 550 246
E2 0.0086 269 179 433 352
R0 0.0085 -4 376 277 500
D1 0.0073 1 376 268 498
B0 0.0064 169 34 499 342
B2 0.0062 -13 72 359 281
B2 0.0060 79 27 515 264
D2 0.0054 4 112 177 269
F2 0.0052 -6 -1 256 58
R0 0.0052 2 0 174 121
C0 0.0050 104 160 454 397
B2 0.0048 6 114 176 269
F2 0.0046 0 1 388 88
E2 0.0044 98 197 315 387
J0 0.0043 -1 373 277 501
B2 0.0043 256 38 496 339
Q0 0.0040 -1 2 386 117
G0 0.0035 0 381 264 497
D2 0.0034 348 157 495 324
E2 0.0033 6 1 182 106
B2 0.0032 -1 0 230 90
F2 0.0030 108 168 455 416
J0 0.0026 212 395 500 505
D2 0.0026 320 101 492 329
D1 0.0025 7 375 261 449
I0 0.0025 0 392 503 498
R0 0.0022 209 394 503 504
D2 0.0021 31 44 432 291
E2 0.0020 330 133 492 326
Q0 0.0019 0 72 314 269
B0 0.0017 0 0 393 119
F2 0.0017 -42 -1 312 43
I0 0.0016 1 376 266 495
E2 0.0016 111 165 486 359
C2 0.0015 25 451 77 492
Q0 0.0013 -5 2 501 287
E2 0.0012 -49 5 506 280
D1 0.0012 191 395 500 506
E2 0.0012 238 105 457 364
E2 0.0011 251 34 501 305
G0 0.0011 273 2 496 144
C2 0.0011 73 168 161 260
B2 0.0011 0 10 64 125
K0 0.0011 148 173 466 364
B2 0.0011 48 143 177 266
B0 0.0010 148 394 507 514
B1 0.0010 296 1 488 133
C3 0.0010 70 0 409 50
C2 0.0010 221 170 247 191
Q0 0.0010 4 41 385 308
G0 0.0010 0 355 508 499
B3 0.0010 376 15 494 146
