E2 0.6603 235 106 426 296
E2 0.5927 118 37 294 243
E2 0.4863 283 63 425 168
E2 0.1194 92 37 426 265
E2 0.0371 19 50 500 320
E2 0.0216 283 63 419 134
E2 0.0207 273 60 423 223
E2 0.0169 121 37 268 118
H3 0.0134 2 14 497 371
C2 0.0128 288 64 411 132
D2 0.0114 0 16 501 371
L0 0.0071 7 1 494 288
E2 0.0071 249 102 419 208
B0 0.0060 2 -9 495 368
E2 0.0053 153 65 431 310
L0 0.0047 9 0 497 156
D2 0.0044 46 30 458 309
D2 0.0036 3 2 497 169
E3 0.0031 206 1 496 133
Q0 0.0028 205 2 496 134
E3 0.0025 0 49 502 372
G3 0.0023 204 1 497 134
E3 0.0023 0 3 193 222
E3 0.0021 -1 28 115 222
E2 0.0021 219 -1 517 143
E0 0.0020 17 -2 495 145
E2 0.0020 280 134 423 277
D2 0.0019 316 -62 354 -37
G3 0.0018 1 6 193 218
E2 0.0016 90 65 353 287
K0 0.0016 0 35 58 213
E2 0.0014 242 26 467 142
K0 0.0014 1 28 100 223
E2 0.0014 215 44 444 261
E2 0.0013 221 105 367 300
Q0 0.0013 1 4 186 135
G3 0.0012 0 23 114 218
E2 0.0012 125 54 465 158
E2 0.0012 123 72 257 241
G3 0.0011 0 2 445 236
K0 0.0011 1 31 95 140
B0 0.0010 207 -7 500 365
