E2 0.5199 461 214 559 367
E2 0.3768 281 223 485 412
B2 0.3735 186 297 283 405
E2 0.3576 180 76 313 175
E2 0.3235 385 78 498 178
E2 0.2709 185 295 284 408
B2 0.2701 283 225 486 413
B2 0.2403 342 291 460 441
D2 0.1504 461 215 559 367
E2 0.1480 255 63 390 178
E2 0.1399 340 292 460 440
D2 0.1292 256 64 387 177
B2 0.1214 249 153 505 270
B2 0.0598 184 81 314 177
E2 0.0407 247 155 501 271
B2 0.0370 387 80 495 176
E2 0.0361 141 218 260 310
A3 0.0258 383 77 499 180
B2 0.0174 226 263 334 341
B2 0.0143 248 66 403 183
D2 0.0089 386 79 494 174
E2 0.0060 232 166 493 354
D2 0.0048 282 225 491 401
D2 0.0043 181 80 316 179
D2 0.0043 143 218 255 309
B2 0.0032 223 162 486 349
E2 0.0027 160 151 336 231
E2 0.0012 165 86 411 237
E2 0.0010 238 67 501 180
