E2 0.8369 1 215 471 689
E2 0.7610 100 219 469 497
E2 0.7013 352 351 685 639
F2 0.1515 -1 538 703 702
E0 0.1485 236 -4 701 243
B2 0.0862 0 524 698 699
D2 0.0602 344 353 704 631
D2 0.0470 0 545 700 702
E2 0.0423 11 421 347 681
E2 0.0416 0 245 697 695
E2 0.0275 0 496 18 640
D2 0.0231 243 483 697 698
C3 0.0213 220 -5 702 533
D2 0.0168 688 412 700 550
E2 0.0133 7 565 275 702
E2 0.0116 12 356 447 689
E2 0.0079 0 472 14 628
F3 0.0071 246 478 698 698
D2 0.0063 675 387 698 587
B2 0.0061 4 562 557 700
E2 0.0057 0 452 22 649
C3 0.0050 8 566 265 700
E0 0.0050 235 -1 702 461
D2 0.0047 -3 561 459 698
B2 0.0039 212 496 693 695
C3 0.0033 216 0 655 197
E2 0.0025 649 296 699 464
E2 0.0023 662 229 699 520
C3 0.0021 641 298 700 451
E2 0.0020 -1 501 682 699
C3 0.0020 194 -1 675 134
E2 0.0019 0 529 388 699
D2 0.0019 0 483 18 648
E0 0.0019 6 -6 687 273
D2 0.0019 690 391 700 599
E2 0.0019 628 213 699 528
E2 0.0018 15 480 482 695
E2 0.0016 667 282 699 485
C3 0.0014 0 17 87 300
E2 0.0014 0 400 29 674
C3 0.0013 604 -1 699 193
D2 0.0012 -10 258 705 695
C3 0.0012 230 -2 566 241
B2 0.0012 3 566 349 702
E2 0.0011 688 340 699 570
E2 0.0011 0 592 374 702
