E2 0.4061 316 275 616 577
E2 0.3441 12 197 283 537
D2 0.2695 316 278 614 581
C2 0.1425 318 275 607 576
C2 0.0836 13 243 275 533
C2 0.0731 564 103 617 172
C2 0.0630 211 232 279 295
C2 0.0546 89 212 229 309
E2 0.0311 406 224 583 357
D2 0.0308 399 223 582 359
A2 0.0305 332 98 655 309
B2 0.0302 577 28 640 65
D2 0.0294 565 103 617 172
C2 0.0292 479 6 545 88
F2 0.0290 334 102 651 310
D2 0.0286 388 0 440 39
D2 0.0284 638 86 672 136
D2 0.0208 578 28 640 64
B2 0.0202 387 0 440 39
D2 0.0170 260 -2 668 204
D2 0.0166 606 174 670 219
B2 0.0142 605 174 667 218
Q0 0.0132 2 -4 670 664
A2 0.0130 251 -1 678 207
E3 0.0115 12 -1 672 657
A2 0.0111 386 -1 666 221
C3 0.0109 652 13 672 85
H3 0.0107 6 -6 671 665
B2 0.0101 422 38 486 86
Q0 0.0098 312 227 612 573
E2 0.0095 329 219 605 519
Q0 0.0094 2 201 279 532
B2 0.0084 448 0 496 34
C2 0.0080 276 61 346 150
B2 0.0078 565 103 616 171
C2 0.0077 638 86 672 136
D2 0.0071 483 3 547 88
B2 0.0070 605 54 667 103
B2 0.0069 431 16 482 42
B2 0.0069 386 33 432 93
C2 0.0065 407 247 570 360
B2 0.0063 601 173 650 243
C2 0.0062 237 68 312 133
D1 0.0059 343 101 647 325
B2 0.0058 324 22 386 63
B2 0.0057 490 577 550 613
B2 0.0049 237 66 311 129
E2 0.0049 77 204 233 306
C2 0.0047 202 1 282 39
B2 0.0046 206 1 319 39
B2 0.0045 637 86 672 135
D2 0.0044 393 -1 666 215
C2 0.0043 489 577 550 614
C2 0.0043 25 197 120 261
B2 0.0041 426 78 473 147
F2 0.0041 2 -2 674 635
A2 0.0038 75 -23 712 282
B2 0.0037 280 62 347 144
C2 0.0037 489 1 546 52
B2 0.0035 268 79 309 131
B2 0.0034 470 0 504 23
D2 0.0034 631 84 671 177
D2 0.0033 467 46 502 87
B2 0.0033 324 0 382 29
C2 0.0033 203 1 323 39
C2 0.0032 625 85 671 174
C2 0.0031 470 24 541 89
C2 0.0030 600 173 649 244
C2 0.0028 267 76 312 141
C2 0.0027 440 238 579 350
E2 0.0027 23 294 274 529
C2 0.0027 386 34 430 93
B2 0.0026 572 0 658 68
E2 0.0026 38 201 242 386
E3 0.0025 2 201 281 529
B2 0.0025 426 93 466 145
C2 0.0024 65 156 111 186
B2 0.0024 494 1 547 51
E2 0.0024 342 146 632 384
D2 0.0024 174 139 206 178
Q0 0.0024 218 134 636 601
C2 0.0024 191 620 258 673
A0 0.0023 122 12 666 644
F2 0.0023 173 0 675 496
B2 0.0023 327 3 365 29
B0 0.0023 175 1 678 645
F2 0.0022 85 -34 709 315
B2 0.0022 452 91 508 142
B2 0.0021 448 108 511 163
F2 0.0021 24 200 311 303
B2 0.0021 514 75 544 135
B2 0.0021 261 0 314 12
B2 0.0020 461 92 508 125
Q0 0.0020 190 0 672 309
Q0 0.0020 -3 3 364 193
C3 0.0019 330 92 667 308
E2 0.0019 158 93 426 623
B2 0.0018 332 1 445 42
F2 0.0018 40 147 391 240
B2 0.0017 606 174 648 215
B2 0.0017 306 12 383 67
Q0 0.0017 276 62 674 296
E2 0.0017 -33 -20 377 215
B2 0.0017 199 0 240 10
B2 0.0016 515 75 559 139
A2 0.0016 477 -1 658 208
E2 0.0016 55 191 277 311
E2 0.0015 347 227 589 412
L0 0.0015 176 -2 679 321
A2 0.0015 120 413 591 683
E2 0.0014 46 149 380 233
D2 0.0014 638 66 671 199
B2 0.0014 174 139 206 178
B2 0.0014 238 67 285 118
E2 0.0014 80 114 592 713
C2 0.0014 327 246 415 339
A2 0.0013 325 8 673 308
C2 0.0013 387 0 439 39
B2 0.0013 436 3 486 38
B2 0.0013 652 8 672 87
B2 0.0013 546 3 604 50
A2 0.0013 325 86 623 257
C2 0.0013 234 69 293 122
B2 0.0013 319 21 385 84
E3 0.0012 560 337 674 664
Q0 0.0012 -1 14 370 611
F2 0.0012 121 44 415 612
H3 0.0012 -34 -16 409 210
B2 0.0012 468 43 503 88
F2 0.0012 192 2 672 256
E2 0.0012 76 8 459 236
B2 0.0012 600 17 671 107
B2 0.0012 278 3 320 28
C2 0.0012 33 18 73 121
B2 0.0012 275 247 344 324
A0 0.0011 282 53 657 615
E0 0.0011 96 128 582 716
G3 0.0011 85 637 133 673
F2 0.0011 -21 109 596 296
C2 0.0011 652 18 672 86
B2 0.0011 427 71 504 147
B2 0.0011 224 1 317 24
G0 0.0011 305 603 630 679
E2 0.0011 -65 1 653 333
C2 0.0011 269 190 342 247
D2 0.0011 287 -2 648 147
C2 0.0011 94 281 241 385
B2 0.0011 446 112 477 146
A2 0.0011 343 37 648 244
R0 0.0011 -34 -16 410 212
B2 0.0010 653 -21 672 102
D2 0.0010 -4 -1 685 379
C2 0.0010 368 0 430 41
B2 0.0010 312 0 372 20
C3 0.0010 349 118 636 360
B2 0.0010 638 -2 671 176
E2 0.0010 9 148 129 251
Q0 0.0010 552 331 674 677
G0 0.0010 288 552 629 672
H3 0.0010 0 0 685 309
E2 0.0010 13 235 240 462
