E2 0.5373 47 360 861 762
E2 0.3551 24 196 862 809
E2 0.2190 124 217 783 469
E2 0.1383 94 211 754 711
E2 0.0869 52 387 926 654
L0 0.0696 81 213 898 772
E2 0.0402 116 364 745 681
C3 0.0345 0 748 58 782
L0 0.0326 0 615 904 846
C2 0.0142 0 397 26 696
L0 0.0129 144 624 897 788
C3 0.0125 310 757 412 781
C3 0.0114 -1 747 59 798
C3 0.0111 772 269 899 610
E2 0.0110 0 400 33 699
G3 0.0100 119 619 898 784
D2 0.0094 66 207 892 790
E2 0.0093 46 499 940 783
C2 0.0088 38 50 110 119
F2 0.0082 172 220 826 349
L0 0.0076 96 225 847 516
C3 0.0075 124 46 203 123
J0 0.0068 775 268 900 613
E2 0.0068 181 221 822 356
B2 0.0067 685 634 899 736
C2 0.0064 0 393 35 638
F2 0.0056 687 634 899 737
B0 0.0046 124 631 899 905
R0 0.0043 775 267 900 616
L0 0.0038 29 516 911 811
C2 0.0037 0 380 20 754
E2 0.0030 123 410 713 627
E2 0.0029 300 377 921 781
F2 0.0027 314 623 907 805
D2 0.0026 125 48 201 123
C3 0.0026 686 647 886 738
F2 0.0025 -1 751 58 783
C2 0.0024 419 799 559 836
E2 0.0023 23 32 208 136
M0 0.0020 0 402 42 707
C3 0.0020 421 798 558 835
O0 0.0018 -1 408 38 718
F2 0.0018 112 218 835 310
E2 0.0017 690 628 898 737
D2 0.0017 83 230 891 517
E2 0.0017 152 559 887 788
E2 0.0016 1 1 213 240
Q0 0.0015 780 276 902 610
D2 0.0015 1 515 900 892
B2 0.0014 39 52 110 118
E2 0.0014 778 271 900 610
L0 0.0014 0 672 918 889
E2 0.0013 94 220 886 307
C3 0.0013 0 694 52 722
E2 0.0013 0 749 58 782
C2 0.0012 784 253 898 526
E2 0.0012 61 43 199 128
D2 0.0012 4 643 901 900
Q0 0.0012 102 228 828 464
E2 0.0012 87 540 682 777
F2 0.0011 105 227 812 468
C2 0.0011 0 358 36 726
E2 0.0011 292 406 919 644
E2 0.0010 0 396 47 728
C2 0.0010 309 758 412 785
