E2 0.9486 69 193 322 336
E2 0.8916 93 75 324 221
E2 0.4692 153 34 399 401
E2 0.3400 292 59 400 226
E2 0.2928 15 293 367 400
E2 0.0352 388 39 400 167
E2 0.0156 389 34 400 227
E2 0.0101 380 38 399 167
E2 0.0062 0 235 385 398
E2 0.0051 380 38 399 236
E2 0.0030 281 34 401 389
E2 0.0029 -1 26 112 159
E2 0.0022 390 39 400 132
H0 0.0022 -1 25 112 162
A3 0.0020 388 23 399 175
E2 0.0020 0 190 303 400
B3 0.0019 0 43 103 159
E2 0.0016 342 0 398 61
E2 0.0014 360 38 399 173
E2 0.0013 388 1 400 141
E2 0.0011 33 157 106 224
E2 0.0010 316 0 400 48
