E2 0.7569 566 440 1473 1218
I3 0.5646 1642 89 2047 625
E0 0.3984 1082 -3 1989 346
A2 0.0970 1094 -6 1990 352
C3 0.0877 1077 -4 1978 350
H3 0.0871 1641 85 2052 636
E2 0.0385 1092 -11 1981 345
F2 0.0229 503 765 1925 996
H3 0.0202 4 -33 2046 1373
L0 0.0165 1635 84 2053 636
D2 0.0163 13 -15 2050 1363
G3 0.0130 561 857 1899 969
F2 0.0125 619 821 1903 959
E0 0.0107 1172 855 1836 943
B0 0.0079 13 -12 2021 1375
E2 0.0076 631 444 1410 948
K0 0.0063 1636 642 2051 1175
C2 0.0058 1475 1 1760 65
O0 0.0058 1646 86 2041 652
E0 0.0056 56 435 875 1353
E0 0.0055 594 820 1930 968
E0 0.0046 780 846 1848 946
F2 0.0039 425 674 1931 1082
H3 0.0038 1139 -13 1978 352
B3 0.0037 1631 72 2066 653
B3 0.0037 13 0 545 170
I3 0.0037 3 2 548 167
F0 0.0034 8 0 548 169
E2 0.0033 437 482 1875 1182
D2 0.0031 1871 1135 2045 1362
G3 0.0029 414 675 1955 1079
O0 0.0028 8 1 544 170
C2 0.0027 9 0 564 161
E3 0.0027 3 -17 1932 1370
G3 0.0026 466 782 1936 1038
C3 0.0026 1630 647 2046 1175
G3 0.0025 1972 341 2047 425
F2 0.0024 1095 -3 1926 331
N0 0.0023 1647 76 2067 594
C3 0.0021 1435 737 1574 934
C2 0.0020 1872 1140 2048 1356
L0 0.0020 206 267 2007 1238
C3 0.0020 1087 849 1773 940
O0 0.0017 1130 -6 1964 344
C3 0.0016 1057 827 1841 958
C3 0.0016 1654 70 2061 568
G3 0.0016 1643 660 2052 1167
F2 0.0014 1172 846 1839 945
G3 0.0014 546 844 1967 1065
E2 0.0014 1864 1140 2046 1363
C3 0.0013 1278 861 1904 944
C3 0.0012 1881 304 2048 435
L0 0.0012 320 621 1995 1060
B2 0.0011 1637 650 2049 1173
G3 0.0010 1886 312 2047 432
C2 0.0010 1412 735 1587 953
C2 0.0010 1870 -1 2049 133
E3 0.0010 1648 656 2050 1159
