E2 0.3554 12 153 249 243
E2 0.2467 22 224 256 312
R0 0.1861 7 1 114 58
I3 0.1258 222 131 282 203
R0 0.1206 160 -1 303 157
F2 0.1067 11 234 184 305
B2 0.0976 7 234 184 304
E2 0.0825 -13 169 289 318
F2 0.0811 18 225 248 309
C2 0.0760 3 205 29 245
O0 0.0736 222 131 283 202
E2 0.0389 119 214 252 311
R0 0.0230 7 1 115 90
E2 0.0222 14 234 181 300
B2 0.0207 108 218 255 310
C2 0.0205 159 60 196 141
B3 0.0196 221 129 284 204
E2 0.0194 -47 139 323 340
Q0 0.0177 158 -1 305 155
C3 0.0143 208 211 310 311
L0 0.0118 5 156 257 309
E2 0.0118 -1 185 245 266
E0 0.0100 205 212 310 311
B3 0.0096 158 61 212 158
B2 0.0094 156 216 254 310
E2 0.0082 221 130 283 203
B1 0.0066 159 61 209 158
L0 0.0066 0 156 253 251
A2 0.0063 204 212 310 310
D2 0.0062 1 154 257 308
G3 0.0061 1 157 255 247
E2 0.0060 32 222 272 276
E3 0.0059 1 158 263 309
R0 0.0052 157 0 310 273
C3 0.0049 242 213 309 309
H3 0.0049 0 -4 309 309
K0 0.0047 158 61 216 157
R0 0.0046 0 -3 309 314
E2 0.0045 155 216 253 296
B2 0.0044 117 181 150 204
E2 0.0043 104 136 258 334
R0 0.0040 10 6 77 59
I0 0.0039 156 1 310 269
C3 0.0039 152 216 254 310
B0 0.0038 157 0 309 236
R0 0.0038 0 213 304 311
B2 0.0036 11 153 222 249
B3 0.0036 221 118 308 231
I0 0.0036 272 2 310 253
A0 0.0033 0 -4 309 311
C3 0.0032 63 166 83 211
R0 0.0032 178 42 304 151
C2 0.0031 223 132 276 178
B0 0.0031 2 -4 308 313
H3 0.0031 243 211 309 305
B3 0.0030 204 41 306 216
B2 0.0028 155 176 191 199
C3 0.0028 139 161 165 202
E2 0.0026 -9 141 276 231
C3 0.0026 99 163 125 206
B0 0.0026 2 141 261 246
B0 0.0026 274 0 310 231
F2 0.0026 14 155 218 244
B0 0.0023 2 153 278 308
E2 0.0022 196 39 303 215
Q0 0.0021 2 198 268 307
Q0 0.0021 12 63 156 164
E2 0.0020 1 -1 160 24
D2 0.0020 0 157 259 249
I0 0.0020 12 6 124 89
G3 0.0019 63 167 82 211
B0 0.0019 3 84 275 266
H3 0.0019 205 211 310 309
J0 0.0018 166 39 305 154
B2 0.0018 121 192 150 204
L0 0.0017 2 217 264 309
P0 0.0017 274 -7 309 237
B2 0.0016 188 161 221 176
B2 0.0016 116 176 146 195
F0 0.0016 -3 0 285 311
B0 0.0016 208 24 306 231
B3 0.0016 273 5 311 238
R0 0.0015 2 10 165 169
R0 0.0015 63 24 99 50
E2 0.0014 178 235 253 308
E2 0.0013 -1 0 164 16
B2 0.0013 81 193 109 209
B2 0.0013 118 181 145 194
G3 0.0013 80 197 109 209
B2 0.0013 79 180 110 209
I0 0.0013 7 4 138 129
C3 0.0013 175 236 253 308
E2 0.0012 -14 -4 165 58
N0 0.0012 154 -2 309 162
B0 0.0012 122 -7 312 308
E3 0.0012 180 238 303 310
C3 0.0012 161 210 302 312
B2 0.0011 152 170 188 191
B2 0.0011 189 173 230 197
J0 0.0011 59 119 129 162
H3 0.0010 155 210 303 310
E2 0.0010 1 288 101 310
