D2 0.5611 121 105 305 268
D2 0.5283 -2 117 114 290
C2 0.4299 0 116 114 290
C2 0.3782 122 105 306 267
D2 0.3726 317 238 522 365
E2 0.3462 413 371 511 492
E2 0.3269 124 223 551 463
D2 0.2993 148 295 324 414
D2 0.2918 210 310 364 450
E2 0.2597 0 117 115 290
E2 0.2509 121 105 307 267
E2 0.2464 148 295 325 413
D2 0.2271 413 371 510 490
E2 0.2144 211 309 362 450
D2 0.2139 333 357 468 481
E2 0.2093 334 355 469 481
D2 0.2056 277 324 450 454
C2 0.1760 210 310 362 449
C2 0.1727 148 295 321 413
C2 0.1577 413 370 510 493
C2 0.1575 316 236 522 365
E2 0.1534 277 326 451 454
E2 0.1509 316 238 519 364
C2 0.1266 277 325 448 454
E2 0.0876 317 352 515 498
E2 0.0595 169 290 495 459
C2 0.0384 331 367 462 480
E2 0.0334 194 235 537 396
E2 0.0265 261 310 490 492
E2 0.0163 141 252 472 443
H3 0.0155 4 -17 697 698
C2 0.0126 280 352 397 455
E2 0.0106 146 295 267 417
E0 0.0089 2 -3 693 695
E2 0.0077 401 328 542 495
E2 0.0069 1 118 46 294
E2 0.0061 4 115 74 294
E2 0.0052 119 285 550 513
C2 0.0049 144 301 255 414
D2 0.0040 1 -5 693 697
C3 0.0032 532 41 594 109
C2 0.0028 531 40 595 108
C3 0.0025 392 257 694 533
E0 0.0025 361 256 688 520
C2 0.0024 0 124 100 251
E2 0.0024 365 259 656 522
H3 0.0021 1 246 700 699
E2 0.0019 299 234 527 518
G3 0.0016 666 37 700 374
E2 0.0016 -8 94 334 289
B3 0.0016 516 -4 702 329
E2 0.0014 0 94 35 294
R0 0.0013 19 581 691 700
C2 0.0013 1 60 20 356
C2 0.0013 367 326 452 397
G3 0.0012 675 118 700 265
H3 0.0012 378 256 700 524
M0 0.0012 516 4 704 349
R0 0.0012 340 -17 660 311
C2 0.0012 290 341 439 435
C2 0.0011 2 93 56 321
C2 0.0011 308 255 519 337
R0 0.0011 -5 412 704 705
E2 0.0011 197 297 416 481
I3 0.0011 524 -7 703 336
C2 0.0010 333 383 432 477
C2 0.0010 1 57 35 355
C2 0.0010 303 262 505 317
