E2 0.3099 105 249 570 708
D2 0.2861 89 254 576 716
A3 0.2285 440 264 744 602
D2 0.1490 440 264 744 601
E2 0.1115 445 265 739 601
D2 0.0527 556 4 794 242
F2 0.0521 616 579 799 636
R0 0.0299 556 4 793 242
R0 0.0282 27 27 149 143
C3 0.0267 616 576 812 632
L0 0.0231 -3 0 798 770
E2 0.0155 613 579 801 638
H3 0.0115 2 0 795 775
E3 0.0104 108 255 564 699
E0 0.0080 0 404 249 684
E2 0.0072 101 218 786 673
R0 0.0068 608 73 744 204
R0 0.0066 321 2 797 354
E3 0.0063 437 268 745 597
A2 0.0063 2 405 248 684
C3 0.0056 1 402 246 685
B0 0.0053 84 6 793 761
B3 0.0052 557 0 788 325
R0 0.0051 0 -7 804 745
E2 0.0051 169 264 743 606
B0 0.0051 28 197 772 678
C3 0.0046 3 401 156 677
C2 0.0042 722 437 799 564
H3 0.0038 556 3 791 244
C2 0.0036 30 28 148 136
E2 0.0036 312 -3 812 354
D2 0.0034 40 210 721 721
R0 0.0033 6 0 156 269
D2 0.0031 238 251 298 276
D2 0.0030 204 13 633 310
Q0 0.0028 437 267 747 597
R0 0.0027 219 11 633 307
E2 0.0027 637 598 786 681
F2 0.0026 616 575 794 678
E2 0.0025 2 406 125 654
E2 0.0024 174 38 669 593
E0 0.0022 0 409 131 669
E2 0.0021 222 11 634 321
B2 0.0021 239 253 297 276
C2 0.0020 239 240 313 276
A3 0.0020 721 436 799 588
E2 0.0020 542 279 741 595
Q0 0.0019 106 250 574 703
Q0 0.0019 143 11 786 341
D2 0.0019 -16 630 586 815
C3 0.0019 720 435 799 590
E2 0.0018 625 568 797 676
O0 0.0017 94 250 587 701
E2 0.0017 619 519 799 643
C3 0.0016 644 610 785 681
B0 0.0016 -7 615 809 797
A2 0.0014 226 20 597 279
R0 0.0014 64 14 792 385
E2 0.0014 169 -47 870 407
Q0 0.0014 -9 -19 788 782
E2 0.0014 619 443 800 663
R0 0.0013 0 -24 163 383
G3 0.0013 614 577 796 632
C2 0.0013 262 376 395 514
I0 0.0013 -12 608 802 796
E2 0.0012 234 24 585 252
G0 0.0011 17 10 793 377
B0 0.0011 -2 464 802 798
B0 0.0011 349 -3 807 346
G3 0.0010 612 566 803 657
E2 0.0010 559 -2 768 246
B2 0.0010 238 242 305 276
H3 0.0010 0 257 801 763
