E2 0.5320 43 315 482 729
D2 0.4819 373 332 570 603
I3 0.2159 159 228 305 331
B2 0.1345 378 331 569 600
H3 0.0997 -2 330 128 477
E2 0.0661 73 419 420 714
D2 0.0507 118 320 587 608
C2 0.0504 626 445 700 563
E2 0.0438 91 317 595 613
E2 0.0369 315 71 781 533
A3 0.0359 331 72 759 530
B0 0.0288 161 226 306 332
E3 0.0254 48 313 431 720
L0 0.0239 0 328 126 479
C2 0.0234 156 228 311 330
C3 0.0232 627 445 700 565
I3 0.0185 0 329 127 479
P0 0.0179 345 58 745 621
D2 0.0174 394 91 757 634
R0 0.0146 -6 56 338 178
B0 0.0136 311 71 753 665
L0 0.0133 311 75 753 664
C2 0.0109 523 583 636 647
C2 0.0108 688 5 799 122
Q0 0.0104 0 64 337 171
B2 0.0086 627 446 699 563
B3 0.0081 1 329 125 484
B2 0.0080 124 327 595 646
D2 0.0079 43 27 798 760
R0 0.0074 318 145 666 609
D2 0.0069 52 316 467 721
C3 0.0068 234 631 348 715
D2 0.0065 497 103 753 710
E2 0.0064 72 203 632 641
P0 0.0061 1 328 127 486
E2 0.0058 165 323 444 724
B2 0.0055 524 581 634 645
E2 0.0052 76 321 446 587
C3 0.0052 73 431 422 717
P0 0.0049 320 29 399 167
E2 0.0047 407 333 569 604
H3 0.0047 3 23 802 771
R0 0.0046 397 4 790 256
Q0 0.0044 44 322 430 719
F0 0.0044 310 124 657 582
E2 0.0036 315 188 708 642
C3 0.0036 85 429 153 461
I3 0.0035 158 220 306 416
C3 0.0031 743 331 771 446
E2 0.0031 278 432 425 718
E2 0.0030 52 323 352 715
C3 0.0030 1 325 122 484
H3 0.0030 389 -2 799 298
E2 0.0029 72 319 439 484
B3 0.0028 321 35 395 169
E2 0.0028 74 375 302 463
B1 0.0027 315 132 715 623
D2 0.0027 58 265 689 615
B3 0.0027 307 4 419 170
A0 0.0027 389 6 796 301
H3 0.0026 0 332 125 429
R0 0.0025 2 72 236 178
Q0 0.0025 390 8 794 305
B2 0.0025 282 438 425 711
G3 0.0023 292 449 353 626
E2 0.0023 374 95 758 666
B0 0.0023 392 -7 800 298
E2 0.0023 418 5 792 319
C2 0.0022 119 371 299 458
C3 0.0022 149 231 309 330
P0 0.0021 308 -2 419 169
Q0 0.0021 305 78 756 673
B2 0.0019 237 327 617 609
C2 0.0018 -2 331 132 397
H3 0.0018 146 227 302 334
Q0 0.0018 -2 7 383 189
E2 0.0018 413 560 642 681
E2 0.0017 28 331 315 489
C0 0.0017 385 -1 797 298
B2 0.0017 441 85 762 697
B0 0.0017 403 4 796 507
E3 0.0016 3 559 790 854
R0 0.0016 327 73 753 681
C3 0.0015 -5 330 130 398
C2 0.0015 195 0 311 69
R0 0.0014 400 0 786 141
E2 0.0014 340 446 427 707
E2 0.0014 483 515 670 668
D2 0.0013 6 154 595 748
C2 0.0013 557 3 706 98
C2 0.0012 407 352 529 559
H3 0.0012 386 -3 800 182
N0 0.0012 334 34 390 167
C2 0.0011 192 515 304 664
E2 0.0011 585 115 752 706
O0 0.0010 0 330 147 481
D2 0.0010 597 104 749 657
R0 0.0010 4 57 335 129
