E2 0.9709 436 173 1090 795
E2 0.9428 329 781 1084 1186
E2 0.8775 1057 736 1201 1109
E2 0.8575 183 638 641 926
E2 0.8498 874 618 1203 878
E2 0.5311 7 776 827 1199
E2 0.0398 1 -7 338 648
E2 0.0370 1020 624 1192 840
E2 0.0229 1164 521 1199 827
E2 0.0200 7 218 507 669
E2 0.0169 1185 490 1200 845
E2 0.0111 880 698 1108 871
E2 0.0096 1058 615 1195 883
E2 0.0091 1188 467 1200 790
E2 0.0089 573 -10 1205 483
E2 0.0082 1045 495 1200 686
E2 0.0076 485 740 669 832
E2 0.0068 442 207 782 788
E2 0.0040 1163 487 1200 743
E2 0.0036 633 474 903 782
E2 0.0027 1052 497 1196 804
E2 0.0026 1155 460 1200 798
D2 0.0025 166 1082 900 1199
E2 0.0024 1179 724 1199 1018
E2 0.0024 1078 552 1195 855
E2 0.0024 1120 731 1198 905
E2 0.0023 1187 607 1200 946
E2 0.0021 1141 561 1199 748
E2 0.0020 1087 678 1201 915
E2 0.0019 2 765 501 1207
E2 0.0018 1184 693 1199 1072
E2 0.0017 1158 563 1200 911
E2 0.0015 1133 672 1199 912
D2 0.0013 269 1112 1000 1198
E2 0.0013 1179 700 1199 931
E2 0.0011 894 485 1204 857
E2 0.0011 554 0 908 226
