E2 0.6969 229 232 500 521
E2 0.4953 486 178 687 372
E2 0.3721 669 83 844 234
E2 0.0732 459 145 705 418
E2 0.0526 659 8 867 252
C2 0.0443 485 192 685 365
E2 0.0413 476 165 766 381
E2 0.0287 658 73 896 281
E2 0.0255 718 11 866 131
C2 0.0237 554 184 679 279
C3 0.0192 484 188 689 365
D2 0.0172 4 -12 1024 678
H3 0.0162 2 -13 1016 678
C2 0.0149 671 83 842 230
L0 0.0147 10 -11 1011 676
B2 0.0097 557 184 672 277
F2 0.0097 715 13 863 130
B2 0.0074 390 279 456 334
E2 0.0065 459 147 679 345
C3 0.0059 666 83 841 231
C2 0.0051 621 87 715 220
Q0 0.0048 3 1 1014 450
B0 0.0047 6 -16 1011 634
B2 0.0046 336 244 464 339
F2 0.0042 662 12 955 309
E2 0.0040 148 282 567 538
C2 0.0035 336 271 393 335
B2 0.0034 337 273 395 333
F2 0.0034 699 7 916 271
C2 0.0034 326 240 462 343
E2 0.0030 262 231 499 441
C3 0.0022 712 12 865 130
C2 0.0021 714 13 863 129
E2 0.0020 440 72 781 373
C3 0.0020 655 72 889 287
E0 0.0017 656 102 888 289
Q0 0.0016 638 13 904 288
C3 0.0016 662 164 883 289
E2 0.0015 171 99 784 468
B2 0.0015 364 268 457 337
C3 0.0014 823 134 956 255
B2 0.0014 446 298 498 333
B2 0.0013 341 241 408 287
E0 0.0012 159 51 798 479
C2 0.0012 821 132 954 257
D2 0.0012 259 20 983 471
E2 0.0011 514 111 715 327
Q0 0.0011 272 -1 1030 683
F2 0.0010 704 -2 997 347
C0 0.0010 640 25 908 292
