E2 0.7890 132 429 409 694
I3 0.7045 -1 151 345 461
E2 0.6216 560 170 969 552
A3 0.3632 338 84 656 358
E2 0.1232 337 83 660 356
C2 0.1225 338 82 656 353
B2 0.1102 566 172 965 549
C3 0.0659 340 82 654 352
C2 0.0310 682 215 797 314
C2 0.0282 361 188 531 346
C3 0.0272 498 473 580 508
E2 0.0197 559 222 689 494
H3 0.0184 -3 149 349 468
B2 0.0171 682 214 785 308
E2 0.0139 560 314 684 494
H3 0.0139 10 -18 1021 837
C3 0.0133 513 18 744 173
C2 0.0107 370 90 629 296
A3 0.0103 511 18 747 172
L0 0.0095 9 1 1017 836
C2 0.0090 506 25 713 167
C2 0.0088 452 364 575 521
K0 0.0073 107 -3 741 188
C2 0.0071 684 216 766 301
K0 0.0064 509 18 748 172
B2 0.0058 510 18 746 174
C3 0.0056 717 541 803 566
E2 0.0054 323 45 921 441
O0 0.0054 0 -3 749 252
E2 0.0050 688 176 965 539
C3 0.0048 717 101 917 203
Q0 0.0047 -7 -2 750 241
B0 0.0041 3 0 1025 842
E2 0.0039 512 13 744 176
E2 0.0038 99 232 842 781
E0 0.0033 444 334 615 571
C3 0.0033 491 364 566 407
B2 0.0032 685 220 759 296
E2 0.0031 559 192 745 506
B2 0.0030 686 207 822 325
E2 0.0027 136 428 388 613
E2 0.0027 334 90 523 359
B2 0.0026 164 0 747 187
E3 0.0026 -1 -2 749 250
B2 0.0024 -9 -17 625 235
C2 0.0023 669 205 812 383
G3 0.0023 -7 -1 749 246
C2 0.0022 503 105 649 283
E2 0.0021 570 175 929 448
I3 0.0021 38 151 335 306
C3 0.0021 -20 -17 660 232
C2 0.0020 557 277 684 482
E0 0.0018 134 213 846 801
L0 0.0017 -2 144 325 468
K0 0.0017 -42 -15 671 219
B0 0.0017 -6 -7 758 256
E2 0.0017 590 200 873 556
C2 0.0017 619 186 800 273
K0 0.0017 716 102 917 199
H3 0.0016 35 149 340 305
E0 0.0016 214 236 786 643
B2 0.0015 661 256 956 546
H3 0.0015 0 385 1030 834
C2 0.0015 952 275 1023 431
E0 0.0015 445 305 712 575
E0 0.0014 300 280 705 654
B2 0.0013 814 226 890 300
Q0 0.0013 549 162 963 540
D2 0.0013 72 9 1025 811
D2 0.0013 2 322 1026 835
R0 0.0012 3 488 1029 843
C2 0.0012 685 246 748 319
G0 0.0012 870 519 1020 1073
E0 0.0012 440 298 805 603
G3 0.0011 582 104 917 322
B0 0.0011 -31 25 1067 590
C2 0.0011 436 99 651 272
B2 0.0011 686 242 746 294
K0 0.0010 313 -5 749 176
E0 0.0010 213 387 645 728
D2 0.0010 -38 -15 645 226
E2 0.0010 564 252 634 481
E2 0.0010 416 242 763 541
G3 0.0010 705 111 915 203
