E2 0.8125 291 101 749 495
H3 0.0081 -1 -117 1032 711
C2 0.0055 175 245 310 325
E2 0.0030 312 106 719 382
E2 0.0028 9 -62 205 242
E2 0.0025 294 236 725 491
C3 0.0024 175 244 317 326
B3 0.0020 4 -124 177 286
C3 0.0020 661 173 939 607
C2 0.0019 476 148 570 196
E0 0.0018 58 167 361 587
B2 0.0017 478 149 570 196
C2 0.0016 442 136 601 241
E2 0.0015 393 109 625 230
E2 0.0014 348 108 685 268
I3 0.0014 96 -119 456 246
C2 0.0012 445 131 582 204
C3 0.0012 52 190 330 648
E2 0.0011 405 102 595 179
D2 0.0010 480 150 570 196
R0 0.0010 679 206 951 654
L0 0.0010 676 258 952 643
E2 0.0010 4 -106 173 309
