E2 0.6938 88 432 555 899
E2 0.6712 54 212 568 445
E2 0.5095 116 574 554 894
D2 0.3020 63 503 346 712
E2 0.2090 170 438 512 720
G3 0.1770 285 447 396 549
A3 0.1685 349 444 517 713
E2 0.1566 62 503 346 711
C2 0.1491 64 502 342 710
B2 0.1102 161 440 516 717
C2 0.1052 269 530 367 655
E2 0.1051 59 455 533 773
C2 0.0964 284 447 397 550
B2 0.0928 349 447 517 715
C2 0.0866 174 442 296 596
E2 0.0396 345 443 516 717
E2 0.0346 182 439 407 590
D2 0.0343 269 529 366 656
E2 0.0323 172 436 459 637
E2 0.0317 169 439 298 610
C3 0.0311 545 816 630 877
A3 0.0277 176 440 293 600
A3 0.0108 176 440 402 593
Q0 0.0089 -3 28 676 283
C3 0.0070 347 482 499 710
C2 0.0069 351 442 503 712
G3 0.0064 14 760 631 935
B2 0.0045 276 530 363 638
G3 0.0039 -9 748 639 1013
E2 0.0030 92 436 307 629
Q0 0.0030 57 441 551 899
D2 0.0027 55 434 554 896
G3 0.0025 73 514 315 712
E2 0.0024 317 444 596 704
F2 0.0023 9 165 548 260
F3 0.0022 3 733 666 1013
C2 0.0021 276 531 366 610
D2 0.0019 1 717 641 1000
C2 0.0018 176 447 400 591
G3 0.0018 136 546 339 695
C3 0.0017 528 763 631 879
F2 0.0017 42 207 534 297
E2 0.0017 64 501 233 706
C2 0.0017 105 538 330 697
C3 0.0016 22 124 588 231
B3 0.0016 -171 161 15 980
B2 0.0016 276 482 373 628
B2 0.0015 276 520 367 608
C2 0.0015 0 475 75 618
B0 0.0014 -24 932 688 1018
I3 0.0013 -174 95 22 932
B2 0.0012 453 588 548 695
Q0 0.0011 39 206 540 445
Q0 0.0011 0 -2 555 251
C2 0.0011 361 446 510 632
C3 0.0011 0 474 75 622
E2 0.0011 84 657 586 904
E2 0.0010 698 704 851 1009
Q0 0.0010 -6 613 640 1002
