E2 0.3573 125 215 793 819
C2 0.2382 605 613 743 725
D2 0.1753 606 614 743 728
C2 0.1711 428 292 577 443
C2 0.1535 652 228 809 331
D2 0.1321 646 719 739 811
C2 0.1227 646 718 741 810
B2 0.0907 515 627 669 870
D2 0.0757 561 189 662 256
C2 0.0746 561 189 664 257
D2 0.0726 421 230 493 306
C2 0.0684 540 550 742 670
D2 0.0629 513 624 672 870
E2 0.0576 183 146 739 698
C2 0.0567 520 675 660 850
A2 0.0554 513 554 743 871
C2 0.0531 426 301 536 436
B2 0.0479 420 230 494 305
B2 0.0477 561 189 661 255
D2 0.0437 512 584 735 870
D2 0.0422 760 605 840 680
C2 0.0403 347 127 468 231
C2 0.0342 548 252 689 375
C2 0.0326 228 284 419 456
C2 0.0317 260 222 423 324
D2 0.0284 334 239 447 362
C2 0.0279 304 230 446 352
B2 0.0203 761 604 839 680
A3 0.0193 212 271 423 507
C2 0.0178 465 281 631 439
B2 0.0175 197 134 731 635
E2 0.0172 514 624 674 873
C2 0.0168 429 335 554 453
L0 0.0163 109 108 811 804
C3 0.0155 211 272 422 506
C2 0.0153 474 201 573 290
C2 0.0131 486 256 656 435
C2 0.0123 526 675 618 867
D2 0.0119 846 479 904 525
D2 0.0119 112 108 811 802
A2 0.0118 225 116 717 518
D2 0.0116 358 257 449 371
D2 0.0109 356 139 472 230
C2 0.0100 521 630 648 767
B2 0.0099 534 628 621 694
B2 0.0093 512 603 743 867
C2 0.0080 522 678 650 752
D2 0.0076 660 229 808 328
D2 0.0074 533 629 621 695
D2 0.0074 618 646 740 729
C2 0.0067 532 628 622 694
D2 0.0065 263 224 434 322
C2 0.0058 616 645 735 731
E2 0.0051 536 548 744 676
C2 0.0048 347 122 396 224
Q0 0.0048 103 109 825 808
A2 0.0048 232 121 559 481
D2 0.0047 618 617 729 706
E2 0.0046 535 572 746 851
E2 0.0044 652 227 808 333
C2 0.0043 251 218 396 301
B2 0.0042 652 718 735 809
C2 0.0042 464 317 591 454
C2 0.0040 646 223 801 388
B2 0.0040 359 137 463 222
C2 0.0037 607 616 716 707
E2 0.0035 110 268 614 811
E2 0.0034 692 301 1003 850
B2 0.0034 417 292 516 426
A2 0.0033 526 546 742 715
C2 0.0032 520 669 647 795
F2 0.0032 513 618 678 868
B2 0.0029 486 204 568 278
E2 0.0029 228 128 509 487
C2 0.0029 527 254 676 423
B2 0.0028 182 121 628 526
E2 0.0028 353 126 493 281
D2 0.0027 816 549 871 595
A2 0.0027 685 190 1006 827
D2 0.0027 651 638 740 724
F2 0.0027 91 119 750 667
E3 0.0026 -26 787 1024 1000
C2 0.0026 562 251 687 331
B2 0.0026 565 251 688 369
D2 0.0025 377 244 447 361
B2 0.0025 567 249 682 312
E2 0.0024 524 504 763 699
E2 0.0024 252 127 458 423
B2 0.0023 389 196 695 483
E2 0.0023 439 235 683 448
D2 0.0023 474 357 586 454
E2 0.0022 299 122 559 334
E2 0.0022 518 536 745 765
B2 0.0021 436 295 535 412
A2 0.0021 306 120 626 343
D2 0.0020 563 254 689 371
E2 0.0020 283 122 481 341
A3 0.0020 203 205 458 509
C2 0.0020 419 231 492 305
E2 0.0019 300 268 812 804
C2 0.0019 547 565 676 667
C2 0.0019 204 266 380 496
G3 0.0018 0 841 1048 999
D2 0.0018 315 231 441 323
B2 0.0018 664 231 805 317
C2 0.0017 229 321 427 495
D2 0.0016 355 279 423 351
B2 0.0016 537 683 649 749
B2 0.0015 370 153 496 241
B2 0.0015 534 680 664 801
C2 0.0014 657 233 787 311
C2 0.0014 517 632 628 710
C2 0.0013 611 623 679 706
A2 0.0013 698 418 998 841
C2 0.0013 548 570 634 670
C2 0.0013 284 297 423 442
B2 0.0013 655 720 722 787
F3 0.0013 94 832 1038 1000
E2 0.0013 647 225 804 387
B2 0.0012 594 716 664 779
C2 0.0012 496 200 592 287
H3 0.0012 19 62 1018 953
B2 0.0012 476 372 582 457
B2 0.0012 386 278 456 383
C2 0.0012 648 763 723 814
B2 0.0011 462 282 600 390
D2 0.0010 540 684 651 761
B2 0.0010 216 130 486 513
