E2 0.1988 194 237 932 801
E2 0.1565 928 378 1024 834
A3 0.1028 621 -5 1028 243
E2 0.1005 19 198 1091 803
C2 0.0946 542 367 642 448
E2 0.0787 842 180 1023 387
E2 0.0725 699 159 870 281
B2 0.0663 645 145 739 223
C2 0.0648 645 144 739 224
C2 0.0647 699 334 819 427
C2 0.0639 369 322 519 432
C2 0.0560 716 162 862 279
H3 0.0534 -3 19 182 352
E2 0.0511 621 -7 1028 242
D2 0.0500 645 145 739 224
E2 0.0431 113 71 983 880
D2 0.0417 615 -4 1032 245
A3 0.0392 737 669 1017 831
L0 0.0383 1 17 182 349
C2 0.0377 328 195 451 287
E2 0.0374 721 670 1016 833
E2 0.0357 86 304 261 525
B2 0.0350 541 367 643 447
E2 0.0337 129 307 263 457
I3 0.0333 -1 17 183 350
E2 0.0332 164 56 378 225
F2 0.0313 721 668 1015 832
E2 0.0299 692 151 891 319
E2 0.0292 9 434 481 846
C2 0.0251 344 137 441 206
D2 0.0250 542 367 642 448
F2 0.0225 0 439 532 843
D2 0.0218 511 120 624 189
D2 0.0198 628 0 739 63
L0 0.0193 193 105 968 766
E2 0.0177 424 115 636 234
C3 0.0173 0 16 183 348
E2 0.0153 111 6 383 230
D2 0.0146 700 336 819 427
C2 0.0146 498 119 626 201
E2 0.0140 1 445 238 722
D2 0.0135 -7 23 1043 830
D2 0.0134 181 103 971 772
E2 0.0114 3 0 394 378
E2 0.0110 644 142 915 360
C3 0.0107 159 53 376 229
E2 0.0104 338 142 753 528
E3 0.0099 614 -1 1026 240
B2 0.0096 701 335 818 426
E2 0.0093 339 270 821 714
B2 0.0085 1 442 80 511
B2 0.0083 330 197 448 286
E2 0.0083 226 101 820 590
C3 0.0082 766 275 858 357
C2 0.0081 132 309 258 458
E2 0.0080 375 128 914 464
E2 0.0080 425 175 695 447
E2 0.0074 800 668 1006 817
E2 0.0071 207 42 868 726
E2 0.0071 607 129 869 298
E2 0.0070 226 175 1075 653
E2 0.0069 629 121 770 232
C2 0.0066 500 421 639 528
E2 0.0066 446 114 636 193
D2 0.0064 914 -1 1011 53
C2 0.0061 513 121 623 182
E2 0.0061 817 353 1020 827
C3 0.0060 373 322 517 432
C2 0.0059 796 670 997 801
E2 0.0059 621 295 862 504
E2 0.0057 64 236 286 474
E2 0.0054 666 153 1020 392
E2 0.0054 478 261 963 792
C2 0.0052 956 531 1023 816
F2 0.0051 1 193 313 475
E0 0.0051 169 110 986 777
C2 0.0048 429 163 507 238
E2 0.0046 850 164 1024 680
B2 0.0045 914 -2 1006 49
F2 0.0042 391 116 629 286
E2 0.0042 314 292 549 544
C2 0.0041 0 443 81 514
Q0 0.0041 617 -1 1024 237
C3 0.0040 503 420 636 529
B2 0.0039 429 163 506 234
E2 0.0038 3 299 267 631
F2 0.0037 153 544 728 840
F2 0.0036 28 602 438 836
B2 0.0036 344 138 440 206
E2 0.0035 726 768 1005 834
C3 0.0032 809 315 936 410
E2 0.0031 214 239 717 687
F2 0.0031 580 131 922 361
E2 0.0031 241 111 732 445
E2 0.0030 667 153 970 299
F2 0.0029 281 116 641 332
C2 0.0029 810 314 935 410
B2 0.0029 515 120 621 171
C2 0.0028 943 359 1023 655
E2 0.0028 939 373 1021 701
E2 0.0028 92 226 304 383
D2 0.0028 430 164 506 236
B2 0.0026 811 314 933 410
E2 0.0026 -6 273 283 779
C2 0.0024 0 747 84 828
C3 0.0023 3 198 309 475
A2 0.0023 621 -5 1023 207
B2 0.0023 701 212 797 280
F2 0.0023 4 -20 394 453
B2 0.0022 765 275 859 355
F2 0.0022 76 220 301 425
C3 0.0022 0 747 94 828
E2 0.0022 258 240 575 608
F2 0.0021 410 112 644 205
E2 0.0021 88 550 900 856
O0 0.0021 -2 23 187 350
C2 0.0021 640 116 738 194
E2 0.0020 522 259 925 569
E2 0.0020 0 431 303 794
C2 0.0020 764 275 859 356
E2 0.0019 6 437 214 602
E2 0.0019 438 198 672 371
F2 0.0018 87 667 434 835
N0 0.0018 930 382 1026 818
C3 0.0017 708 339 817 426
B2 0.0016 742 165 859 275
E2 0.0015 425 255 743 426
C3 0.0015 701 216 799 281
D2 0.0015 -5 331 1035 843
E2 0.0015 330 98 1001 592
C2 0.0015 865 235 1024 386
B2 0.0014 644 117 738 203
C2 0.0014 657 1 806 114
D2 0.0014 915 372 1023 820
B2 0.0014 3 443 119 512
C2 0.0014 1 443 120 516
F2 0.0014 3 437 214 583
E2 0.0013 2 639 184 835
E2 0.0013 363 162 812 408
B2 0.0013 381 278 470 344
B2 0.0013 363 420 507 494
E2 0.0013 245 191 473 402
E2 0.0013 406 119 686 400
E0 0.0013 -4 0 401 397
E2 0.0012 106 678 433 838
E2 0.0012 410 226 752 489
F2 0.0012 326 127 576 303
E2 0.0012 254 104 992 408
C2 0.0012 461 118 629 216
B2 0.0012 0 746 90 823
E2 0.0012 939 570 1022 822
C2 0.0012 625 1 743 77
E2 0.0011 592 286 947 526
E2 0.0011 813 212 1003 554
E2 0.0011 479 662 1061 846
E2 0.0011 642 -3 1018 168
E2 0.0011 522 122 820 299
F2 0.0011 338 114 652 234
E2 0.0010 43 452 946 902
E2 0.0010 348 130 1038 826
E2 0.0010 550 204 941 684
F2 0.0010 317 -4 751 196
E2 0.0010 744 153 853 203
B2 0.0010 982 229 1023 298
L0 0.0010 853 172 1028 828
C3 0.0010 136 309 256 461
