E2 0.6944 157 69 838 472
E2 0.3628 818 511 1024 713
E2 0.2770 148 233 868 707
E2 0.1325 62 103 955 755
D2 0.0411 917 574 994 643
D2 0.0312 912 526 1017 652
D2 0.0271 979 512 1023 586
L0 0.0266 89 66 928 700
D2 0.0250 866 609 943 687
C2 0.0235 857 570 1009 711
B2 0.0183 912 576 992 643
B2 0.0175 868 610 940 679
E2 0.0153 0 61 1133 514
C2 0.0152 863 591 988 698
D2 0.0144 854 608 954 702
C2 0.0134 819 653 881 713
C2 0.0123 905 576 991 653
D2 0.0101 820 653 881 712
D2 0.0097 893 575 997 660
D2 0.0088 918 522 1021 606
D2 0.0086 74 60 948 702
D2 0.0076 924 641 989 708
C2 0.0073 823 607 943 713
D2 0.0066 870 576 1015 710
B2 0.0065 926 641 987 707
E2 0.0063 760 105 1021 587
B2 0.0062 874 667 929 715
D2 0.0058 876 669 929 716
B2 0.0057 831 610 946 713
C2 0.0055 919 542 1009 597
E2 0.0055 695 497 1047 717
B2 0.0055 819 653 882 712
E2 0.0055 176 58 996 637
E2 0.0055 107 -96 1040 888
D2 0.0054 976 505 1024 653
E0 0.0051 79 59 952 706
E2 0.0046 -9 -4 1141 708
E2 0.0046 84 140 920 540
Q0 0.0043 -2 0 400 202
B2 0.0043 918 517 1022 597
B2 0.0039 854 604 991 713
B2 0.0035 920 543 1000 594
C3 0.0031 800 -8 1021 185
C2 0.0030 463 0 583 85
B2 0.0029 979 515 1023 582
B2 0.0029 870 586 960 680
B2 0.0028 980 489 1022 698
H3 0.0024 68 50 976 708
E2 0.0023 954 512 1022 705
E2 0.0021 914 516 1018 710
D2 0.0019 795 512 1031 713
D2 0.0019 916 568 1006 664
G3 0.0017 328 692 1033 875
B2 0.0016 869 639 984 715
Q0 0.0016 825 511 1028 709
B2 0.0015 976 551 1023 690
B2 0.0014 925 654 1022 716
E2 0.0013 130 427 854 715
D2 0.0013 919 573 1019 690
D2 0.0012 972 609 1020 674
L0 0.0012 796 -13 1028 187
D2 0.0012 974 559 1022 680
H3 0.0012 800 -12 1024 182
D2 0.0012 679 508 1033 708
E0 0.0011 797 -13 1025 189
B2 0.0011 922 626 1018 714
B2 0.0011 885 561 989 644
F2 0.0011 744 107 1023 523
D2 0.0011 780 377 1055 982
B2 0.0011 970 609 1021 676
L0 0.0011 -7 661 1031 863
B2 0.0011 991 517 1023 724
D2 0.0010 1000 511 1023 561
R0 0.0010 -27 561 1045 877
B2 0.0010 930 597 1018 696
