E2 0.8053 388 394 874 793
E2 0.6616 599 262 969 520
D2 0.5377 25 401 354 660
E2 0.4868 25 400 360 660
E2 0.3854 229 203 601 435
D2 0.3534 229 203 601 436
C2 0.0966 24 399 354 656
H3 0.0197 3 -17 1020 1016
E2 0.0076 119 639 1042 1026
D2 0.0074 6 21 1010 1008
B2 0.0060 240 395 325 451
C2 0.0049 67 429 319 588
E2 0.0037 75 397 304 476
B0 0.0030 4 35 1021 988
E2 0.0024 -41 727 932 1019
Q0 0.0020 594 266 963 517
E2 0.0017 41 396 323 543
Q0 0.0013 398 850 1029 1029
G3 0.0013 434 8 495 174
R0 0.0012 360 854 1027 1027
E0 0.0011 47 502 630 853
E2 0.0010 229 200 475 439
