E2 0.4861 -11 32 223 213
E2 0.3401 24 46 131 197
E2 0.2398 46 25 116 56
D2 0.1442 46 25 115 56
C2 0.1091 46 25 114 56
E2 0.0882 114 35 198 168
E2 0.0831 12 29 164 206
E2 0.0627 4 33 206 161
L0 0.0606 21 34 201 195
R0 0.0328 45 25 115 55
R0 0.0271 64 12 212 60
D2 0.0209 23 32 202 194
E2 0.0096 62 24 209 176
R0 0.0079 2 8 202 64
H3 0.0075 14 20 216 214
E2 0.0059 29 93 126 195
G0 0.0048 -1 9 204 62
R0 0.0037 25 9 141 53
C2 0.0035 51 27 110 50
C2 0.0031 139 34 178 52
D2 0.0029 137 34 186 58
R0 0.0026 -2 0 121 34
E2 0.0023 120 74 195 167
Q0 0.0021 97 165 219 221
E2 0.0021 138 33 185 58
R0 0.0021 139 33 185 58
F2 0.0018 10 60 233 211
R0 0.0017 89 13 146 32
G0 0.0017 0 1 150 51
B0 0.0016 21 18 203 197
E2 0.0015 27 37 144 155
C2 0.0014 139 33 185 58
E2 0.0014 31 19 129 55
G0 0.0013 96 11 202 61
R0 0.0012 136 17 200 59
R0 0.0010 3 -1 132 210
R0 0.0010 49 10 190 49
E2 0.0010 43 22 121 80
