E2 0.6443 360 168 748 425
D2 0.5443 756 77 999 258
D2 0.4952 360 168 744 425
C2 0.4294 97 -1 260 144
C2 0.2572 757 80 987 251
E2 0.2075 96 0 259 147
E2 0.1522 756 76 998 259
C2 0.1447 107 143 304 270
I3 0.1130 367 319 736 525
L0 0.0954 370 319 735 525
A2 0.0629 -1 -2 137 105
E2 0.0623 333 60 519 169
D2 0.0513 115 143 301 269
C3 0.0442 360 311 733 523
B2 0.0392 757 75 996 256
E2 0.0311 374 158 733 533
B2 0.0278 0 -1 135 109
E0 0.0266 373 317 734 527
C2 0.0193 336 65 513 152
F0 0.0176 365 311 732 525
E2 0.0158 364 282 729 524
E2 0.0157 48 -9 283 154
Q0 0.0156 699 -1 1022 186
E2 0.0142 713 -1 1017 231
C2 0.0138 0 0 141 72
H3 0.0121 371 321 735 528
D2 0.0116 724 7 1011 237
E2 0.0115 0 -1 132 111
B2 0.0101 4 72 135 147
E2 0.0099 99 136 309 276
D2 0.0096 -1 0 139 73
C2 0.0093 0 83 133 147
I3 0.0090 701 -3 1027 197
D2 0.0080 336 64 515 158
E2 0.0080 290 50 562 178
C2 0.0078 343 66 505 116
C3 0.0074 992 195 1024 218
G3 0.0064 989 201 1026 221
H3 0.0060 706 -3 1026 197
C3 0.0059 992 200 1024 232
E2 0.0053 1 45 119 110
B2 0.0053 758 133 1007 248
C2 0.0053 768 167 1011 226
B2 0.0049 0 0 137 69
C2 0.0049 703 0 1024 207
E2 0.0045 86 82 110 109
E2 0.0045 502 154 686 204
C2 0.0043 756 84 916 231
H3 0.0042 0 69 1020 667
D2 0.0041 0 41 1032 671
J0 0.0037 702 0 1020 197
D2 0.0036 338 65 512 119
C2 0.0034 110 150 228 267
E2 0.0031 189 1 709 184
B2 0.0031 347 66 504 116
A2 0.0030 3 -124 113 93
R0 0.0030 703 -4 1023 187
A0 0.0030 701 -2 1022 179
E2 0.0028 303 56 713 194
Q0 0.0027 -6 0 705 189
E2 0.0026 38 112 338 289
B2 0.0025 136 150 299 253
A2 0.0025 1 -100 70 90
C2 0.0025 104 7 218 129
G3 0.0024 751 180 1039 232
C3 0.0023 716 193 813 221
F2 0.0022 504 154 720 213
C2 0.0020 722 -141 1015 185
R0 0.0015 2 147 1029 679
E2 0.0015 19 2 268 120
F3 0.0015 945 133 1026 311
E2 0.0014 764 161 1018 237
E2 0.0014 4 58 127 147
C2 0.0014 122 148 266 244
H0 0.0013 34 158 512 683
G3 0.0013 734 132 1031 243
Q0 0.0012 704 55 1025 248
B2 0.0012 3 89 115 144
Q0 0.0012 29 -6 1006 673
E0 0.0012 267 329 725 623
E2 0.0012 375 133 729 206
E2 0.0011 700 -146 1020 182
C3 0.0011 0 46 111 111
B2 0.0011 0 47 112 110
D2 0.0011 182 162 296 244
E2 0.0011 23 116 511 688
C3 0.0010 986 154 1023 218
F2 0.0010 329 59 723 230
F2 0.0010 501 160 812 223
C3 0.0010 736 -121 998 173
