E2 0.3020 41 9 454 356
C2 0.2953 141 156 209 226
E2 0.2002 5 88 154 346
D2 0.0519 143 157 207 227
D2 0.0469 -5 -5 446 343
C2 0.0425 197 157 274 203
E2 0.0278 182 45 519 357
C2 0.0247 189 52 304 136
E3 0.0203 3 -3 442 344
E2 0.0189 68 49 389 320
Q0 0.0150 0 -6 453 344
B2 0.0124 90 8 453 351
B2 0.0121 1 82 231 345
E2 0.0119 184 49 312 138
E2 0.0100 110 -10 434 263
C2 0.0094 19 223 62 329
D2 0.0085 185 49 314 137
C2 0.0071 429 40 538 116
C2 0.0062 75 197 155 256
G3 0.0050 24 222 60 330
C2 0.0049 95 230 168 310
C2 0.0047 191 92 243 136
D2 0.0047 202 158 274 204
D2 0.0040 277 44 363 109
E2 0.0038 140 22 394 183
E2 0.0035 5 86 256 345
D2 0.0035 226 46 546 345
Q0 0.0031 274 37 555 367
C2 0.0029 274 43 363 111
C2 0.0027 434 38 510 96
E2 0.0024 8 88 146 217
E2 0.0024 -43 -10 387 279
B2 0.0023 58 65 354 337
C2 0.0023 192 80 261 135
E2 0.0019 103 0 445 154
B2 0.0019 148 158 203 215
C3 0.0019 240 61 535 349
C3 0.0019 3 0 128 20
B2 0.0018 201 153 275 204
B2 0.0017 99 226 168 306
B2 0.0017 160 0 438 152
D2 0.0017 433 36 541 125
B3 0.0015 2 0 129 21
C2 0.0015 0 -2 107 23
C2 0.0014 152 178 203 228
D2 0.0013 370 -91 433 -61
G3 0.0012 263 87 350 169
D2 0.0012 283 45 358 91
Q0 0.0012 146 11 557 364
C2 0.0012 206 53 310 114
Q0 0.0011 4 89 152 333
F2 0.0011 63 89 285 342
B2 0.0011 368 -93 436 -62
G3 0.0010 538 216 554 442
B2 0.0010 154 226 195 267
B2 0.0010 184 -17 441 279
