E2 0.6212 174 212 952 760
D2 0.3615 -1 -2 324 231
C2 0.3534 780 83 885 177
C2 0.2900 587 128 688 223
C2 0.2496 749 -1 845 53
D2 0.2017 782 82 883 178
C2 0.1572 352 270 480 371
D2 0.1376 353 270 477 369
D2 0.1325 589 128 686 224
C2 0.1320 0 -3 324 227
E0 0.0502 77 470 448 763
C2 0.0495 344 272 506 428
E2 0.0483 451 206 954 760
Q0 0.0297 1 -3 527 471
F2 0.0224 706 608 1022 766
C3 0.0220 713 609 1017 766
E0 0.0194 779 0 1005 140
A2 0.0146 501 2 738 320
E2 0.0122 477 2 738 320
C3 0.0102 1 -6 322 228
L0 0.0101 233 203 943 763
A2 0.0095 577 4 713 247
C3 0.0075 84 472 492 768
E2 0.0072 745 -2 907 56
C2 0.0072 248 345 346 442
E2 0.0066 256 92 578 513
C3 0.0061 873 702 1021 769
C2 0.0059 852 1 994 94
F2 0.0058 606 410 970 767
D2 0.0054 231 206 948 763
E2 0.0051 314 263 529 460
B2 0.0051 249 345 348 442
G3 0.0051 716 611 1025 760
C2 0.0050 349 281 451 398
D2 0.0049 591 85 688 228
R0 0.0048 3 387 285 760
E2 0.0047 573 404 972 767
Q0 0.0046 1 387 275 764
C3 0.0045 924 594 1026 674
F2 0.0043 643 566 1024 765
E2 0.0042 223 263 728 751
C3 0.0041 891 238 1029 290
C3 0.0041 891 265 1022 672
J0 0.0038 6 390 287 761
C3 0.0037 852 0 1003 95
C3 0.0037 50 419 299 761
Q0 0.0037 -1 -23 549 736
C2 0.0035 647 3 713 137
E0 0.0035 693 0 1004 232
C3 0.0034 746 -2 909 55
F2 0.0033 587 7 718 245
Q0 0.0033 -1 1 321 221
R0 0.0031 4 -26 509 494
C2 0.0029 589 36 701 222
A2 0.0029 489 -6 860 327
J0 0.0027 886 261 1024 669
E2 0.0026 277 222 539 493
E2 0.0026 888 262 1025 671
E0 0.0026 885 258 1024 673
E2 0.0025 636 -5 1008 278
K0 0.0022 747 -2 912 51
E0 0.0022 815 0 1005 100
G3 0.0022 -1 -1 321 222
B2 0.0022 477 319 555 404
D2 0.0021 8 18 1047 762
G3 0.0021 558 609 1027 758
H3 0.0020 887 257 1024 673
H3 0.0019 6 -3 1020 769
G3 0.0018 670 596 1025 803
C0 0.0017 874 701 1023 770
C3 0.0017 -1 63 444 475
Q0 0.0015 2 186 424 764
D2 0.0014 265 86 553 499
A2 0.0014 478 -3 908 225
C2 0.0014 590 151 640 219
R0 0.0014 599 -4 999 277
C2 0.0013 270 94 388 236
B2 0.0013 523 297 624 355
E3 0.0013 884 274 1025 702
E2 0.0013 219 220 717 512
E2 0.0013 246 201 924 571
C2 0.0013 324 271 470 449
G3 0.0013 532 585 1033 825
C2 0.0013 348 320 513 452
C3 0.0012 83 482 340 769
B2 0.0012 358 314 509 440
J0 0.0012 -1 69 427 477
C2 0.0011 590 136 678 254
C0 0.0011 843 -1 1005 96
C2 0.0011 750 1 922 56
F2 0.0011 875 699 1024 766
E2 0.0011 546 195 937 648
A2 0.0010 402 0 796 313
C3 0.0010 592 28 697 223
F2 0.0010 261 198 886 547
Q0 0.0010 861 262 1027 765
C2 0.0010 756 25 845 85
