E2 0.7001 180 183 623 771
F2 0.1902 118 635 708 809
C2 0.1817 353 165 484 262
C3 0.0395 136 294 206 367
F2 0.0368 122 568 696 793
C3 0.0326 13 381 223 423
G3 0.0252 149 653 714 811
E0 0.0203 565 511 710 568
C3 0.0189 218 550 355 614
K0 0.0160 10 382 209 422
E0 0.0137 86 465 265 524
C0 0.0117 563 509 711 568
C2 0.0110 88 470 260 522
C3 0.0110 87 466 264 524
C2 0.0093 479 187 608 234
C2 0.0090 216 550 356 613
C3 0.0084 192 470 266 519
D2 0.0081 188 156 625 764
L0 0.0076 191 159 621 748
C2 0.0062 356 183 429 273
E0 0.0056 71 458 347 610
B2 0.0052 478 210 595 261
C3 0.0052 596 441 674 498
D1 0.0046 3 931 555 990
E0 0.0045 187 461 350 618
C2 0.0045 479 208 597 258
D1 0.0040 -24 901 589 992
C3 0.0039 183 454 352 620
F2 0.0038 195 160 611 238
G3 0.0038 -3 374 633 438
D2 0.0035 -3 11 716 983
C3 0.0035 565 508 668 562
G3 0.0034 1 381 235 421
H3 0.0034 4 8 717 989
B2 0.0032 481 186 604 232
Q0 0.0032 189 165 623 749
F2 0.0030 189 165 619 750
F3 0.0029 0 858 680 986
B0 0.0029 148 658 719 832
C3 0.0028 74 424 263 520
L0 0.0026 -3 356 696 477
C2 0.0026 337 163 469 330
E2 0.0023 215 94 710 798
C0 0.0022 563 405 710 574
F2 0.0022 151 514 702 750
G3 0.0022 149 572 721 756
E0 0.0020 566 408 713 573
C3 0.0020 566 509 711 568
C3 0.0019 518 687 705 720
G3 0.0019 0 336 633 454
F2 0.0019 11 333 668 503
L0 0.0018 1 396 727 961
B0 0.0016 1 47 730 965
C3 0.0015 151 654 436 741
F2 0.0015 530 601 710 643
F2 0.0015 161 647 678 890
E0 0.0015 0 303 714 969
F2 0.0015 135 612 710 758
E2 0.0015 196 484 678 747
D1 0.0014 187 949 547 988
B0 0.0014 103 634 724 969
C2 0.0013 204 168 361 203
F2 0.0013 267 682 715 734
R0 0.0012 168 949 552 988
C3 0.0012 10 290 203 428
E2 0.0012 203 301 713 748
C3 0.0012 539 494 711 643
D2 0.0012 2 397 727 982
E0 0.0011 134 651 680 747
F2 0.0011 207 169 606 337
E0 0.0011 151 657 432 742
F3 0.0010 23 382 290 431
J0 0.0010 1 217 200 343
G0 0.0010 101 895 695 996
F2 0.0010 -20 378 528 424
