E2 0.5563 150 193 246 269
E2 0.5139 59 195 151 271
E2 0.4326 102 134 196 211
E2 0.3825 35 126 240 282
E2 0.2167 41 132 104 181
E2 0.1973 55 156 104 181
E2 0.0963 32 171 107 230
C2 0.0849 55 157 105 180
E2 0.0787 40 177 244 272
E2 0.0742 35 133 107 230
E2 0.0638 84 135 205 234
E2 0.0628 47 146 104 181
G0 0.0599 58 56 283 224
I0 0.0483 55 56 283 224
C3 0.0443 278 162 300 200
E2 0.0389 62 132 215 258
E2 0.0382 43 182 103 224
E2 0.0338 22 54 290 203
E2 0.0330 29 169 68 228
R0 0.0255 44 53 289 227
C2 0.0232 45 187 95 220
E2 0.0229 95 133 232 218
C2 0.0196 278 161 300 200
E2 0.0128 54 191 205 272
C2 0.0115 191 180 234 199
E2 0.0112 54 153 106 192
R0 0.0111 50 55 259 165
D2 0.0109 58 157 104 180
H3 0.0101 0 3 301 299
E2 0.0094 11 125 110 234
R0 0.0091 7 27 300 283
D0 0.0089 1 5 304 289
B2 0.0085 191 180 234 199
L0 0.0074 49 133 250 272
E2 0.0071 0 22 308 251
R0 0.0057 9 51 332 190
B2 0.0056 59 157 104 180
E2 0.0050 80 191 261 273
C2 0.0046 31 172 67 205
L0 0.0045 3 126 295 297
D2 0.0042 45 186 94 220
A2 0.0042 0 12 81 83
R0 0.0036 122 58 284 213
E0 0.0031 0 127 293 296
R0 0.0029 0 6 136 226
C2 0.0028 44 143 86 176
E3 0.0023 0 10 81 212
D2 0.0022 51 135 256 276
D2 0.0022 0 127 297 298
Q0 0.0022 1 218 297 300
D2 0.0021 0 219 298 299
C3 0.0021 277 143 299 203
E2 0.0020 12 189 297 277
D1 0.0019 26 54 289 157
E0 0.0018 0 216 297 299
C2 0.0017 31 171 66 192
Q0 0.0016 1 9 84 214
Q0 0.0016 0 6 134 226
J0 0.0016 256 222 300 296
B2 0.0015 47 142 85 176
E2 0.0014 118 133 253 279
H3 0.0014 0 216 297 298
E2 0.0013 80 126 260 237
E2 0.0013 48 74 266 223
A2 0.0013 0 11 82 122
E3 0.0012 177 221 295 300
R0 0.0012 256 222 299 294
E3 0.0012 0 13 82 107
C0 0.0011 277 139 299 203
A2 0.0011 0 23 58 131
B2 0.0010 56 144 75 153
B0 0.0010 256 15 301 213
