E2 0.7157 142 500 527 922
E2 0.3981 -2 646 164 869
B0 0.3620 509 114 806 800
A2 0.1923 -10 246 489 699
M0 0.1142 760 262 835 886
C2 0.1131 -1 731 159 863
P0 0.1003 761 269 834 878
C2 0.0885 142 255 257 427
B0 0.0873 761 294 833 863
N0 0.0751 766 285 832 906
O0 0.0749 761 287 834 909
M0 0.0437 504 112 802 796
C2 0.0358 0 651 149 770
B3 0.0352 510 108 800 785
P0 0.0295 512 109 798 785
C3 0.0249 142 255 256 425
E2 0.0151 -2 252 376 698
C2 0.0144 327 556 416 629
M0 0.0131 727 280 841 909
A2 0.0131 97 249 339 617
F2 0.0128 13 244 461 647
E2 0.0118 2 258 240 694
D2 0.0117 328 557 415 630
B2 0.0113 -8 245 486 689
C2 0.0106 315 503 462 635
N0 0.0094 783 297 832 772
C2 0.0094 0 274 121 407
A3 0.0087 22 259 513 684
C3 0.0078 443 691 803 1006
B2 0.0071 -1 437 368 682
B2 0.0065 9 733 161 866
B2 0.0063 323 557 412 628
E3 0.0060 -2 247 499 673
C2 0.0056 334 504 457 578
H3 0.0055 485 691 798 981
E3 0.0051 508 111 806 779
B2 0.0049 340 504 459 577
D2 0.0046 0 94 837 1016
Q0 0.0044 -3 804 837 1014
B2 0.0044 0 259 220 681
C2 0.0042 1 474 106 626
B2 0.0042 114 493 359 667
M0 0.0041 755 289 861 913
E2 0.0040 164 507 502 798
D2 0.0039 10 735 161 863
F2 0.0038 141 250 256 471
O0 0.0036 750 296 866 910
C2 0.0035 9 732 150 815
E2 0.0035 3 448 156 655
N0 0.0034 763 477 831 846
E2 0.0034 1 699 156 896
H3 0.0032 10 176 834 1018
C2 0.0031 0 351 67 414
Q0 0.0031 -5 697 835 1020
E3 0.0030 -4 871 429 1034
Q0 0.0029 1 252 497 674
D2 0.0028 0 351 68 414
C2 0.0028 2 653 109 759
C2 0.0025 3 772 104 863
E2 0.0025 0 653 93 842
M0 0.0024 574 162 832 877
E2 0.0023 2 431 190 920
E2 0.0022 -1 429 295 927
E2 0.0021 -6 398 394 678
Q0 0.0020 1 873 837 1024
F2 0.0020 6 254 335 579
L0 0.0019 3 864 833 1025
L0 0.0019 -1 241 505 674
C2 0.0019 0 660 150 832
E2 0.0018 88 490 384 657
N0 0.0018 496 131 822 814
B2 0.0018 12 734 154 823
E2 0.0017 1 652 147 753
E2 0.0017 140 650 522 914
B2 0.0017 182 529 301 619
B2 0.0017 0 262 188 537
E2 0.0017 60 809 672 1003
Q0 0.0016 4 860 586 1019
E3 0.0016 -4 0 318 300
D2 0.0016 -2 239 610 990
D2 0.0015 -8 698 818 1020
D2 0.0015 389 98 799 813
B2 0.0015 3 653 146 755
B2 0.0014 123 250 266 472
L0 0.0014 -3 244 557 936
E0 0.0014 0 696 818 1021
N0 0.0014 755 243 856 916
M0 0.0012 240 91 831 829
E2 0.0012 0 300 150 677
G3 0.0012 1 12 308 308
B2 0.0012 0 292 125 409
E2 0.0011 1 497 164 828
C3 0.0011 210 688 823 1008
Q0 0.0011 -1 71 862 671
F0 0.0011 7 55 856 1035
N0 0.0011 791 258 833 630
K0 0.0011 -49 79 645 307
E2 0.0010 -8 694 67 842
C2 0.0010 668 998 823 1024
Q0 0.0010 2 190 624 629
K0 0.0010 104 2 641 30
