E2 0.8092 39 326 543 743
E2 0.7083 416 96 710 458
I3 0.6881 6 27 292 312
F2 0.3281 18 695 757 920
E2 0.2305 3 609 204 774
H3 0.1178 4 26 292 321
E2 0.0381 453 226 706 452
L0 0.0211 2 25 298 315
F2 0.0053 99 705 676 891
E2 0.0048 30 340 451 668
C3 0.0048 23 613 204 764
E2 0.0048 471 303 703 455
C2 0.0048 17 612 204 758
F2 0.0042 92 551 738 957
C3 0.0032 5 13 287 318
F2 0.0029 127 698 623 967
E2 0.0027 37 440 496 738
G3 0.0025 385 777 631 877
C3 0.0025 220 966 287 1024
H3 0.0023 -7 40 710 1020
D2 0.0015 -10 3 710 1028
D2 0.0014 -8 373 719 999
O0 0.0013 73 65 245 261
Q0 0.0013 -7 -2 691 1031
F2 0.0013 3 756 242 1020
F3 0.0011 1 946 587 1026
E3 0.0010 32 695 727 1004
C2 0.0010 -1 779 109 830
F2 0.0010 177 831 705 1024
F2 0.0010 204 906 689 1024
