E2 0.7808 436 99 863 536
E2 0.6342 54 400 497 564
C2 0.3271 209 364 330 453
C2 0.2987 622 123 745 239
C2 0.2522 548 127 642 220
E2 0.1620 85 339 405 448
D2 0.1597 210 365 329 453
F2 0.0994 55 339 409 451
E2 0.0921 186 346 404 440
D2 0.0704 143 353 219 407
C2 0.0603 68 368 195 437
D2 0.0538 67 368 198 438
E2 0.0302 49 407 217 521
D2 0.0281 655 97 727 144
D2 0.0270 113 367 208 417
B2 0.0254 140 353 218 407
D2 0.0228 91 372 199 425
E2 0.0186 28 328 464 574
E2 0.0177 609 103 757 250
B2 0.0175 68 369 194 437
C3 0.0150 439 568 534 603
C2 0.0124 66 393 131 438
B2 0.0121 654 97 727 143
C2 0.0117 56 407 222 515
B2 0.0096 66 394 131 438
E2 0.0092 64 346 251 446
C2 0.0092 640 100 749 216
B2 0.0073 110 359 217 414
C2 0.0055 204 352 381 430
E2 0.0052 29 345 226 521
E2 0.0050 481 90 824 356
E2 0.0050 520 91 780 271
B2 0.0045 38 393 129 456
E2 0.0042 474 7 774 334
E2 0.0041 445 69 839 427
E2 0.0041 184 419 497 561
B2 0.0040 32 409 112 457
B2 0.0035 32 422 94 457
C2 0.0035 624 131 714 231
C2 0.0032 549 134 619 215
B2 0.0028 261 355 407 437
C2 0.0026 245 355 401 437
L0 0.0026 682 360 1020 642
C2 0.0026 74 404 210 476
C3 0.0025 44 492 147 541
C3 0.0024 702 359 1002 639
D2 0.0023 551 546 699 596
B2 0.0022 562 546 695 595
D2 0.0021 261 355 405 438
C3 0.0021 551 545 696 596
C2 0.0021 36 396 131 456
C2 0.0020 212 377 298 448
Q0 0.0019 17 330 495 564
G3 0.0019 908 653 962 697
E2 0.0016 466 234 858 531
B2 0.0015 274 555 405 598
B2 0.0015 104 368 190 417
B2 0.0015 175 565 256 585
H3 0.0015 9 42 1031 635
C2 0.0014 554 11 597 143
M0 0.0014 430 98 851 526
B2 0.0014 553 8 596 152
E2 0.0014 168 331 491 455
C2 0.0013 627 128 722 195
E2 0.0012 7 378 260 559
B2 0.0012 301 362 402 440
E2 0.0011 682 359 1026 645
M0 0.0011 41 44 1024 627
G3 0.0011 32 426 91 457
D2 0.0011 3 344 1022 636
D2 0.0011 2 26 1019 644
E2 0.0010 145 332 525 571
E2 0.0010 30 383 184 467
E2 0.0010 94 584 779 643
C2 0.0010 42 475 147 541
Q0 0.0010 448 47 830 554
