E2 0.7494 250 149 680 476
A2 0.1185 264 397 777 671
E2 0.1029 156 97 863 752
C2 0.0946 491 698 593 759
D2 0.0797 491 699 592 759
E2 0.0743 223 139 829 496
C3 0.0731 750 452 862 510
F2 0.0637 244 389 785 674
C3 0.0481 652 338 820 399
C2 0.0354 458 437 561 571
C2 0.0328 492 553 598 662
A2 0.0191 445 403 767 666
A2 0.0181 281 409 632 663
D2 0.0144 710 545 782 581
F2 0.0134 251 146 905 415
E2 0.0133 206 231 789 678
E2 0.0133 270 401 668 659
C2 0.0117 656 338 820 398
H3 0.0089 11 -18 1025 797
L0 0.0089 5 -17 1014 790
F2 0.0085 62 298 669 588
B2 0.0082 306 392 749 668
L0 0.0082 12 226 939 566
C2 0.0079 601 424 759 592
F2 0.0078 19 228 796 676
E2 0.0073 472 404 766 665
F2 0.0071 74 294 665 491
C3 0.0069 65 301 288 371
F2 0.0069 58 382 639 611
D2 0.0066 9 -2 1010 786
F2 0.0060 185 229 886 422
F2 0.0060 64 301 291 372
C3 0.0060 106 401 302 502
C3 0.0057 661 250 935 349
E2 0.0051 134 163 746 545
F2 0.0046 79 397 308 500
A0 0.0042 7 -44 1033 804
F2 0.0041 421 397 781 670
B2 0.0040 751 451 857 509
F3 0.0040 492 675 1020 913
B2 0.0039 537 206 620 265
C2 0.0037 97 402 305 500
F2 0.0036 145 158 935 614
L0 0.0034 275 684 1057 932
C3 0.0034 908 681 1026 802
C2 0.0033 678 791 738 808
F2 0.0032 263 81 954 367
B0 0.0029 333 668 1025 923
F2 0.0029 265 255 912 623
F2 0.0029 7 358 332 598
Q0 0.0027 0 -28 1019 194
F2 0.0027 4 462 337 573
D2 0.0026 6 190 911 607
L0 0.0025 18 645 1035 953
F2 0.0025 43 375 318 551
F2 0.0024 660 241 934 347
C2 0.0023 750 453 863 510
C2 0.0022 294 434 491 589
B2 0.0022 876 683 1023 805
D2 0.0022 498 556 597 663
G3 0.0019 637 667 1024 858
E2 0.0018 272 545 874 805
H3 0.0018 4 -10 1019 182
F2 0.0018 80 209 752 512
F2 0.0017 239 397 558 633
E2 0.0017 264 151 648 378
F2 0.0017 402 195 952 355
C3 0.0017 663 270 936 377
E0 0.0016 -5 -2 1021 193
L0 0.0015 298 3 945 387
B2 0.0015 462 188 614 264
F2 0.0014 880 683 1023 803
B0 0.0014 128 126 1004 532
F2 0.0013 508 399 765 646
K0 0.0013 916 355 1022 807
H3 0.0012 -4 -113 1007 46
F3 0.0012 30 697 988 919
F2 0.0012 65 303 319 402
E0 0.0011 -1 -107 1021 194
G3 0.0011 98 497 328 565
B0 0.0011 77 38 1028 728
G3 0.0011 501 692 1027 829
E2 0.0010 255 126 921 355
D2 0.0010 32 130 995 423
C2 0.0010 0 499 147 586
L0 0.0010 6 301 330 611
