E2 0.7425 61 133 439 385
E2 0.5941 249 18 647 273
B0 0.0972 127 261 581 428
F2 0.0858 240 21 656 274
B2 0.0843 152 257 580 432
F2 0.0678 129 137 370 262
F2 0.0643 123 254 583 429
F2 0.0567 27 133 456 387
B2 0.0475 377 22 571 154
E2 0.0415 75 250 607 428
G3 0.0200 166 263 580 421
F2 0.0168 349 23 581 156
F2 0.0104 94 137 429 300
F2 0.0099 64 57 526 299
Q0 0.0080 0 68 375 324
F2 0.0078 258 26 629 193
C2 0.0078 158 138 328 266
F2 0.0060 -26 291 623 435
E2 0.0054 -23 16 775 485
D2 0.0053 5 18 656 421
F2 0.0053 8 27 614 339
D2 0.0051 0 143 66 170
F2 0.0049 43 151 405 267
L0 0.0049 252 21 639 269
L0 0.0047 4 12 656 434
B2 0.0043 0 143 66 170
E2 0.0041 151 176 436 388
L0 0.0041 148 260 586 422
Q0 0.0041 2 22 650 408
F2 0.0038 23 60 409 251
E2 0.0037 22 94 690 430
E2 0.0035 301 81 637 275
D2 0.0031 49 136 443 388
C3 0.0030 168 256 605 435
Q0 0.0030 249 24 641 266
Q0 0.0030 -4 -2 279 162
D2 0.0026 8 224 582 421
L0 0.0025 46 135 440 385
E2 0.0024 210 68 612 289
F2 0.0022 15 111 402 285
C3 0.0019 -40 294 642 449
C3 0.0019 -8 53 442 254
F2 0.0019 360 20 645 258
F2 0.0018 -32 312 459 436
C2 0.0017 382 31 533 147
D2 0.0016 22 26 651 288
Q0 0.0016 48 135 439 385
G3 0.0015 275 286 661 429
D2 0.0015 247 25 644 272
C2 0.0013 190 148 351 262
C2 0.0012 416 25 494 81
E2 0.0012 72 197 404 391
C2 0.0012 137 165 306 260
G3 0.0011 -4 265 622 431
E2 0.0011 0 56 402 233
F2 0.0011 51 178 424 368
C2 0.0010 0 144 67 170
Q0 0.0010 299 28 648 190
