A2 0.6642 218 219 576 500
D2 0.6219 516 361 701 554
C2 0.5992 518 360 701 552
D2 0.5890 209 429 396 630
C2 0.5096 210 429 396 628
C2 0.3928 422 175 581 298
C2 0.3910 463 444 607 628
E2 0.3874 209 427 398 630
C2 0.3339 527 247 647 343
D2 0.3183 422 175 581 298
D2 0.3126 463 445 605 629
E2 0.3024 421 174 583 298
D2 0.2922 161 133 360 302
D2 0.2916 124 337 304 527
E2 0.2141 291 437 689 736
C2 0.1963 125 337 302 525
C2 0.1906 158 130 362 301
E2 0.1835 514 357 702 555
E2 0.1719 159 134 352 301
C2 0.1670 277 134 360 250
D2 0.1557 528 246 646 344
C2 0.1447 375 496 512 623
E2 0.1372 124 337 302 528
C2 0.1298 122 358 232 525
D2 0.1279 363 489 514 639
D2 0.1278 523 287 725 577
C2 0.1260 160 144 307 295
A2 0.0858 160 175 656 719
E2 0.0766 544 284 728 580
D2 0.0653 556 284 726 411
A2 0.0549 203 115 612 509
E2 0.0533 358 489 515 644
E2 0.0503 353 119 498 261
A2 0.0503 187 210 606 595
E2 0.0451 460 442 609 634
E2 0.0434 410 442 644 679
D2 0.0305 3 -7 793 785
D2 0.0294 489 676 554 763
C2 0.0290 482 497 607 626
C2 0.0283 555 284 693 385
D2 0.0260 324 481 612 667
E2 0.0232 554 284 722 412
A2 0.0214 133 149 792 785
D2 0.0211 485 491 604 624
E2 0.0209 94 430 597 738
E2 0.0201 309 111 601 315
C3 0.0200 -1 279 87 363
C2 0.0193 174 342 303 452
E2 0.0192 315 484 561 726
D2 0.0190 76 268 293 613
E2 0.0185 180 659 662 802
D2 0.0180 189 344 304 451
E2 0.0174 438 347 705 667
C2 0.0172 437 603 522 676
H3 0.0171 2 -3 795 787
R0 0.0167 460 -1 807 256
E2 0.0161 198 418 502 695
D2 0.0149 437 603 521 677
C2 0.0147 661 395 729 577
F2 0.0143 201 662 666 802
C3 0.0143 286 17 378 156
E2 0.0134 76 274 278 573
E2 0.0132 77 354 421 728
E2 0.0124 105 414 429 663
D2 0.0121 403 106 467 153
C2 0.0121 0 279 86 362
C2 0.0121 487 677 552 761
D2 0.0113 119 243 208 307
E2 0.0113 393 133 594 305
E2 0.0112 483 261 708 576
E2 0.0106 351 392 742 759
B2 0.0100 630 291 717 367
E2 0.0099 68 252 286 704
E2 0.0097 151 211 598 535
C2 0.0094 286 17 378 155
C2 0.0087 358 127 491 241
A0 0.0085 0 -7 797 787
E2 0.0084 174 380 613 684
B2 0.0079 116 240 209 305
D2 0.0078 84 463 663 738
C2 0.0075 465 449 556 537
E2 0.0074 403 340 736 584
E2 0.0073 110 166 808 795
B2 0.0072 403 105 466 152
A2 0.0070 118 91 661 469
C3 0.0070 210 481 588 738
D2 0.0069 387 517 512 629
C2 0.0065 381 525 500 628
E2 0.0064 77 280 253 499
Q0 0.0064 0 -1 207 356
C2 0.0062 384 489 474 549
D2 0.0061 645 290 716 367
E2 0.0060 225 79 639 456
Q0 0.0059 463 1 797 258
E2 0.0058 56 156 517 577
E2 0.0058 338 274 753 698
E2 0.0056 93 202 652 713
E2 0.0055 137 103 587 386
C2 0.0054 719 399 801 468
C2 0.0053 557 305 725 403
C2 0.0051 438 623 513 676
A2 0.0048 174 176 556 446
C2 0.0046 111 242 209 306
D2 0.0046 479 757 540 785
C3 0.0045 719 400 801 472
D2 0.0045 267 420 650 675
C3 0.0045 441 602 519 668
L0 0.0045 266 0 592 191
E2 0.0043 488 206 727 441
D2 0.0042 435 521 511 624
D2 0.0041 50 218 774 757
E2 0.0041 200 713 634 798
C2 0.0038 134 341 286 479
E2 0.0038 535 121 797 471
R0 0.0037 0 0 212 335
B2 0.0036 516 764 601 800
B2 0.0036 439 602 521 666
A2 0.0034 315 201 603 500
E2 0.0033 105 350 749 699
D2 0.0033 507 526 604 626
D2 0.0032 676 397 727 588
E2 0.0032 269 128 367 269
E2 0.0031 81 272 252 429
E2 0.0031 186 92 561 326
C2 0.0030 214 434 385 573
C2 0.0029 358 126 426 234
R0 0.0029 264 0 599 187
C2 0.0028 89 286 256 405
B2 0.0028 497 677 552 751
B0 0.0027 69 -5 797 791
E2 0.0027 418 163 734 472
E2 0.0027 150 58 376 319
D2 0.0027 480 741 545 783
F2 0.0026 521 117 799 457
C3 0.0026 614 608 800 801
B2 0.0025 313 745 421 798
E2 0.0023 134 302 449 657
B2 0.0023 297 699 431 794
C2 0.0023 530 260 615 337
C2 0.0022 334 610 391 681
E2 0.0022 104 315 349 675
B2 0.0021 386 489 473 548
A2 0.0021 275 232 673 539
B2 0.0021 461 335 531 372
A2 0.0020 200 214 501 428
F2 0.0020 610 117 800 383
E2 0.0020 332 497 738 740
G3 0.0019 125 0 212 158
E2 0.0019 241 763 468 801
B0 0.0019 608 117 801 372
G3 0.0018 523 109 802 389
E2 0.0018 -15 156 710 624
C2 0.0018 463 448 577 578
D2 0.0018 466 779 528 799
B2 0.0018 285 6 376 159
D2 0.0017 104 322 395 577
E2 0.0017 393 162 592 374
C2 0.0017 607 289 716 367
J0 0.0017 283 3 596 188
E2 0.0017 217 753 515 801
F2 0.0017 503 543 760 795
B2 0.0016 675 116 800 314
B2 0.0015 334 610 392 680
A2 0.0015 6 518 276 804
E2 0.0015 182 479 661 746
E2 0.0015 285 8 377 159
B2 0.0015 515 747 606 800
C3 0.0015 234 79 538 313
C3 0.0015 514 607 807 805
B2 0.0015 661 354 727 399
E2 0.0014 168 186 509 485
A2 0.0014 53 545 323 796
D2 0.0014 390 490 473 549
C2 0.0014 657 548 746 641
E2 0.0014 663 356 732 570
B2 0.0014 229 718 317 795
B2 0.0014 624 609 800 801
Q0 0.0013 -3 -1 763 354
F2 0.0013 718 396 801 546
E2 0.0013 97 125 335 327
C2 0.0013 470 692 548 760
E2 0.0013 242 692 686 803
D2 0.0013 465 700 546 767
B2 0.0013 461 330 555 392
B2 0.0013 425 764 499 800
C2 0.0013 505 537 605 628
D2 0.0012 263 268 750 732
D2 0.0012 481 719 545 777
C3 0.0012 0 337 88 560
B2 0.0012 41 618 145 705
D2 0.0012 334 611 392 681
B2 0.0012 51 441 106 554
B2 0.0011 87 664 133 713
E2 0.0011 357 72 728 328
G3 0.0011 635 114 804 491
B2 0.0011 511 773 584 799
F2 0.0011 59 544 460 804
J0 0.0011 3 629 216 800
Q0 0.0011 57 4 614 276
E2 0.0011 67 239 280 442
R0 0.0011 374 -1 593 185
J0 0.0011 2 -2 207 347
E2 0.0010 439 243 736 518
C2 0.0010 384 492 477 600
A2 0.0010 316 149 710 560
C2 0.0010 715 401 799 516
B2 0.0010 66 636 139 712
Q0 0.0010 115 1 587 211
C3 0.0010 228 775 340 799
I3 0.0010 285 7 377 159
B2 0.0010 446 522 510 609
D2 0.0010 57 226 459 569
