B2 0.5911 202 474 303 631
B2 0.5203 302 471 403 630
B2 0.5053 403 474 503 630
B2 0.5011 97 472 202 631
B2 0.4908 504 478 604 632
C2 0.4172 404 471 502 624
B2 0.3910 606 478 676 632
C2 0.3656 202 472 301 626
C2 0.3650 506 478 603 628
C2 0.3590 303 468 400 624
C2 0.2958 98 472 200 624
C2 0.2773 607 479 664 627
D2 0.2253 95 473 203 631
D2 0.2142 199 475 303 631
D2 0.2129 300 472 404 631
D2 0.2066 401 476 504 631
E2 0.2039 302 471 403 630
E2 0.1964 403 474 504 631
D2 0.1824 503 479 604 632
E2 0.1747 504 478 605 632
E2 0.1524 98 471 203 631
B2 0.1448 648 479 703 632
E2 0.1159 201 474 304 632
E2 0.1007 605 479 668 632
E2 0.0792 654 481 702 629
E2 0.0564 129 203 790 446
G3 0.0541 405 474 504 626
F2 0.0515 46 228 639 443
E2 0.0469 110 276 580 438
E2 0.0465 286 293 522 424
C2 0.0463 655 482 700 629
E2 0.0424 32 236 658 445
C2 0.0394 608 484 697 626
G3 0.0353 304 472 403 625
E2 0.0335 212 265 672 434
C2 0.0282 99 476 155 622
D2 0.0271 654 481 701 628
C2 0.0226 305 474 366 617
G3 0.0217 654 480 701 630
H3 0.0213 6 182 784 792
E2 0.0199 603 474 703 634
E2 0.0191 337 468 517 640
C2 0.0185 505 482 572 624
E2 0.0144 -34 228 744 581
C2 0.0143 449 0 573 86
C2 0.0130 203 479 259 622
A0 0.0121 8 180 785 793
Q0 0.0113 16 177 763 470
E2 0.0111 221 280 577 506
R0 0.0109 397 -2 779 203
R0 0.0109 5 -1 798 356
E2 0.0098 140 257 680 549
R0 0.0096 16 2 423 172
C3 0.0094 449 -1 569 88
Q0 0.0067 12 412 782 780
Q0 0.0065 -1 52 794 787
R0 0.0063 -9 2 795 217
R0 0.0063 14 444 799 802
E2 0.0061 183 454 436 636
A2 0.0059 170 199 772 447
E2 0.0059 238 431 554 642
Q0 0.0056 1 102 796 562
L0 0.0054 8 433 798 802
C2 0.0050 405 480 463 620
R0 0.0049 2 6 798 631
R0 0.0049 12 -29 443 244
G3 0.0048 216 477 301 624
J0 0.0044 0 -1 196 120
C2 0.0043 0 321 67 431
J0 0.0035 357 -13 786 203
F2 0.0035 -62 194 746 450
R0 0.0035 145 -3 396 121
G0 0.0035 4 -3 779 201
G3 0.0034 117 477 201 625
I0 0.0034 -7 2 794 211
R0 0.0033 0 0 195 118
E2 0.0032 -146 125 877 721
G3 0.0031 513 481 604 628
L0 0.0029 6 -2 804 432
C2 0.0028 342 310 493 407
R0 0.0027 32 694 801 797
R0 0.0026 73 -4 627 205
B2 0.0025 680 350 719 378
G3 0.0024 16 707 810 798
E2 0.0024 358 431 641 646
R0 0.0023 91 -6 476 132
G3 0.0023 245 480 302 620
B2 0.0023 554 345 620 390
G3 0.0022 350 478 402 618
L0 0.0021 15 618 803 791
E2 0.0021 306 467 550 680
L0 0.0021 19 709 801 800
B0 0.0018 31 421 790 797
B2 0.0017 534 397 572 424
D2 0.0016 680 350 719 378
B2 0.0015 430 319 498 396
E2 0.0015 1 -2 195 117
E2 0.0015 518 460 683 642
B2 0.0015 559 348 608 381
A2 0.0014 439 -1 802 209
G0 0.0014 5 -1 579 138
B2 0.0013 191 345 249 384
G0 0.0013 590 627 880 874
G3 0.0013 145 479 202 622
F0 0.0012 26 13 793 761
G0 0.0012 372 -1 814 201
E2 0.0012 168 706 753 804
J0 0.0012 114 0 397 120
E2 0.0011 246 467 439 653
E2 0.0011 123 465 317 636
G3 0.0011 444 481 502 620
E2 0.0011 650 463 721 639
B2 0.0011 359 294 438 332
B2 0.0011 560 475 607 637
E2 0.0011 -57 173 781 475
R0 0.0011 -5 -2 351 123
D2 0.0010 146 481 202 622
D1 0.0010 447 0 613 82
R0 0.0010 526 -3 793 203
B2 0.0010 547 342 623 404
E2 0.0010 71 179 867 652
C3 0.0010 124 -1 462 75
R0 0.0010 447 0 584 85
R0 0.0010 12 582 810 798
J0 0.0010 -8 -4 350 127
G3 0.0010 552 484 604 623
