E2 0.6208 158 541 568 696
E2 0.4265 59 -21 620 614
E2 0.3191 557 377 696 693
E2 0.1955 3 547 108 694
E2 0.1854 95 112 592 551
R0 0.1191 3 7 198 195
B2 0.0677 396 11 692 240
E2 0.0329 96 -1 617 433
D2 0.0307 0 6 699 683
C2 0.0268 7 103 107 193
L0 0.0262 4 -2 699 689
L0 0.0249 122 16 634 528
G3 0.0223 389 14 697 235
C2 0.0178 2 563 101 694
D2 0.0163 89 13 632 558
E2 0.0159 101 532 708 701
C3 0.0077 8 103 105 196
L0 0.0075 3 6 200 193
H3 0.0057 3 10 706 701
B0 0.0045 112 548 679 697
C2 0.0040 58 15 189 129
E2 0.0039 -12 278 430 692
I0 0.0038 127 548 672 696
B0 0.0037 95 16 685 595
L0 0.0033 376 6 686 248
E2 0.0027 122 26 495 529
R0 0.0021 29 5 198 143
E2 0.0018 3 435 110 704
A3 0.0018 19 434 439 685
O0 0.0016 555 381 701 682
E2 0.0014 0 0 239 619
B0 0.0013 564 384 701 681
C2 0.0013 0 71 15 500
E2 0.0013 601 416 694 694
N0 0.0013 558 387 702 687
E2 0.0013 6 370 148 509
B2 0.0012 136 636 195 693
C2 0.0011 0 234 11 645
B2 0.0011 126 34 189 111
E2 0.0011 5 348 324 688
C2 0.0010 689 370 701 764
