E2 0.9619 93 218 465 495
E2 0.9582 0 411 358 676
E2 0.9319 347 357 703 629
E2 0.5306 -1 531 272 699
E2 0.5109 198 475 707 699
E2 0.1113 0 585 298 701
E2 0.0932 419 196 703 489
E2 0.0165 2 652 217 700
E2 0.0164 0 513 14 629
C0 0.0157 383 0 553 18
E2 0.0140 8 620 272 700
C3 0.0121 232 0 535 236
C0 0.0089 362 0 533 14
F0 0.0049 231 0 535 234
E0 0.0043 611 5 700 275
E2 0.0040 0 496 18 656
K0 0.0039 0 3 271 299
E2 0.0036 0 659 130 701
F3 0.0034 567 594 699 700
E2 0.0030 0 632 108 701
K0 0.0026 0 1 122 298
E2 0.0024 0 518 23 669
E2 0.0023 14 645 325 698
C0 0.0022 549 158 678 264
E2 0.0017 0 496 10 680
E2 0.0017 0 592 107 700
C3 0.0017 612 6 699 275
C2 0.0017 345 0 569 17
E2 0.0016 476 582 700 699
H3 0.0015 230 -2 545 242
E2 0.0015 679 213 700 339
E2 0.0014 688 199 699 363
E2 0.0014 556 543 700 701
C0 0.0014 351 0 609 19
C0 0.0014 345 0 643 44
E2 0.0013 314 562 703 702
E2 0.0012 595 588 700 695
E2 0.0012 647 666 700 699
E2 0.0012 -2 664 41 699
E2 0.0010 5 552 420 699
E2 0.0010 -1 675 42 699
