E2 0.7319 360 -2 667 233
E2 0.6641 14 456 349 702
E2 0.6314 338 243 672 601
E2 0.6253 342 603 675 699
E2 0.5832 656 50 700 282
E2 0.5272 56 0 380 313
E2 0.5016 -1 188 240 505
C2 0.0874 660 58 700 219
E2 0.0713 -31 33 388 522
D2 0.0280 2 -1 695 688
E2 0.0166 661 60 699 221
E2 0.0166 76 0 353 205
E2 0.0159 47 -45 649 718
E2 0.0136 -69 -54 473 619
E2 0.0074 37 -35 673 320
E2 0.0074 -3 62 377 382
H3 0.0062 5 -11 701 701
E2 0.0053 -30 131 319 502
B2 0.0035 669 116 699 217
C3 0.0031 688 576 699 710
Q0 0.0028 62 2 373 302
E2 0.0028 627 41 702 287
L0 0.0028 1 -2 380 522
E2 0.0027 -23 -108 715 420
B0 0.0024 45 1 698 691
N0 0.0022 654 45 698 277
M0 0.0021 374 604 637 700
D2 0.0021 7 -3 377 525
E2 0.0021 654 15 698 223
M0 0.0020 652 46 698 279
Q0 0.0018 0 15 140 205
B2 0.0017 669 136 699 241
D2 0.0016 57 -7 374 302
E2 0.0016 145 -38 517 311
F2 0.0016 688 581 700 702
Q0 0.0016 6 460 346 698
E3 0.0015 354 602 662 699
E2 0.0015 118 -13 626 241
E2 0.0013 85 503 349 702
E2 0.0013 402 658 654 698
Q0 0.0013 -1 196 236 520
Q0 0.0011 337 255 688 616
E2 0.0011 287 -22 590 258
Q0 0.0011 367 4 653 227
D2 0.0011 14 -7 684 446
E2 0.0010 18 -65 816 603
E2 0.0010 29 458 320 622
C3 0.0010 654 121 700 277
B0 0.0010 6 -1 697 466
L0 0.0010 15 -1 689 351
E2 0.0010 378 0 650 49
D2 0.0010 12 456 366 694
