E2 0.4431 137 100 671 503
E2 0.4200 -10 176 760 779
E2 0.3434 66 94 776 568
E2 0.2835 -21 359 835 774
H0 0.1860 5 31 131 179
C2 0.1841 7 32 131 180
L0 0.0861 7 30 130 181
E2 0.0750 98 200 667 702
L0 0.0721 26 109 792 755
E2 0.0463 133 262 637 526
E2 0.0432 -85 68 896 866
D2 0.0230 12 96 790 784
E2 0.0229 4 31 130 180
C3 0.0225 5 36 131 179
E2 0.0221 71 210 744 511
E2 0.0216 10 383 655 727
L0 0.0207 27 344 788 719
L0 0.0154 110 93 778 496
D2 0.0093 20 392 794 742
E2 0.0079 125 422 783 809
C2 0.0066 205 664 265 744
C2 0.0052 0 532 57 593
D2 0.0039 99 95 795 507
C2 0.0039 573 601 676 707
C2 0.0035 14 35 120 141
C2 0.0035 207 681 275 755
C2 0.0030 8 87 117 176
C2 0.0030 767 433 799 660
L0 0.0029 -10 608 803 797
E2 0.0026 96 102 771 405
Q0 0.0025 2 0 794 324
E2 0.0025 90 341 804 684
C2 0.0021 417 632 512 729
C2 0.0021 768 383 800 720
E2 0.0021 -2 208 848 586
F2 0.0019 310 -1 831 145
B2 0.0019 206 677 282 763
C2 0.0019 208 665 295 762
C2 0.0019 205 652 269 727
R0 0.0018 1 619 809 799
R0 0.0017 7 40 130 200
H3 0.0016 -2 636 811 803
Q0 0.0016 12 0 531 306
D2 0.0015 -1 596 802 801
Q0 0.0015 2 614 803 801
I0 0.0015 6 652 808 801
C2 0.0015 23 34 117 111
C2 0.0014 769 302 801 809
D2 0.0014 -2 7 831 559
H0 0.0014 -5 30 184 180
B2 0.0014 26 109 102 178
B2 0.0014 578 751 632 801
D2 0.0014 10 1 782 291
G0 0.0013 423 716 793 804
C3 0.0012 762 439 800 664
C2 0.0012 7 56 90 169
C2 0.0011 205 647 306 745
B0 0.0010 109 85 784 517
E3 0.0010 455 651 793 803
E2 0.0010 345 -3 826 170
L0 0.0010 -7 609 503 797
F3 0.0010 7 682 764 795
C2 0.0010 10 70 83 140
B2 0.0010 36 123 93 181
