J0 0.1796 1 0 137 113
J0 0.0293 0 0 177 169
J0 0.0078 0 177 40 210
E2 0.0075 0 176 51 210
D3 0.0073 0 179 40 209
C0 0.0068 126 52 145 87
B2 0.0058 116 89 176 136
G3 0.0053 136 55 173 87
C0 0.0050 29 65 62 110
J0 0.0038 0 90 82 201
D0 0.0032 137 55 172 86
H3 0.0032 6 -6 156 120
H3 0.0025 -1 90 84 201
B2 0.0025 171 3 210 153
E2 0.0024 0 162 34 209
C0 0.0023 123 55 143 94
B2 0.0021 78 106 131 144
G3 0.0019 172 64 210 160
B2 0.0018 135 6 210 170
H3 0.0015 0 176 89 210
C0 0.0014 117 53 147 105
H3 0.0012 0 20 56 108
H3 0.0011 3 0 93 30
B2 0.0011 154 26 210 173
C0 0.0011 163 0 210 62
H3 0.0010 0 171 54 210
E2 0.0010 0 99 74 199
