E2 0.9734 334 239 679 598
E2 0.9714 61 -1 377 299
E2 0.9617 -1 186 236 535
E2 0.9137 4 458 352 699
E2 0.8729 356 0 668 228
E2 0.8703 328 602 680 700
E2 0.5172 655 29 699 331
E2 0.2210 329 288 700 700
E2 0.1439 650 16 701 480
E2 0.0284 685 557 700 700
E2 0.0258 0 454 15 698
E2 0.0185 617 19 702 552
E2 0.0180 657 18 700 158
E2 0.0169 0 483 24 702
E2 0.0152 641 1 698 123
E2 0.0150 689 520 700 724
E2 0.0134 683 535 699 727
E2 0.0083 692 476 700 743
E2 0.0080 685 480 700 704
E2 0.0075 610 0 698 105
E2 0.0071 507 30 697 548
E2 0.0070 690 582 699 713
E2 0.0068 0 492 46 698
E2 0.0056 661 56 698 521
E2 0.0036 561 0 699 102
E2 0.0036 655 109 699 301
E2 0.0030 0 408 21 714
E2 0.0027 683 13 700 132
E2 0.0025 634 0 702 15
E2 0.0025 575 31 696 621
E2 0.0025 675 80 699 564
E2 0.0025 667 18 700 132
E2 0.0024 680 281 700 562
E2 0.0021 0 400 11 652
E2 0.0020 2 488 85 696
E2 0.0019 677 614 701 696
E2 0.0018 658 32 700 224
E2 0.0015 675 137 700 415
E2 0.0014 692 609 699 710
E2 0.0013 0 327 24 737
E2 0.0013 648 680 700 699
E2 0.0013 656 572 699 699
E2 0.0011 694 248 699 592
E2 0.0011 360 0 547 11
E2 0.0011 513 0 699 82
E2 0.0010 643 -1 700 21
E2 0.0010 1 0 225 227
E2 0.0010 625 4 685 153
E2 0.0010 0 626 37 699
