E2 0.3908 65 91 342 319
E2 0.0394 14 119 371 343
L0 0.0299 41 50 349 352
Q0 0.0160 220 309 398 398
E2 0.0119 83 50 343 272
D2 0.0106 41 47 354 351
Q0 0.0063 42 -3 381 84
F2 0.0055 155 50 348 236
E2 0.0048 46 122 280 344
E2 0.0045 148 64 352 295
Q0 0.0041 101 3 305 84
F2 0.0040 40 98 313 341
Q0 0.0032 171 290 407 401
R0 0.0024 23 325 402 403
F2 0.0024 157 51 322 187
F2 0.0015 48 106 238 325
E2 0.0014 80 165 342 338
E3 0.0013 42 323 298 403
Q0 0.0012 35 332 347 400
E0 0.0010 29 41 369 357
