E2 0.2409 69 154 562 430
E2 0.0264 131 312 595 643
D2 0.0257 54 149 623 436
C3 0.0250 89 384 558 640
D1 0.0190 44 288 436 634
A3 0.0137 85 383 604 637
B0 0.0125 46 247 634 643
I0 0.0113 88 151 559 440
H3 0.0090 47 256 592 641
E2 0.0078 12 382 559 638
O0 0.0066 50 249 599 642
H3 0.0058 16 72 612 636
I3 0.0054 131 299 606 648
I3 0.0050 46 365 514 637
B0 0.0045 88 157 555 442
B2 0.0025 323 540 381 562
B0 0.0023 55 124 616 499
A3 0.0022 15 327 655 660
C2 0.0020 323 540 381 563
E2 0.0015 5 283 697 668
D1 0.0013 161 276 609 661
E2 0.0011 34 185 607 491
G0 0.0010 46 250 561 646
E2 0.0010 71 85 443 282
