E2 0.4408 135 680 878 1392
C2 0.0386 136 333 243 449
E3 0.0148 133 703 881 1423
E2 0.0134 51 269 919 1176
C2 0.0111 842 207 942 305
C2 0.0078 591 1318 818 1416
R0 0.0075 -5 952 1086 1440
L0 0.0075 90 174 1022 1417
E2 0.0056 80 505 912 1040
E2 0.0051 136 653 865 1156
B2 0.0049 144 727 875 1423
L0 0.0037 141 677 892 1416
B2 0.0036 197 402 337 480
C2 0.0036 415 995 560 1341
D2 0.0036 89 153 1035 1431
C3 0.0032 582 1304 843 1425
B2 0.0031 644 623 747 706
E3 0.0030 97 194 1000 1426
Q0 0.0026 -5 953 1071 1434
C2 0.0024 841 204 942 400
Q0 0.0023 123 721 864 1432
N0 0.0020 417 987 559 1351
A0 0.0020 138 687 892 1413
C2 0.0019 135 331 253 532
D2 0.0018 214 394 350 486
E3 0.0017 28 915 987 1424
B2 0.0015 228 929 855 1424
C3 0.0015 637 973 852 1358
E3 0.0013 663 992 1075 1415
C2 0.0013 110 531 279 689
B2 0.0012 636 621 771 720
E2 0.0011 161 640 826 1002
C2 0.0011 668 1000 846 1341
C3 0.0011 183 934 868 1431
B2 0.0010 186 412 316 496
G0 0.0010 0 955 1078 1434
G3 0.0010 425 1007 557 1340
