E2 0.9208 71 149 627 569
E2 0.9017 641 89 800 220
E2 0.8857 329 349 578 670
E2 0.1046 81 169 360 576
E2 0.0834 0 -1 283 261
E2 0.0626 0 -2 332 410
E2 0.0413 1 497 767 799
E2 0.0327 0 0 134 92
E2 0.0298 0 -7 126 266
E2 0.0185 4 509 499 800
E2 0.0092 -2 -17 139 366
E2 0.0053 0 157 324 567
E2 0.0048 524 3 800 685
E2 0.0045 0 0 137 153
E2 0.0036 -6 -1 388 294
D2 0.0028 0 -1 313 295
E2 0.0025 636 248 798 738
E2 0.0022 0 127 183 743
E2 0.0020 697 283 801 708
E2 0.0016 1 0 176 63
E2 0.0015 0 -20 208 377
E2 0.0014 0 0 96 50
E2 0.0011 34 0 389 28
E2 0.0010 -2 162 269 761
E2 0.0010 27 -1 398 57
