E2 0.4529 34 21 884 531
E2 0.4204 503 0 751 109
D2 0.1387 581 74 640 134
E2 0.1298 68 132 813 570
C2 0.1168 756 92 820 158
E2 0.1025 529 190 896 491
C2 0.0968 733 43 799 99
E2 0.0943 -226 -24 1226 583
E2 0.0849 3 102 1130 543
D2 0.0845 756 92 820 159
C2 0.0659 806 83 898 173
L0 0.0572 95 0 898 587
D2 0.0500 733 43 799 102
A2 0.0382 594 21 899 219
G3 0.0375 738 0 846 29
D2 0.0365 852 84 899 174
E2 0.0296 593 24 902 221
E2 0.0274 36 240 929 596
E2 0.0272 187 153 1000 511
D2 0.0265 635 33 701 76
C2 0.0239 626 57 763 176
C2 0.0229 765 80 886 168
A2 0.0226 704 43 898 209
E2 0.0225 -90 129 1025 654
E2 0.0221 83 42 667 504
C2 0.0179 793 85 875 170
D2 0.0162 65 -7 906 594
E2 0.0160 596 152 882 218
D2 0.0138 624 31 700 92
D2 0.0121 823 91 895 181
E2 0.0117 490 -2 824 125
D2 0.0114 842 160 900 210
C2 0.0111 504 1 740 82
E2 0.0103 700 44 897 210
E2 0.0090 704 19 894 90
C2 0.0088 580 73 639 133
C2 0.0087 807 99 865 171
C2 0.0086 503 40 604 107
A2 0.0081 727 63 897 184
B2 0.0080 503 41 609 107
E0 0.0074 66 -8 901 598
D2 0.0072 870 78 899 188
B2 0.0067 841 160 899 210
E2 0.0059 720 68 896 177
H3 0.0054 4 -77 923 600
E2 0.0054 731 0 901 30
D2 0.0052 837 89 899 210
Q0 0.0052 16 -35 911 601
G3 0.0051 729 0 891 30
E2 0.0051 -41 -77 1040 490
E2 0.0050 554 17 886 148
C2 0.0049 650 60 757 146
E2 0.0049 431 153 923 501
R0 0.0048 -1 246 761 596
J0 0.0048 3 440 305 599
E2 0.0048 560 11 766 147
R0 0.0047 1 437 311 598
B2 0.0047 741 0 880 27
E2 0.0044 159 -24 909 331
C2 0.0042 606 32 700 94
C2 0.0039 624 82 730 172
D1 0.0038 63 306 627 604
B2 0.0036 844 0 901 23
D2 0.0035 658 65 759 171
R0 0.0035 68 292 627 601
C2 0.0034 796 78 854 112
B2 0.0033 811 0 865 24
B2 0.0033 807 0 890 24
C2 0.0033 583 47 671 134
G0 0.0032 0 253 758 597
C2 0.0032 812 95 891 201
G0 0.0030 -4 441 318 586
E2 0.0026 721 3 896 66
J0 0.0022 57 317 682 604
F2 0.0021 73 234 753 559
G3 0.0021 811 0 868 24
B2 0.0020 853 76 899 162
C2 0.0020 425 208 544 275
C3 0.0019 235 157 318 222
C2 0.0019 607 40 698 123
C2 0.0019 602 44 675 95
E2 0.0017 470 -13 764 172
B2 0.0017 804 229 899 283
D2 0.0017 667 99 756 169
B2 0.0017 601 31 708 90
E2 0.0015 48 272 680 608
Q0 0.0015 -16 268 881 595
B2 0.0015 668 63 757 151
G0 0.0015 -33 388 377 747
D2 0.0014 796 78 855 113
E2 0.0014 664 109 897 215
E2 0.0013 666 85 697 116
C2 0.0013 632 102 757 176
B2 0.0012 705 153 857 208
D2 0.0012 581 59 660 134
B2 0.0012 603 43 675 92
C2 0.0012 737 44 802 130
B2 0.0011 875 57 899 171
C2 0.0011 810 111 853 170
Q0 0.0011 496 3 901 114
C3 0.0011 427 209 544 275
C2 0.0011 755 102 804 157
G3 0.0010 701 22 902 69
B2 0.0010 695 67 758 161
G3 0.0010 707 24 902 201
E2 0.0010 45 -2 762 393
E2 0.0010 206 300 921 608
