E2 0.6792 70 85 340 313
E2 0.3101 268 50 400 223
C3 0.1993 0 190 77 365
D0 0.0888 0 190 77 365
C2 0.0824 0 99 39 165
D2 0.0571 384 339 400 384
E2 0.0340 0 147 77 345
C3 0.0296 0 102 40 164
E2 0.0285 0 94 68 222
E2 0.0257 0 144 60 213
A3 0.0225 0 187 78 369
L0 0.0217 60 87 392 298
R0 0.0195 0 187 77 369
C2 0.0184 12 10 52 53
C2 0.0176 384 338 399 384
B2 0.0168 0 94 40 166
F2 0.0151 0 182 78 371
K0 0.0148 0 182 77 371
B2 0.0130 0 92 68 217
B3 0.0130 272 62 398 224
B2 0.0090 12 10 51 54
D2 0.0086 59 86 390 300
D2 0.0086 387 332 399 403
E2 0.0078 44 133 391 308
D2 0.0075 11 10 51 54
E2 0.0070 0 137 78 219
E3 0.0066 -1 98 79 365
C2 0.0066 0 149 60 211
D2 0.0060 2 102 39 166
I3 0.0058 -7 -1 195 92
C3 0.0057 310 162 396 254
P0 0.0055 0 151 77 353
D2 0.0054 0 101 79 365
E2 0.0051 0 94 39 168
L0 0.0044 13 61 399 391
M0 0.0041 0 155 79 363
Q0 0.0037 0 286 175 393
Q0 0.0036 0 163 79 364
C3 0.0035 1 191 46 369
E2 0.0035 277 52 398 116
Q0 0.0034 49 84 392 305
D2 0.0034 5 53 399 394
D1 0.0034 -1 -1 185 83
E3 0.0031 268 50 400 225
H3 0.0030 0 48 400 396
E2 0.0030 1 145 72 287
B2 0.0028 102 18 129 44
R0 0.0027 1 253 397 400
E2 0.0027 311 162 396 253
I0 0.0024 17 2 195 95
E2 0.0023 75 91 334 235
M0 0.0023 269 47 401 223
E3 0.0019 179 294 399 408
B0 0.0019 41 76 401 361
E3 0.0018 123 331 396 400
I3 0.0017 9 8 55 56
D2 0.0017 0 243 400 401
L0 0.0015 -1 95 90 214
Q0 0.0013 274 55 400 219
D2 0.0012 4 192 402 332
R0 0.0012 8 328 399 400
C3 0.0012 360 183 399 223
E2 0.0012 8 10 53 56
Q0 0.0012 194 0 376 39
E2 0.0012 157 239 391 317
E2 0.0012 0 54 40 169
G0 0.0011 -8 327 170 399
B2 0.0011 385 291 399 405
C2 0.0011 56 174 90 222
D2 0.0011 270 48 401 221
B0 0.0011 270 51 401 226
