D2 0.6398 360 160 438 241
E2 0.4271 59 390 682 930
I3 0.4263 -4 9 114 255
D2 0.3886 247 126 325 211
D2 0.2497 239 4 314 79
I3 0.2392 167 8 326 161
C2 0.2132 247 126 325 211
E2 0.0930 356 157 439 245
C2 0.0701 360 160 436 240
C2 0.0646 129 350 234 454
C2 0.0642 165 8 324 156
L0 0.0596 167 7 324 162
C2 0.0594 237 5 313 78
B2 0.0585 0 133 178 333
C2 0.0521 197 442 330 570
C2 0.0517 434 649 533 725
E2 0.0467 165 6 326 161
N0 0.0389 -5 24 114 244
H3 0.0386 165 6 326 161
C2 0.0371 325 529 389 583
E2 0.0366 198 410 414 574
D2 0.0326 131 351 233 455
F2 0.0325 -1 132 179 335
D2 0.0298 193 6 311 84
D2 0.0275 238 370 305 445
B0 0.0232 -1 131 179 335
C3 0.0227 135 491 211 583
O0 0.0211 -2 3 114 260
C3 0.0202 159 22 331 160
E2 0.0189 263 132 446 246
B2 0.0157 130 352 234 456
C2 0.0145 182 29 309 120
D2 0.0145 193 34 263 83
C2 0.0140 190 37 256 83
B2 0.0121 238 370 304 444
E2 0.0117 0 126 177 334
B2 0.0112 434 649 533 725
C2 0.0102 183 30 289 96
L0 0.0095 28 393 695 918
D2 0.0094 434 649 531 725
C2 0.0086 -2 29 110 239
N0 0.0086 2 126 182 327
E2 0.0077 172 2 315 95
R0 0.0073 59 167 441 531
B2 0.0068 351 562 435 639
C2 0.0065 211 445 317 526
E2 0.0059 66 180 433 536
D2 0.0058 0 -9 707 983
E2 0.0040 190 401 439 665
G3 0.0040 -1 24 110 248
B2 0.0039 220 443 317 509
C2 0.0039 321 531 432 638
C2 0.0036 172 17 287 137
E2 0.0035 68 329 243 533
B2 0.0034 330 545 434 637
C2 0.0034 388 494 502 613
D2 0.0029 25 365 707 928
H3 0.0029 8 2 716 970
C2 0.0028 323 433 408 593
C2 0.0027 236 424 366 511
E2 0.0026 111 483 256 693
L0 0.0026 13 64 706 947
E2 0.0026 328 118 452 253
E3 0.0025 6 -7 708 984
C2 0.0025 514 909 715 985
C2 0.0024 336 437 409 538
E2 0.0024 72 286 347 533
B2 0.0023 415 549 506 613
E2 0.0023 44 376 463 768
E2 0.0022 20 396 509 875
E2 0.0021 211 388 687 851
E2 0.0021 220 116 348 233
B2 0.0020 396 497 507 613
E3 0.0020 35 402 703 925
C2 0.0018 98 520 252 679
O0 0.0017 157 10 308 147
C3 0.0016 -3 210 132 334
C2 0.0016 170 7 314 83
Q0 0.0016 -4 811 700 987
B2 0.0015 307 560 374 688
E2 0.0015 183 963 515 988
E2 0.0014 318 82 496 277
C3 0.0014 508 896 708 987
E2 0.0014 319 132 544 262
B2 0.0013 137 477 207 576
R0 0.0013 -3 808 711 988
C2 0.0013 198 450 286 566
E0 0.0012 10 376 716 966
C3 0.0012 426 557 509 616
B2 0.0012 318 556 365 703
E2 0.0012 181 18 339 247
E2 0.0012 150 349 395 588
E3 0.0012 -6 6 716 555
C2 0.0011 321 528 395 642
E2 0.0011 190 103 385 287
C2 0.0011 312 547 422 652
H3 0.0011 13 379 713 962
C2 0.0010 237 419 402 554
C2 0.0010 391 495 486 575
C3 0.0010 -9 117 183 326
E2 0.0010 243 120 473 275
