E2 0.4886 -46 75 452 372
E2 0.3079 -34 125 351 370
E2 0.2373 -11 78 385 307
E2 0.0949 277 85 386 384
E2 0.0754 0 113 267 358
C3 0.0494 221 0 407 142
D2 0.0494 3 83 387 369
B0 0.0443 208 0 408 142
D2 0.0411 212 0 413 150
I3 0.0373 217 0 408 141
F0 0.0369 220 0 410 152
O0 0.0356 173 0 406 150
C3 0.0340 9 -1 174 63
E0 0.0323 2 80 391 382
L0 0.0315 4 79 389 370
P0 0.0263 220 -1 405 140
B2 0.0225 -1 355 172 420
H3 0.0221 3 50 413 414
D2 0.0202 216 0 248 13
C2 0.0191 216 0 247 13
E2 0.0183 40 85 342 174
F2 0.0164 28 83 383 167
E2 0.0157 77 107 430 377
E2 0.0142 21 85 357 214
G3 0.0135 1 79 393 179
Q0 0.0101 0 58 407 370
C3 0.0095 0 357 173 421
F2 0.0089 -1 353 173 421
E0 0.0089 10 0 168 61
C3 0.0084 0 -5 212 92
E3 0.0081 175 3 407 152
E2 0.0080 4 194 270 366
Q0 0.0079 0 0 166 60
B2 0.0077 179 0 213 9
D2 0.0073 0 355 173 420
B2 0.0067 18 84 393 176
E2 0.0062 154 77 407 388
Q0 0.0057 1 0 241 117
C2 0.0048 179 0 213 10
Q0 0.0048 0 0 192 96
E2 0.0045 377 246 420 328
D1 0.0035 -1 353 177 421
E2 0.0031 -33 82 335 253
B1 0.0029 1 358 175 420
B0 0.0028 0 355 418 422
E2 0.0027 -3 89 282 290
H3 0.0026 3 243 420 421
C3 0.0026 281 32 344 94
K0 0.0026 -1 349 175 419
C0 0.0026 -1 353 184 419
O0 0.0025 163 0 420 235
E2 0.0025 375 170 420 355
A2 0.0024 183 -2 409 129
E2 0.0024 283 172 385 364
Q0 0.0023 -2 6 411 195
H3 0.0023 0 0 167 60
Q0 0.0023 -1 356 170 418
O0 0.0022 -2 0 166 60
M0 0.0020 156 -2 421 246
H3 0.0019 0 311 422 419
C2 0.0018 378 248 419 326
M0 0.0018 167 -1 417 158
C2 0.0017 267 31 343 91
E2 0.0017 375 246 420 378
M0 0.0016 372 2 422 265
C2 0.0015 295 0 356 35
C2 0.0015 0 15 22 88
C3 0.0015 0 45 22 89
C3 0.0014 0 17 23 92
Q0 0.0014 128 -5 421 252
Q0 0.0014 0 0 421 132
Q0 0.0014 371 3 422 261
F0 0.0014 19 0 417 395
B0 0.0014 41 2 422 336
A2 0.0013 9 0 163 58
K0 0.0013 3 308 177 421
N0 0.0012 372 3 422 262
B2 0.0012 214 0 261 14
F2 0.0012 -10 58 247 112
E2 0.0011 140 150 332 371
F2 0.0011 6 299 183 422
E2 0.0011 356 247 420 390
H3 0.0011 0 15 23 87
B2 0.0010 139 -2 431 124
Q0 0.0010 149 2 400 154
H3 0.0010 154 0 424 271
