D2 0.4001 189 63 284 123
E2 0.3671 150 118 294 268
E2 0.3442 15 70 236 285
A2 0.3041 183 0 312 87
E2 0.1825 47 78 310 274
C2 0.1193 190 63 283 122
R0 0.0772 14 14 111 57
D2 0.0615 20 61 292 283
C3 0.0591 190 63 283 122
C3 0.0477 16 19 42 43
E2 0.0476 19 35 349 311
D2 0.0468 164 121 292 263
D1 0.0461 13 14 111 56
C2 0.0375 294 100 310 136
E2 0.0329 85 112 292 270
C3 0.0312 157 116 288 266
C2 0.0220 6 38 45 79
Q0 0.0188 4 55 309 308
C0 0.0171 15 15 109 56
C2 0.0168 237 15 266 43
C3 0.0155 0 69 64 177
C2 0.0138 47 16 75 45
C2 0.0114 188 69 264 116
D2 0.0107 78 16 103 48
B2 0.0085 78 16 103 48
E0 0.0080 0 11 64 167
C2 0.0079 16 19 42 43
C3 0.0076 78 15 103 48
C2 0.0075 78 16 103 48
C3 0.0074 46 17 75 45
E0 0.0069 0 73 62 159
C3 0.0069 256 132 310 200
G3 0.0051 204 67 282 118
Q0 0.0050 20 59 215 284
D2 0.0045 1 -1 309 303
E2 0.0040 24 76 174 276
G0 0.0040 3 1 134 184
R0 0.0038 1 0 192 186
E2 0.0034 58 47 304 225
C0 0.0033 15 1 115 69
Q0 0.0032 1 182 309 310
B1 0.0032 0 74 62 157
Q0 0.0031 152 123 291 265
E3 0.0030 185 2 308 94
C2 0.0029 202 3 239 42
B2 0.0027 47 16 74 44
G3 0.0026 258 132 310 205
D2 0.0026 209 15 237 42
H3 0.0025 0 25 64 163
E3 0.0023 179 0 309 135
Q0 0.0022 -1 173 60 309
Q0 0.0022 0 1 111 183
C2 0.0021 16 35 42 43
C2 0.0021 216 65 280 115
Q0 0.0020 180 0 307 88
A2 0.0020 247 2 308 73
R0 0.0019 0 173 56 304
C2 0.0019 294 62 309 100
R0 0.0019 9 -5 121 65
C3 0.0019 16 30 42 43
Q0 0.0018 0 173 146 307
G3 0.0018 191 109 310 200
D2 0.0018 183 0 288 69
E2 0.0017 293 99 309 145
D1 0.0016 -7 9 111 67
C2 0.0016 297 56 309 108
R0 0.0016 0 -2 111 183
R0 0.0015 6 211 312 308
H3 0.0015 256 132 310 198
B0 0.0015 0 2 194 184
D2 0.0015 237 14 270 43
F2 0.0015 257 132 309 198
K0 0.0015 256 132 309 200
I3 0.0015 94 -6 191 88
R0 0.0015 100 177 311 311
R0 0.0014 0 0 108 52
H3 0.0014 0 0 193 186
C2 0.0014 246 28 278 67
G3 0.0013 235 130 310 198
C3 0.0013 256 131 310 242
Q0 0.0013 2 0 227 305
B3 0.0013 6 36 45 82
E0 0.0012 0 10 28 166
O0 0.0012 0 13 65 167
C2 0.0012 0 18 13 112
H3 0.0011 0 173 52 303
E2 0.0011 175 120 288 237
C2 0.0011 273 40 306 70
R0 0.0011 18 12 104 44
R0 0.0010 0 0 99 20
G0 0.0010 6 266 140 308
A2 0.0010 190 3 270 75
E0 0.0010 0 8 20 128
