D2 0.4032 49 15 221 171
C2 0.3414 153 108 370 258
D2 0.3031 153 110 375 261
C2 0.1230 47 14 221 172
D2 0.0899 0 54 19 118
E2 0.0824 47 13 222 173
F0 0.0584 154 110 376 261
E2 0.0421 155 108 377 251
D2 0.0333 0 40 19 164
C3 0.0330 150 106 378 262
B1 0.0074 1 -50 63 78
C0 0.0071 -1 -70 57 92
B1 0.0044 4 -24 99 67
D2 0.0044 0 3 21 140
D2 0.0026 0 30 20 126
C3 0.0025 40 14 225 174
L0 0.0022 0 20 18 224
C0 0.0022 1 -74 37 83
C0 0.0022 303 12 398 148
F0 0.0018 0 88 111 223
C2 0.0017 207 1 268 51
C0 0.0016 0 181 116 233
G3 0.0015 0 44 20 210
B3 0.0014 6 0 151 63
I3 0.0011 -1 80 112 225
B1 0.0010 3 -3 143 66
C0 0.0010 0 109 106 221
