E2 0.3989 62 132 806 653
E2 0.2235 67 39 862 541
E2 0.1215 247 288 357 380
C2 0.0860 343 15 433 70
D2 0.0697 342 14 435 71
D2 0.0695 346 71 410 132
E2 0.0676 266 165 402 292
C2 0.0516 412 3 494 57
C2 0.0461 404 75 543 198
E2 0.0449 292 3 748 131
C2 0.0379 243 129 333 199
B2 0.0358 345 71 410 131
F2 0.0339 292 2 783 156
C2 0.0333 162 114 247 156
L0 0.0332 85 -14 854 646
B2 0.0322 342 14 435 70
B2 0.0302 161 113 247 157
B2 0.0296 423 255 484 314
D2 0.0264 414 4 493 56
B2 0.0252 231 56 318 96
E2 0.0245 336 3 495 72
E2 0.0239 87 310 777 646
C2 0.0232 328 327 434 412
E2 0.0214 146 58 660 482
C2 0.0209 153 197 325 299
E2 0.0207 131 71 458 452
D2 0.0202 162 114 246 156
C2 0.0201 363 198 449 290
C3 0.0201 513 152 578 202
E2 0.0200 141 152 648 605
B2 0.0199 413 3 493 53
E2 0.0190 289 79 411 185
B2 0.0189 293 53 360 86
E2 0.0186 373 269 447 314
C2 0.0186 323 273 434 408
C3 0.0185 497 152 578 218
E2 0.0184 112 206 701 458
B2 0.0174 266 243 352 289
B2 0.0173 361 197 448 286
E2 0.0171 127 212 375 392
B2 0.0164 485 8 564 69
B2 0.0162 296 104 360 142
B2 0.0161 388 294 448 360
C2 0.0157 231 56 317 96
E2 0.0155 267 128 458 308
B2 0.0152 303 179 359 239
E2 0.0151 312 98 860 586
E2 0.0137 205 12 697 404
C3 0.0136 405 75 541 200
B2 0.0134 344 154 424 233
E2 0.0133 202 223 586 460
C2 0.0129 185 264 288 329
C3 0.0125 304 181 359 240
D2 0.0121 424 255 484 314
B2 0.0119 456 292 522 355
C2 0.0118 486 8 564 70
D2 0.0109 295 53 360 85
E2 0.0108 186 200 837 542
B2 0.0106 204 88 279 119
C2 0.0105 268 247 349 289
C2 0.0103 344 142 433 230
B2 0.0099 247 302 339 377
D2 0.0097 485 9 564 69
B2 0.0096 293 52 361 108
B2 0.0095 409 76 539 202
E2 0.0094 249 38 918 688
B2 0.0094 516 63 584 151
E2 0.0093 214 250 337 350
E2 0.0090 297 104 360 146
E2 0.0089 222 252 444 388
C3 0.0089 521 366 648 436
E2 0.0089 238 95 317 132
B2 0.0083 345 179 415 231
E2 0.0082 158 233 309 353
D2 0.0081 71 -25 877 656
B2 0.0081 546 284 612 350
E2 0.0081 351 385 465 429
B2 0.0080 243 128 342 199
C3 0.0078 400 391 461 436
B2 0.0077 281 300 327 338
C2 0.0077 240 128 333 262
B2 0.0074 265 222 368 290
B2 0.0073 526 341 626 385
F2 0.0073 217 -4 872 179
B2 0.0073 524 320 623 384
E2 0.0072 238 43 648 311
C3 0.0072 281 30 360 62
B2 0.0071 497 238 586 322
B2 0.0071 324 270 431 342
E2 0.0071 182 -22 790 486
B2 0.0069 515 151 579 202
B2 0.0068 598 285 684 366
C2 0.0067 323 274 433 339
E2 0.0066 373 56 583 253
E2 0.0066 244 3 722 248
B2 0.0065 241 193 323 255
B2 0.0065 309 197 359 240
E2 0.0064 265 286 337 312
C2 0.0064 235 111 290 136
C2 0.0064 518 368 647 433
B2 0.0063 198 264 288 320
D2 0.0063 195 265 287 326
C3 0.0063 552 284 613 349
B2 0.0063 521 292 626 387
C2 0.0061 598 284 684 374
B2 0.0061 400 391 461 435
C2 0.0061 346 71 408 132
E2 0.0058 208 3 504 155
B2 0.0058 292 106 386 185
C2 0.0058 270 93 315 129
C2 0.0058 400 392 460 435
B2 0.0057 386 271 429 302
B2 0.0056 302 177 355 211
C2 0.0053 209 88 288 121
C2 0.0053 515 64 584 151
C2 0.0052 247 321 333 376
B2 0.0051 425 32 502 92
B2 0.0051 283 284 337 310
E2 0.0050 206 58 323 140
C2 0.0047 178 152 255 210
B2 0.0044 439 292 535 416
C2 0.0044 343 138 416 195
E2 0.0044 287 103 384 185
B2 0.0042 330 273 445 404
B2 0.0041 311 130 412 191
B2 0.0041 332 323 432 410
E2 0.0040 434 221 497 273
B2 0.0039 280 30 360 62
H3 0.0039 15 -143 982 660
C3 0.0038 552 341 625 383
B2 0.0037 498 258 569 320
B2 0.0037 176 151 255 211
B2 0.0037 527 236 587 323
B2 0.0037 201 197 321 275
E2 0.0037 223 109 299 137
B2 0.0037 340 137 416 196
E2 0.0037 198 19 399 146
C3 0.0035 493 180 557 220
E2 0.0034 249 95 485 293
C2 0.0034 208 88 318 133
E2 0.0033 266 88 430 255
B2 0.0033 428 315 487 406
B2 0.0033 547 236 587 288
E2 0.0032 483 145 584 228
D2 0.0032 268 91 316 128
C3 0.0032 528 234 585 323
G3 0.0032 437 313 490 407
E2 0.0031 317 29 777 446
E2 0.0031 269 3 478 108
E2 0.0031 209 87 395 292
B2 0.0030 492 184 553 221
C3 0.0030 533 286 624 385
B2 0.0030 449 371 521 430
B2 0.0030 403 384 516 439
C2 0.0030 145 198 298 273
B2 0.0029 492 258 531 319
E2 0.0029 289 50 360 85
B2 0.0028 394 418 462 503
E2 0.0028 310 99 398 165
B2 0.0027 464 263 570 376
E2 0.0027 102 177 439 505
C2 0.0027 350 149 470 237
B2 0.0026 304 177 405 239
E2 0.0026 258 39 359 96
B2 0.0026 300 136 420 233
E2 0.0025 407 124 583 236
E2 0.0025 208 89 384 194
B2 0.0025 447 344 525 427
B2 0.0025 276 256 343 290
C2 0.0024 317 180 434 272
C2 0.0024 179 265 253 330
B2 0.0024 236 108 358 195
C3 0.0023 387 271 429 303
E2 0.0022 124 108 363 389
B2 0.0022 320 290 357 342
C3 0.0021 281 301 326 338
B2 0.0021 375 294 447 413
B2 0.0021 601 404 703 453
B2 0.0020 315 134 363 185
B2 0.0020 452 364 490 404
E2 0.0020 152 62 339 209
E2 0.0020 212 39 354 121
B2 0.0020 151 148 213 193
F2 0.0019 294 3 841 233
B2 0.0019 267 90 316 128
B2 0.0019 214 272 288 366
B2 0.0019 478 211 590 319
B2 0.0019 601 227 668 286
B2 0.0019 326 283 389 341
B2 0.0018 734 270 811 324
C2 0.0018 320 289 356 342
E2 0.0018 342 225 829 514
D2 0.0018 183 197 323 301
C2 0.0018 233 108 346 194
E2 0.0017 462 119 623 278
C2 0.0017 208 272 288 358
E2 0.0017 217 207 875 674
B2 0.0017 415 306 448 358
C3 0.0017 526 236 615 347
B2 0.0016 491 151 576 229
E2 0.0016 161 34 416 295
E2 0.0016 313 4 731 86
B2 0.0016 529 279 572 320
B2 0.0015 414 289 521 375
B2 0.0015 761 171 830 246
B2 0.0015 345 183 393 232
B2 0.0014 529 238 615 354
B2 0.0014 276 224 369 268
B2 0.0014 407 4 569 63
B2 0.0014 526 343 569 384
E2 0.0014 143 124 262 220
B2 0.0013 429 35 546 100
E2 0.0013 108 165 368 452
C3 0.0013 760 170 830 246
C2 0.0013 760 170 830 245
B2 0.0012 490 181 555 240
E2 0.0012 453 39 863 694
C2 0.0012 157 140 253 209
C3 0.0012 335 329 434 417
E2 0.0012 274 -1 829 302
B2 0.0011 249 322 318 376
C2 0.0011 158 156 256 229
E2 0.0011 201 77 318 126
B2 0.0011 250 604 321 651
C2 0.0011 424 31 510 97
B2 0.0011 294 122 360 186
C3 0.0011 178 263 251 330
C2 0.0011 385 158 472 238
B2 0.0011 537 235 585 299
C2 0.0010 266 378 345 483
B2 0.0010 294 327 336 372
E2 0.0010 377 83 759 295
B2 0.0010 665 363 754 408
