E2 0.8911 0 252 532 750
E2 0.8869 190 -6 803 731
E2 0.8529 0 0 177 209
E2 0.5628 434 12 809 720
E2 0.5441 -3 269 264 745
E2 0.2850 -1 549 805 802
E2 0.0345 342 0 648 33
E2 0.0103 437 0 656 31
E2 0.0084 196 252 521 744
E2 0.0079 345 0 656 75
E2 0.0061 779 -3 800 232
E2 0.0055 395 -1 715 36
E2 0.0054 292 0 663 52
E2 0.0045 0 0 39 50
E2 0.0044 758 32 800 276
E2 0.0043 777 46 800 303
E2 0.0041 283 0 646 25
E2 0.0033 0 0 24 62
E2 0.0030 451 0 645 82
E2 0.0029 323 0 545 34
E2 0.0028 777 43 800 558
E2 0.0027 469 -1 652 41
E2 0.0026 753 42 800 594
E2 0.0023 773 33 799 220
E2 0.0022 199 -1 802 468
E2 0.0021 774 0 800 159
E2 0.0021 715 2 798 249
E2 0.0021 756 33 799 431
E2 0.0018 785 33 799 262
C0 0.0017 755 0 800 42
E2 0.0015 775 112 800 751
E2 0.0015 316 -1 548 22
E2 0.0015 546 734 799 797
E2 0.0014 755 0 800 194
E2 0.0013 402 0 707 24
E2 0.0012 164 -1 412 175
E2 0.0011 0 0 58 45
F0 0.0011 -1 0 177 209
E2 0.0010 0 407 16 701
E2 0.0010 597 746 801 799
