A0 0.5438 201 341 449 646
K0 0.2795 197 340 446 650
R0 0.2499 386 0 774 131
H3 0.0816 -2 806 236 1025
R0 0.0738 395 0 670 95
L0 0.0590 -7 -2 410 371
D0 0.0570 1 807 234 1022
C3 0.0423 204 341 446 641
J0 0.0318 0 807 234 1021
J0 0.0301 394 0 629 94
Q0 0.0255 388 0 768 125
Q0 0.0251 -2 3 388 401
Q0 0.0234 -6 786 813 1023
C0 0.0209 -1 809 234 1021
Q0 0.0189 -14 -20 800 1027
Q0 0.0176 343 765 884 1025
Q0 0.0175 177 831 856 1022
Q0 0.0141 -3 806 237 1019
J0 0.0120 390 0 768 131
R0 0.0117 -13 -7 791 1018
K0 0.0117 357 341 448 645
C3 0.0082 206 63 395 302
Q0 0.0073 504 687 858 1022
C3 0.0069 1 804 229 1025
C0 0.0052 -4 6 397 323
G3 0.0049 250 78 389 272
Q0 0.0045 212 3 773 232
Q0 0.0043 -9 547 804 1025
C3 0.0042 549 -1 618 31
C3 0.0039 0 57 120 400
Q0 0.0038 136 0 762 326
Q0 0.0033 79 694 852 1024
C0 0.0033 203 65 395 301
H3 0.0032 -1 49 113 394
Q0 0.0031 59 893 836 1017
C3 0.0030 0 21 402 342
Q0 0.0023 0 804 506 1020
Q0 0.0018 -6 2 744 398
L0 0.0017 163 -15 719 314
R0 0.0017 226 1 771 243
C0 0.0017 157 -5 502 306
C3 0.0016 366 0 636 94
Q0 0.0016 250 858 909 1003
R0 0.0016 4 2 411 398
E3 0.0015 -36 -13 885 1027
R0 0.0014 514 0 762 127
R0 0.0014 328 1 789 176
L0 0.0014 4 0 374 229
Q0 0.0013 148 -3 763 138
H3 0.0013 9 -21 401 302
R0 0.0013 176 -10 653 308
C2 0.0013 291 350 439 549
N0 0.0012 10 25 111 354
C2 0.0012 659 278 722 324
J0 0.0012 -2 0 276 70
Q0 0.0011 -4 -2 784 683
E0 0.0011 0 46 125 399
K0 0.0011 302 332 441 578
K0 0.0011 104 340 409 657
J0 0.0010 8 31 410 398
Q0 0.0010 -19 338 847 1016
R0 0.0010 3 0 281 67
