E3 0.3776 71 5 768 961
A3 0.1205 281 25 559 173
R0 0.0206 42 609 748 959
L0 0.0130 244 12 707 530
A3 0.0129 102 151 746 661
A3 0.0124 -23 217 818 909
A2 0.0097 4 160 778 965
E2 0.0097 282 26 560 179
A2 0.0078 255 12 707 517
E3 0.0071 256 26 676 439
C3 0.0055 -16 274 816 972
E3 0.0052 188 27 715 537
E3 0.0033 147 39 733 727
E3 0.0031 297 33 620 365
A3 0.0030 82 76 775 852
A3 0.0029 228 -10 711 569
A3 0.0026 69 270 654 934
A3 0.0022 279 24 581 251
C3 0.0021 83 489 665 967
A0 0.0020 73 290 606 932
D2 0.0018 481 49 556 161
A2 0.0018 274 22 654 392
E3 0.0017 -49 62 364 358
C3 0.0017 281 24 495 169
E2 0.0017 148 307 773 964
C2 0.0016 486 50 556 161
A0 0.0012 141 123 788 868
C2 0.0012 339 31 555 166
A2 0.0011 244 225 780 976
E3 0.0010 30 766 788 990
R0 0.0010 8 752 792 994
